20301712
20301738
20301514
20301726
27077056
20301731
18246416
18651112
19076177
19012952
19011951
19076182
18787759
18685884
18663557
18648868
18600292
18600290
19716103
19100964
19100963
19076988
19076244
18990363
18783414
18783410
18768169
18760768
18715551
18675390
18657798
18656852
18653171
18644585
23674905
18976309
18648869
18536957
19893763
19627854
19119032
19107515
18973521
18850288
19101739
19085019
19062253
19052029
19034538
19018874
18998173
18985394
18835671
18799333
18783423
18769946
18696174
19154534
18973539
18973520
18418724
19101614
19056406
19642775
19042111
19028135
18982401
18829122
18688632
18427873
18373155
23674903
19269906
19210551
19178595
19138525
19119051
19109086
19088059
19073952
19054703
18979113
18925418
18853203
18850117
18766388
18716800
18704524
18696128
18688676
18671893
18665398
18657153
18657152
18565164
18384399
18274888
19220531
19207737
19207735
19136319
19101716
19059013
19016928
19015893
18654826
18504640
18472172
18446430
19203607
23674900
19627816
19426182
19210611
19159670
19141052
19101026
19089472
19084518
19083083
19073953
19062088
19060250
19043738
19043736
19041127
19029402
19028672
19028107
19013571
18997073
18973532
18973523
18951812
18929437
18842117
18826755
18801482
18782331
18760953
18636082
18624943
18482366
20033617
20033616
19345849
19269542
19254062
19254058
19254050
19207736
19117551
19114047
19111616
19100612
19078994
19077156
19067730
19059364
19058781
19057888
19054290
19046622
19038475
19027245
19013482
18996725
18996033
18976267
18974399
18840541
18835533
18832541
18829096
18817967
18775647
18691792
18663488
18663460
18637149
18637045
18594879
18536944
18516634
18510564
18386082
18384400
18371171
18329739
18298586
18274815
27504210
27504209
19178619
19166793
19166792
19166786
19166781
19166773
19166768
19166767
19166766
19166765
19166764
19166763
19138356
19135000
19118867
19115084
19091595
19091452
19088064
19084380
19084316
19082853
19081585
19077152
19073960
19073959
19073957
19073954
19071038
19071035
19054810
19054307
19054305
19054303
19054302
19046336
19046333
19046330
19032495
19029300
19028671
19028004
19027989
19019420
19000637
18996635
18996587
18990441
18986772
18977663
18976743
18976275
18976261
18976258
18973543
18973537
18951727
18951647
18948273
18930302
18926733
18854597
18845257
18835802
18834691
18823787
18782333
18769927
18755614
18721195
18673417
18649987
18620629
18602316
18523793
20614625
19117707
19114651
19057561
19056084
25206103
25206102
25206099
25206098
25206096
23864875
23864872
23864871
23230478
23230477
23230473
23230472
22820753
22467976
22460284
22443638
22303512
22228979
21998493
21966588
21886999
21886998
21886994
21886990
21853003
21731582
21687164
21686698
21564562
21499662
21499653
21495325
21495323
21466996
21274303
21138662
20830984
20823995
20698181
20698179
20698178
20698173
20648765
20545096
20545095
20545093
20545090
20514192
20513981
20481107
20467602
20426205
20379438
20379437
20379436
20376245
20376244
20376243
20376242
20376240
20376235
20375569
20349617
20349616
20349615
20349614
20349613
20349597
20349595
20344885
20344884
20339578
20339570
20339569
20339568
20339467
20339466
20339459
20339457
20339450
20339446
20309409
20309408
20302222
20302221
20302220
20302216
20302215
20302214
20302213
20301907
20301903
20301885
20297711
20297710
20297709
20297708
20297707
20297705
20297704
20297703
20297701
20297699
20225028
20225027
20225026
20225023
20224201
20218118
20216912
20196476
20192021
20192019
20192017
20183939
20179399
20179395
20168032
20162930
20162872
20162871
20131749
20131680
20131679
20131676
20131594
20128321
20128320
20128319
20128318
20128316
20126913
20126911
20126907
20126904
20126903
20126902
20120091
20112640
20112637
20111762
20111761
20111759
20111758
20111757
20108871
20108495
20108492
20101342
20092204
20092200
20081772
20081771
20072754
20072753
20072752
20072750
20072745
20069254
20069253
20069252
20069251
20069250
20069249
20067166
20066886
20063666
20059884
20051721
20037540
20037533
20037532
20037530
20034921
20030440
20023616
20023615
20023614
20023613
20023612
20023610
20020591
20020589
20017648
20016180
20016179
20016176
20011755
20011749
20009383
20007123
20002931
20002927
20002926
20002925
20002923
20002922
19996675
19994563
19994559
19994548
19994547
19994546
19966914
19964997
19964934
19963664
19954130
19940476
19922357
19922348
19921126
19907175
19902638
19885446
19885433
19882818
19882817
19864906
19860085
19859584
19856208
19853250
19852207
19839492
19839490
19839488
19839483
19838560
19838558
19838557
19838556
19838554
19834309
19831167
19831166
19831165
19831164
19830275
19828995
19828994
19828993
19828992
19828991
19828989
19828988
19828987
19828986
19828985
19828983
19828982
19828981
19828980
19828979
19828977
19828976
19828975
19828974
19828973
19828970
19828968
19828967
19828965
19828963
19828962
19826499
19824333
19820741
19820740
19820739
19820737
19820736
19820735
19820733
19816003
19813428
19813425
19811440
19797922
19796303
19796301
19796300
19796299
19796298
19796297
19796294
19787467
19785848
19785809
19785249
19784475
19784474
19784473
19784460
19780438
19780436
19780434
19780433
19780432
19780429
19780427
19777862
19776572
19776571
19773627
19769473
19765321
19756258
19753526
19738950
19738948
19738945
19738583
19738580
19738578
19738572
19738571
19728580
19728579
19721982
19718987
19715151
19715149
19711815
19711812
19711612
19711611
19711608
19711607
19711606
19710081
19707900
19707010
19702075
19701819
19701818
19696898
19694191
19694190
19694189
19692948
19690771
19690764
19689722
19689720
19689717
19681352
19681349
19681348
19663176
19663173
19659443
19657941
19652444
19648746
19648745
19638685
19635419
19627805
19601497
19601496
19601495
19601494
19601491
19591340
19591338
19591337
19591335
19583045
19583044
19583041
19583038
19581720
19581717
19581712
19581711
19579526
19579523
19579141
19579137
19568868
19565368
19561581
19561580
19561579
19561577
19561571
19544203
19539872
19538697
19526864
19523739
19523738
19522316
19522313
19508262
19508256
19506748
19506742
19501446
19494686
19494685
19494684
19494681
19494680
19494675
19494674
19494673
19494490
19493605
19491786
19491777
19489259
19489189
19488477
19488473
19488468
19488467
19483455
19479509
19469441
19466555
19466238
19466235
19466228
19460209
19459580
19456056
19452332
19452331
19449608
19441315
19439951
19439950
19439945
19436946
19434320
19428004
19423967
19423962
19423209
19414980
19414976
19414972
19413270
19413269
19413268
19408843
19408821
19408817
19408816
19408813
19408811
19400062
19400060
19400059
19398056
19396715
19391050
19390190
19382670
19381883
19377202
19377200
19377129
19370965
19370959
19368601
19368599
19368595
19368134
19367547
19367474
19366270
19365352
19365350
19365346
19365120
19349720
19344040
19344039
19344029
19341587
19341586
19341583
19341577
19341576
19341573
19341217
19340299
19336878
19336873
19336871
19336869
19336862
19336860
19336856
19336851
19330621
19323338
19323332
19322228
19322227
19322221
19322219
19322217
19321992
19321991
19321990
19321989
19321988
19321987
19321986
19321985
19320263
19320259
19320257
19318070
19306597
19306247
19301159
19296049
19294830
19288883
19281762
19280977
19280832
19280830
19280827
19279380
19274074
19267899
19266065
19265274
19263626
19263625
19262736
19262735
19262734
19262728
19262726
19260435
19260434
19260433
19260432
19260431
19260430
19260425
19260238
19258218
19254527
19254525
19254523
19254522
19253064
19247853
19246836
19243899
19242828
19241797
19234437
19228102
19228101
19228100
19228087
19227893
19227802
19221651
19215749
19215747
19215745
19214373
19213383
19213367
19213357
19210721
19209223
19207461
19207460
19207457
19207455
19207451
19207369
19204426
19204390
19202780
19202306
19199352
19198786
19197566
19197388
19197133
19195269
19194674
19194673
19194487
19192847
19192845
19192844
19192843
19192842
19192841
19192840
19192839
19192838
19192836
19192835
19192831
19192056
19184299
19184296
19184294
19184293
19180285
19177503
19174994
19169913
19166548
19166547
19166480
19164999
19164992
19161674
19161547
19159025
19159023
19159021
19159020
19159019
19155625
19153315
19151871
19151554
19148410
19148409
19148406
19148401
19148399
19146144
19146139
19143016
19142553
19142261
19142260
19142259
19142258
19142257
19142256
19142255
19142254
19142253
19142252
19142250
19136830
19136829
19136433
19131829
19131322
19131320
19131312
19131311
19126110
19126106
19126105
19125982
19125980
19125979
19125978
19125977
19125889
19124339
19123717
19123716
19123715
19123714
19123713
19123712
19123704
19123702
19123701
19123698
19123696
19123695
19123694
19123693
19123692
19122270
19121511
19121509
19121508
19121498
19121497
19121496
19121495
19121493
19121487
19121194
19120818
19120507
19120506
19120505
19119177
19119174
19119167
19119165
19117468
19115802
19115788
19114956
19114948
19114426
19112145
19109129
19105992
19105990
19105986
19101496
19101495
19101489
19101118
19100674
19091715
19085213
19085189
19084141
19084136
19084130
19084129
19084126
19084122
19084116
19084115
19072236
19070768
19070766
19070759
19070749
19070747
19070743
19070742
19067775
19067027
19066427
19061841
19060491
19060488
19060487
19054656
19054317
19053846
19048404
19046327
19046326
19046325
19039686
19037822
19036806
19035771
19034718
19031159
19027214
19025501
19020069
19017665
19017036
19017035
19013703
19013000
19006469
19005246
18992021
18986683
18986680
18976272
18976262
18976252
18957835
18951121
18949632
18948230
18945422
18941816
18940197
18923970
18854600
18829177
18828986
18819740
18811596
18811594
18798782
18798781
18798780
18797159
18790819
18790474
18778297
18774125
18771513
18761641
18755615
18728357
18728352
18728348
18714142
18706878
18703870
18701815
18701811
18701809
18701806
18698129
18698127
18662257
18662254
18662253
18662252
18656395
18614225
18603289
18602686
18587234
18547693
18538912
18487003
18298542
18296056
18087764
18084810
18080149
18074164
18038180
19123978
19074275
18825653
19109886
19096423
19088843
19066222
18809183
18257082
19029918
19918476
19077228
19007234
18623606
19068105
19062287
18946002
19063717
18929638
18838080
19444316
19052620
22717790
22717788
21628159
21499473
20614305
19825739
19556693
19441264
19441263
19374313
19277903
19271412
19271410
19260623
19260621
19213518
19203698
19202763
19195216
19192692
19192688
19192687
19192070
19189678
19189674
19189672
19186867
19186861
19186860
19186859
19186858
19186857
19186856
19186852
19186845
19186661
19181188
19180868
19180867
19179832
19177728
19177726
19177725
19160981
19158055
19149336
19149303
19149301
19149300
19149297
19149296
19149294
19149215
19149214
19149133
19149048
19148461
19148457
19148456
19148450
19148448
19148445
19148444
19148438
19146134
19146132
19146129
19146127
19146124
19146057
19146055
19146051
19145796
19145793
19134361
19134354
19134346
19133952
19133948
19133946
19133636
19133634
19133594
19133102
19133100
19133098
19133095
19133093
19126361
19126358
19126356
19126015
19122493
19121930
19115504
19114328
19107607
19106479
19106474
19106471
19106463
19100929
19090906
19085329
19084717
19083867
19079728
19077846
19077580
19077576
19074362
19072008
19072006
19072003
19067423
19061984
19061810
19061809
19061808
19061803
19061802
19061632
19061631
19061629
19061143
19054480
19054479
19054478
19054475
19054474
19054473
19054470
19054469
19053930
19053927
19053924
19053919
19053916
19053913
19053911
19053910
19050523
19049531
19049529
19049528
19049527
19049523
19049520
19047971
19047966
19047708
19047671
19047662
19041805
19041481
19040585
19040583
19040580
19040448
19040446
19040445
19040441
19040437
19040435
19039393
19037457
19036617
19033433
19033431
19033429
19033028
19032649
19032644
19032641
19031347
19029088
19029083
19029082
19029080
19028228
19027671
19027666
19027332
19026893
19026891
19026890
19026883
19026881
19026880
19026877
19026876
19026875
19026874
19026872
19026871
19026869
19022689
19022136
19022133
19022131
19022125
19021669
19021668
19021667
19021666
19021665
19021664
19021663
19021662
19021661
19021660
19021659
19021658
19021657
19021656
19021655
19021654
19021653
19021652
19021651
19021650
19021648
19021647
19021646
19021645
19021644
19021643
19021642
19021641
19019712
19019710
19018029
19016545
19010702
19010701
19010699
19008629
19008628
19008626
19008624
19008622
19008621
19007955
19002097
19000604
18996695
18993094
18993073
18986747
18980849
18977674
18977157
18974440
18974067
18954863
18954352
18951597
18947888
18938022
18930577
18930306
18926738
18926731
18922613
18852249
18848380
18826412
18824253
18820306
18819702
18811597
18807098
18805711
18804277
18801670
18801668
18798783
18793256
18790556
18778957
18777095
18765839
18762334
18761583
18761570
18723525
18721999
18721196
18718785
18708427
18705652
18693023
18692778
18691698
18690456
18687988
18675952
18665793
18663726
18636949
18615503
18576858
18561327
18548292
18547837
18536945
18511111
18502008
18500542
18499246
18495238
18492303
18465290
18446390
18422709
18422708
18422705
18422607
18401602
18398627
18384411
18380783
18371997
18369668
18328073
18200558
17945040
17892607
18718840
19444325
19444319
19040744
18806264
19025610
19080327
19021896
23745055
18832141
19157209
19157208
19014295
18932224
18703497
21289917
19051565
19001206
18997700
18990214
22110786
21444271
19545087
19360227
19274961
19274959
19267627
19263863
19241688
19241687
19216285
19216284
19216281
19198150
19195233
19186775
19186773
19186770
19186547
19177833
19172893
19169642
19169640
19169637
19157022
19149071
19149070
19149067
19149065
19149061
19144308
19143415
19138188
19133090
19133089
19133087
19133085
19133084
19113082
19113081
19113079
19113078
19113077
19113075
19113074
19113071
19102450
19098589
19098557
19093063
19093062
19093061
19093055
19092753
19092752
19090338
19090073
19090070
19090069
19087645
19087644
19087642
19085869
19082400
19082397
19082395
19082392
19075340
19075339
19075331
19075328
19075327
19075320
19069708
19068066
19068064
19065881
19065879
19058506
19051989
19051863
19051862
19051858
19051855
19051853
19051852
19050357
19043760
19021748
19021747
19021730
19021726
19016056
19015060
19014358
19014038
19012623
19007472
19006491
19000464
19000292
18997925
18997920
18997916
18997915
18997914
18997912
18997911
18992570
18992566
18992565
18990747
18989523
18984405
18984403
18984400
18984397
18984395
18984394
18984393
18984391
18983323
18983318
18983317
18983316
18982196
18981210
18980522
18980517
18980513
18980512
18980510
18980509
18980507
18978719
18978716
18978715
18978390
18978388
18978383
18978227
18976392
18972298
18957579
18956935
18955629
18950325
18950317
18949782
18947293
18947292
18947290
18947289
18947288
18947287
18947286
18947285
18947281
18947279
18947278
18947270
18947269
18947268
18946015
18946009
18946008
18940504
18940503
18940498
18940497
18940494
18940493
18940488
18940358
18928860
18928857
18928856
18928852
18928849
18928845
18928844
18928843
18928841
18928839
18928837
18928836
18925663
18849696
18833376
18821794
18819742
18812441
18805718
18803320
18800815
18799761
18786755
18782328
18771838
18771836
18768651
18768244
18760520
18757129
18755532
18722039
18718786
18718782
18718781
18718775
18718738
18718652
18713308
18692947
18690470
18689798
18675389
18674936
18664551
18657636
18648837
18637047
18627501
18621151
18615573
18615561
18608297
18603226
18602738
18572238
18565492
18565103
18563453
18546193
18533246
18506828
18486528
18482346
18482343
18478344
18456499
18448161
18445003
18435724
18422810
18421490
18396438
18757373
18989465
18835269
19048496
18953305
18947413
18947401
18947386
18945371
18940838
18939981
19061621
18571324
18852440
18849940
18843358
18794902
19009902
18843740
18843727
18843714
18843625
18795802
18534931
19080120
18833299
18828927
29320129
27688589
25355990
24082906
24082904
24082903
24082902
24082900
23285345
22589636
20351975
20351973
19999204
19655543
19655542
19655541
19655540
19655539
19641765
19641762
19533887
19483432
19400526
19275823
19248342
19213254
19212539
19212538
19212530
19212529
19212528
19198380
19186342
19148394
19148392
19148391
19148388
19148385
19148384
19148382
19144270
19141206
19123307
19113014
19113007
19113006
19109099
19109095
19109094
19106436
19093654
19093650
19093648
19093647
19093645
19093051
19093050
19093048
19093043
19087626
19087622
19078894
19075442
19075440
19075437
19075436
19075433
19075375
19058727
19058726
19058687
19058683
19058682
19058681
19058679
19058677
19055885
19055884
19055224
19055094
19055092
19055088
19055087
19051167
19044090
19039920
19037162
19037160
19037155
19037153
19037152
19037141
19037140
19024760
19024440
19024261
19024252
19024251
19024122
19019301
19009993
19009969
19007087
19007076
19007075
19007074
19007072
19007071
19007069
19007065
19004310
19004309
19001731
18997249
18990999
18990998
18990997
18990995
18989603
18989599
18989597
18989596
18989589
18989588
18975845
18959074
18957661
18949236
18947816
18942537
18935875
18935788
18929275
18929274
18929262
18929260
18926379
18924255
18922261
18922260
18922259
18922255
18922254
18922090
18922084
18856250
18848103
18848095
18846676
18845063
18845062
18842752
18841733
18840068
18840067
18840066
18840064
18836673
18835973
18834258
18834256
18834252
18834247
18834242
18834238
18834008
18834003
18832276
18832271
18832269
18832267
18830180
18828826
18828825
18828819
18826771
18826770
18822014
18822013
18822011
18822010
18821990
18821988
18821983
18821982
18821971
18821970
18821969
18821968
18821967
18821966
18821965
18821964
18821963
18821962
18821961
18821960
18821959
18821958
18821957
18821956
18821955
18821954
18821953
18821952
18821951
18821949
18821948
18821947
18821252
18818426
18812600
18812599
18812598
18809755
18809753
18809649
18808486
18805230
18805228
18804343
18803526
18803330
18800947
18796465
18793933
18793930
18793929
18793927
18793926
18793923
18793917
18793916
18793914
18793913
18793911
18793367
18793361
18786864
18761580
18761575
18761569
18761308
18753008
18727659
18727043
18720054
18720052
18720051
18720050
18718798
18718797
18718784
18718783
18717720
18713259
18713258
18707713
18707604
18699793
18699792
18699791
18699789
18699786
18687995
18677578
18672230
18657914
18656564
18656563
18656391
18656296
18656295
18655835
18645688
18645686
18636796
18635305
18627505
18627503
18624954
18624941
18624938
18621458
18621457
18620781
18619871
18617220
18612995
18603657
18602306
18599220
18597913
18589400
18589010
18579282
18576837
18574158
18573150
18565135
18557752
18557751
18557750
18557749
18557748
18557747
18555975
18521933
18515129
18504533
18490001
18483787
18482349
18470704
18466278
18463888
18440677
18438701
18437535
18420265
18407346
18405962
18405961
18384869
18384535
18384534
18378293
18374973
18343131
18337111
18331285
18284433
18248591
18248347
18248340
18221316
17957333
17952486
17952484
17891550
17643338
19495399
20641385
18698610
18080304
18067171
18791606
18791580
18787161
18775069
20641395
25206090
25206089
25206088
25206087
25206086
25206085
23120557
21396071
20142946
19915714
19831233
19566026
19419049
19419041
19407859
19266848
19266845
19238890
19203064
19202681
19187689
19175060
19127930
19119636
19107258
19107256
19107253
19107252
19107251
19107250
19107248
19107247
19093387
19089235
19089234
19089232
19087612
19087607
19087602
19087601
19087600
19083847
19069337
19052410
19051555
19044431
19044136
19040820
19040819
19040817
19040815
19040814
19040811
19040810
19040807
19040806
19040805
19031511
19025142
19025140
19025139
19025138
19025137
19021443
19021433
19021407
19021403
19014164
19014160
19014158
19014154
19014153
19014152
18990903
18990899
18990897
18982854
18982822
18982767
18978678
18975591
18975529
18974605
18972792
18972786
18972781
18950064
18950063
18950060
18949974
18942606
18942605
18942602
18942600
18942597
18929297
18923377
18923227
18856170
18856166
18853904
18853719
18853718
18853714
18853713
18850476
18845049
18844790
18844445
18844442
18844441
18844439
18839728
18839726
18839725
18839723
18839721
18839719
18833865
18833862
18833861
18833859
18833858
18833855
18833854
18833853
18826384
18826383
18826377
18821998
18818475
18818464
18818462
18818461
18818460
18813675
18813422
18813076
18813070
18812864
18812852
18810920
18810919
18810918
18810912
18810909
18810805
18809778
18803771
18802994
18798922
18796358
18795632
18793599
18793598
18793597
18793596
18793595
18793594
18793593
18793355
18793354
18793353
18788870
18788866
18788864
18786347
18784868
18784863
18784861
18784859
18784856
18784855
18784530
18784528
18782375
18782374
18782371
18782370
18782368
18782366
18774091
18774090
18774089
18774086
18774084
18774081
18774080
18774078
18771381
18771380
18771378
18771375
18771370
18771369
18771368
18771367
18771366
18768905
18768903
18768448
18766051
18762628
18762035
18762033
18762031
18761743
18761521
18759709
18758407
18758400
18758030
18757719
18757716
18726689
18725784
18725032
18724863
18724848
18724845
18724842
18724838
18719692
18719216
18719215
18719214
18719210
18719209
18718410
18718384
18718380
18718379
18718372
18718364
18718363
18718362
18707654
18703208
18687589
18680508
18665759
18662302
18647204
18647203
18637978
18637853
18637852
18637850
18637847
18637048
18637046
18636974
18635304
18629540
18625741
18620048
18603493
18602653
18602300
18602290
18602285
18602283
18599376
18590717
18586373
18584934
18583536
18582847
18579801
18579283
18575904
18574632
18573587
18573522
18560938
18555961
18555580
18555579
18554185
18550253
18549403
18547832
18542904
18536928
18533208
18516641
18514432
18499787
18492089
18479379
18477590
18466876
18436190
18403213
18374974
18372037
18369669
18369655
18366088
18366071
18359004
18357474
18343958
18331556
18330604
18328044
18318702
18313247
18298544
18298543
18298225
18298223
18298219
18298217
18298213
18298211
18298207
18298203
18298199
18284472
18282788
18282146
18282145
18247066
18246364
18224360
18218050
18210170
18206279
18194329
18194328
18183431
18177463
18004622
18711123
18534665
18522924
18701879
18627065
18763546
19246966
18694488
18573238
18690263
18690193
18596820
18621493
18663217
24692812
19241568
19172730
19145720
19142520
19129687
19129685
19129684
19115555
19087592
19087586
19055131
19055129
19054904
18982972
18982967
18975825
18935815
18833491
18823454
18821484
18819889
18814782
18814779
18807449
18807447
18797134
18795525
18795524
18795523
18795522
18795519
18795517
18792703
18792701
18792698
18792697
18792696
18792695
18784893
18784890
18784886
18784885
18784883
18784878
18784874
18784872
18783115
18783113
18780682
18780510
18780508
18780504
18780502
18780501
18780496
18780493
18768029
18768026
18768023
18768022
18768020
18768018
18767448
18756717
18755123
18753084
18729760
18725676
18724005
18721356
18721355
18721354
18721351
18721348
18721347
18721345
18721343
18721341
18721340
18721338
18721337
18721336
18717405
18717374
18717371
18713152
18713151
18713150
18705801
18705800
18705798
18704642
18704320
18699971
18699970
18694570
18682625
18682618
18679098
18678760
18678759
18678757
18678755
18678544
18677365
18676803
18676800
18676799
18676386
18675215
18675211
18675209
18675208
18675201
18675200
18675199
18674751
18673032
18673015
18673014
18673011
18673000
18672999
18672997
18672995
18672992
18672987
18672985
18672984
18672980
18672952
18672132
18672131
18672127
18672125
18672123
18671457
18667989
18667988
18667985
18667984
18667983
18666990
18666057
18663735
18663734
18656353
18652559
18650957
18650549
18650546
18650545
18650543
18650022
18647095
18647092
18646249
18642027
18637718
18634949
18634941
18634939
18634938
18634937
18634936
18634934
18634928
18634927
18634926
18634925
18634922
18634921
18632841
18632840
18632839
18632838
18632836
18632367
18631246
18631245
18622830
18622829
18622828
18621384
18616756
18615323
18615322
18613935
18602827
18582856
18582327
18582326
18582324
18576775
18573149
18572160
18572158
18565097
18562174
18557757
18557756
18557755
18557754
18557753
18556664
18554957
18554954
18554946
18554940
18554868
18554189
18554187
18554186
18554184
18550254
18550252
18549447
18547708
18544133
18544131
18538913
18534671
18524850
18524451
18514996
18513337
18512698
18512210
18508042
18507667
18503517
18503515
18498381
18491123
18490400
18486183
18485528
18484629
18482363
18479378
18479368
18473358
18461595
18456564
18455938
18452892
18452891
18436298
18429927
18427821
18424118
18422707
18383160
18374898
18367151
18360880
18360793
18350581
18336793
18307578
18293075
18284541
18258295
18243296
18226865
18061521
17976758
18671843
18671204
18668106
18662411
18700193
18545268
18501189
18651971
18648488
18492670
18646117
18646101
18646092
18646091
18596618
18547092
18424452
18378133
18270962
18625062
18712228
18614991
18424784
18511171
18434053
18434052
18400432
18598348
24146678
24146677
24146675
24146674
24146672
24146671
23285337
23277852
23277851
23277850
23277849
23055877
22570587
22062912
21444267
20201275
20201273
20142900
20142898
20142897
20142895
20071825
20071821
19655530
19655529
19655528
19655527
19655526
19641768
19627786
19610536
19610526
19561990
19305025
19266891
19256326
19256324
19212552
19212544
19212543
19212542
19212541
19107268
19107267
19107264
19107262
19097372
19089263
19062474
19031820
19024962
19021339
19018113
19009754
19009753
18979992
18959170
18959169
18949315
18949314
18949310
18949309
18949308
18949305
18947062
18946440
18938274
18938268
18938267
18843851
18843848
18839623
18833775
18833763
18833762
18833761
18821394
18813615
18811098
18811097
18811096
18807574
18807572
18807569
18807568
18807567
18797834
18797198
18797105
18797104
18797102
18797101
18797100
18797099
18797098
18797096
18797092
18797091
18797090
18795639
18795638
18795637
18795636
18789102
18788270
18784635
18767514
18767512
18767508
18767505
18767469
18767468
18767467
18767461
18767460
18767459
18767456
18767454
18755067
18755057
18717429
18717104
18717103
18717100
18717099
18717092
18717091
18717090
18717089
18717088
18717086
18717083
18717080
18714933
18712266
18710172
18710171
18705017
18700710
18693229
18689640
18686677
18686668
18686667
18686662
18686564
18686562
18683405
18683399
18678980
18678979
18678978
18678976
18678974
18678969
18678967
18678966
18670689
18670684
18666503
18666502
18666496
18666495
18666494
18661208
18661207
18661200
18650755
18650733
18650717
18650529
18648184
18647374
18644241
18644240
18644239
18644238
18644237
18644236
18638324
18638323
18633477
18633473
18633471
18633469
18633468
18633465
18633463
18626241
18617116
18617115
18617114
18617108
18617107
18617099
18617098
18617097
18616372
18616371
18616370
18598929
18597613
18597612
18597611
18597600
18597596
18597595
18594883
18594882
18594082
18594072
18593470
18593413
18592072
18590397
18589073
18589070
18589069
18589068
18589052
18587310
18587302
18585630
18585628
18585615
18585614
18585613
18585611
18577288
18575310
18575308
18575304
18575303
18573993
18573990
18573989
18573979
18573784
18571032
18571031
18571018
18571001
18571000
18570999
18570995
18570993
18570992
18570991
18570990
18570989
18570987
18570985
18570984
18570982
18570981
18565375
18565374
18565373
18565370
18565369
18565368
18565366
18565365
18563782
18563781
18563718
18560793
18559462
18557919
18557916
18557915
18557797
18554337
18554336
18547150
18537866
18514378
18514259
18511717
18511244
18504155
18501739
18501562
18499892
18499550
18498383
18496877
18496676
18495953
18495320
18492082
18479801
18479800
18479381
18479376
18479374
18479373
18479371
18474066
18472142
18472001
18470903
18468763
18463892
18462386
18458969
18456251
18455859
18448617
18445049
18439653
18435813
18430047
18430046
18425620
18422696
18422695
18420318
18407318
18400205
18396318
18390797
18389473
18387651
18355252
18355168
18355164
18346711
18344018
18337304
18335233
18328045
18324644
18314092
18302478
18302477
18302476
18302475
18302473
18302472
18302471
18302468
18302467
18302466
18302457
18302454
18298545
18284539
18284473
18278815
18248343
18243275
18208475
18199476
18197362
18196208
18191446
18190957
18177701
18164052
18155759
18022296
17969052
17957718
17936670
17891447
17786500
17764026
17659428
17641927
18587268
18581583
18587365
18587364
18587346
18578866
18331975
18567927
18407827
18560464
18541739
18478590
18552773
18425074
18545687
23120515
22689350
22073461
22073456
21499462
19728633
19728630
19728628
19728627
19728626
19230123
19115562
19057751
19057750
19057746
19057742
19031788
19031787
18991200
18942208
18828044
18811080
18811079
18811078
18811077
18811076
18795646
18795644
18795595
18791293
18791288
18788184
18788181
18769830
18763534
18760050
18756906
18756904
18756846
18756844
18751662
18751661
18751660
18751659
18751658
18717269
18713162
18710065
18705526
18705525
18705524
18705521
18705517
18705516
18705510
18705509
18705502
18705499
18700695
18700294
18693436
18693428
18686771
18686770
18686768
18686766
18686765
18686763
18672831
18672702
18672699
18666416
18661810
18661795
18661789
18661083
18661076
18661075
18661073
18661066
18661064
18661060
18652273
18652270
18652269
18652266
18649834
18649831
18649829
18649827
18649731
18637381
18637379
18637326
18637323
18637322
18637320
18637318
18637316
18634457
18630112
18630110
18630108
18627287
18617880
18617878
18617877
18616154
18614845
18612771
18605893
18605891
18605890
18605889
18605887
18605791
18605602
18605599
18605598
18605523
18605322
18604250
18603736
18603735
18603734
18603733
18603732
18603731
18603730
18603729
18603728
18588442
18588437
18587211
18587205
18587203
18578825
18568479
18568478
18568476
18568475
18568473
18568470
18563324
18560540
18558161
18554467
18545050
18545048
18543135
18540019
18540018
18540017
18540014
18540013
18538257
18538255
18538254
18538251
18538247
18538246
18538245
18538244
18538239
18538068
18537188
18534287
18534180
18534179
18534178
18534175
18534174
18533791
18533789
18533783
18533782
18533781
18533778
18533774
18533770
18525075
18525072
18525071
18525070
18523082
18521058
18519996
18519995
18519992
18519541
18519488
18519474
18514669
18514665
18513162
18511281
18510505
18510503
18505675
18505673
18502972
18502457
18498906
18498903
18498901
18498900
18498899
18498898
18498896
18498893
18498887
18498886
18498885
18498884
18498883
18498881
18498587
18498586
18498582
18498581
18497600
18495521
18494980
18494975
18494974
18494973
18494971
18494967
18494966
18492590
18492578
18492574
18489489
18489488
18489487
18489486
18489485
18489483
18489482
18489481
18489480
18489479
18489478
18489475
18489474
18489473
18489472
18489471
18489245
18486790
18486787
18486786
18486785
18486780
18485308
18485140
18485139
18484911
18484907
18484335
18476785
18474062
18474059
18474058
18474052
18471247
18471246
18471245
18471241
18471240
18471236
18470876
18470368
18462995
18457773
18455655
18445798
18442096
18439854
18438698
18435799
18434561
18430506
18424074
18422990
18422982
18422585
18422584
18422583
18420332
18417392
18417389
18417387
18417386
18417385
18417384
18412277
18410392
18410390
18410389
18410388
18410387
18410386
18410371
18406624
18402605
18400028
18400026
18396076
18396075
18394981
18390999
18389372
18387728
18384390
18378377
18378058
18373634
18371098
18367549
18363702
18363701
18363700
18359075
18356465
18355254
18355253
18339656
18339562
18329913
18325644
18324634
18318706
18308705
18299234
18282554
18282147
18275934
18273868
18266656
18266655
18249004
18247074
18243156
18231121
18217995
18205738
18202919
18194330
18191101
18182642
18181171
18172700
18157510
18086169
18086142
18085574
18061255
18060565
18049449
18040728
18027005
18027004
18006051
17976937
17964644
17942339
17822852
18390542
18509537
18605406
18545536
18164148
18493255
19450307
18500994
18359767
18493603
18646580
18402472
18485237
18329379
18482446
18166200
18477394
18458343
18469742
18408707
18378078
24179340
18460198
21444266
20740454
19288841
19288839
19288838
19288837
19288834
19288832
19284203
19284196
19284191
19133201
19089224
19089222
19089221
19089219
19089214
19089213
19088958
19088956
19088953
19088951
19083423
18953923
18953920
18953917
18924486
18924482
18924477
18792626
18792618
18792617
18776720
18727367
18720630
18717178
18717177
18717163
18717162
18700382
18700379
18700377
18700367
18689333
18661764
18661023
18649564
18649561
18649559
18649557
18649556
18647521
18647520
18647518
18647517
18647516
18647515
18647514
18647513
18647512
18647510
18647509
18647507
18647505
18647504
18637310
18634397
18634391
18627903
18615993
18615992
18615989
18615988
18615987
18615986
18615985
18615984
18601570
18600358
18592719
18592717
18592713
18583796
18575347
18575346
18572822
18570156
18568594
18567186
18557503
18557498
18557428
18557127
18557125
18548967
18548966
18548965
18548959
18548958
18548955
18546852
18543693
18543692
18543691
18543414
18540495
18540386
18538075
18538074
18521816
18520418
18516371
18511753
18510882
18506406
18506405
18506404
18506403
18506402
18506401
18505228
18505226
18505223
18505221
18505218
18505216
18505214
18505029
18504204
18489660
18489654
18488132
18483345
18482710
18482709
18482706
18473034
18473032
18473030
18473027
18473024
18473023
18472969
18471217
18471205
18471202
18471201
18471200
18470797
18460677
18460676
18460624
18460579
18457715
18457713
18457711
18457709
18457700
18457696
18457687
18457686
18456153
18456152
18456151
18456149
18456143
18456141
18456140
18456135
18456048
18456047
18456046
18455527
18454678
18454676
18454674
18454672
18454661
18454657
18454656
18452601
18452359
18451380
18451376
18451372
18451371
18451076
18450858
18449119
18449118
18449116
18447790
18447663
18442747
18442746
18442738
18442732
18436975
18436599
18436047
18436046
18436043
18436040
18436039
18436036
18436034
18436032
18436031
18436030
18436028
18436027
18434584
18434582
18434580
18434575
18434572
18434571
18433384
18433383
18425345
18425344
18423364
18423285
18423282
18423280
18423277
18421147
18419632
18416752
18416750
18416749
18416747
18416725
18416627
18416622
18416621
18416620
18416616
18416609
18416606
18412738
18412735
18412728
18412727
18405276
18405275
18405271
18405269
18405268
18399545
18392828
18389236
18386805
18385522
18384350
18384348
18383276
18382008
18371094
18363703
18363699
18360099
18355251
18353664
18353535
18346915
18341603
18341565
18336986
18335470
18330617
18330573
18329909
18329695
18316077
18314405
18312378
18312377
18308449
18304980
18298576
18298572
18286270
18283515
18266671
18265961
18241837
18217994
18215208
18201685
18196573
18186502
18181010
18096519
18093227
18089472
18078367
18042041
17940783
17926347
17922079
17919952
17767951
17727943
17727942
17709133
17681594
17600751
17586066
18452654
18446200
18424173
18445253
18545331
18431474
18430234
18198140
18426592
21318960
18252720
18425907
18413605
18228567
18408681
18405359
18402707
18401397
18400091
17949930
18491827
18390854
18385721
29539202
27408127
24171018
24171016
24171012
23289061
23289060
23285331
21309210
20467642
20142891
20142890
20142888
20142887
19655559
19655557
19655556
19641761
19618562
19295030
19212525
19212523
19212520
19212517
19212516
19145815
19081904
19081901
19081900
19081899
19081898
19081896
19081890
19068556
18846949
18846948
18846938
18846934
18828345
18780543
18780542
18777944
18769091
18702227
18702225
18689347
18689345
18688166
18664098
18661601
18646593
18637356
18623989
18622489
18622487
18622478
18622467
18610636
18610597
18605472
18605463
18605461
18605457
18605454
18605450
18605449
18605445
18605442
18605041
18597703
18595616
18595592
18578226
18578225
18578183
18578178
18578177
18578176
18578174
18578173
18578172
18578171
18578170
18567485
18567484
18567481
18556899
18547474
18546815
18546814
18546813
18546808
18546753
18546752
18546750
18524278
18524277
18524276
18524273
18524271
18524270
18524269
18524268
18524267
18524266
18512519
18507225
18501105
18497203
18495570
18487685
18481622
18481619
18478892
18478891
18478888
18478887
18478886
18478846
18477836
18474155
18472713
18470431
18470423
18470414
18470413
18470412
18468305
18468300
18467801
18467798
18467797
18467796
18467795
18467781
18467780
18460402
18460401
18460399
18454911
18446551
18446550
18446547
18446546
18445934
18445930
18445925
18445922
18444770
18426106
18426105
18426103
18416988
18409167
18407027
18407026
18407017
18405825
18405824
18405823
18405822
18403832
18396919
18395539
18395536
18395535
18395123
18395121
18395120
18395119
18394888
18394075
18392357
18390838
18385030
18385028
18385027
18385026
18381855
18380867
18380863
18380860
18380573
18380571
18380564
18380558
18380555
18380553
18380551
18380548
18379454
18379453
18379451
18379448
18377616
18375805
18374002
18373799
18370942
18362327
18362325
18362319
18362315
18362314
18362310
18361451
18358905
18358904
18358901
18358900
18358899
18358897
18358895
18358892
18358891
18358887
18358886
18358885
18358884
18358413
18358192
18357618
18355605
18355594
18355592
18353082
18353081
18353078
18353013
18353012
18353004
18353002
18353001
18352939
18352938
18352937
18352936
18352935
18352933
18352932
18352931
18352930
18352929
18352928
18352927
18352926
18352925
18352922
18352921
18352920
18352919
18352918
18352916
18352900
18352898
18352829
18351520
18349656
18349654
18349653
18349371
18349182
18348196
18342347
18337101
18334552
18333882
18333873
18333872
18329589
18329588
18329587
18329574
18329573
18329572
18329571
18329569
18329564
18328075
18327785
18327698
18321266
18321263
18321262
18321259
18321258
18318003
18312575
18309118
18308450
18302624
18302622
18302618
18297738
18295956
18295451
18294751
18294750
18294232
18294230
18294226
18291571
18289768
18287326
18284546
18284537
18270228
18264796
18263892
18263890
18261132
18261121
18252775
18248339
18248336
18238856
18228199
18228044
18222927
18221321
18221314
18217996
18217992
18217991
18217990
18216373
18216213
18206405
18206404
18203667
18201935
18157845
18098303
18086145
18081804
18081802
18076781
18042222
18040074
18035447
18027842
18022672
18021315
18021259
18000894
17899311
17897851
17853422
17853417
17764979
17701103
17696148
17688934
17673282
17618516
17520172
17514737
17483982
17467126
18499555
18371226
18371224
18366785
18349142
19169386
18297049
18297048
18369444
18444292
18342460
18063491
18334711
18366669
18347322
18386594
18262513
17635033
21289908
18297051
18297050
18364121
18320060
17764861
21909225
21909224
21444263
19845158
19845145
19749618
19378536
19357734
19089209
19083401
18788548
18756859
18756850
18711874
18663883
18630704
18630703
18630702
18628644
18623976
18623974
18618042
18618041
18618038
18618037
18618034
18618031
18618029
18618028
18618026
18578426
18561810
18561809
18561808
18561804
18557133
18548925
18548921
18546775
18546774
18546773
18546772
18546770
18546767
18546762
18540397
18540389
18533462
18523492
18522380
18522252
18512626
18512624
18512620
18512619
18494198
18491469
18481582
18481578
18481577
18481575
18477832
18468325
18468318
18450190
18450184
18446747
18444503
18444431
18444428
18444427
18443999
18435236
18435234
18435231
18435229
18435227
18435204
18435197
18435195
18435191
18435190
18435187
18435186
18435185
18435184
18432098
18429427
18429422
18427376
18426167
18426161
18424835
18422008
18421951
18421948
18419037
18408783
18408782
18408272
18408271
18408269
18408268
18408267
18408265
18404914
18403895
18403887
18403877
18402619
18402617
18402616
18396716
18390275
18388374
18385959
18385955
18385831
18385625
18380530
18380524
18373932
18366575
18366574
18364217
18364216
18364215
18364214
18364213
18362722
18362721
18353204
18353201
18348382
18348377
18348372
18348369
18348367
18346700
18346698
18346232
18336293
18335584
18335131
18335129
18335128
18335121
18335120
18335117
18335116
18335115
18335109
18334132
18333651
18332764
18332757
18332756
18332753
18332496
18331943
18331941
18331937
18331933
18328985
18328241
18328240
18328239
18328238
18328237
18328236
18328235
18328234
18328233
18328232
18327437
18319104
18319096
18319094
18319092
18319091
18319089
18319088
18319087
18316539
18316530
18316512
18316505
18315812
18315443
18315442
18315433
18315428
18315427
18315425
18315423
18315422
18310924
18310735
18310731
18310559
18310039
18309980
18305440
18305438
18304245
18304242
18304241
18304239
18304237
18304207
18302672
18298492
18298491
18296776
18296610
18296609
18296607
18296606
18296605
18294506
18291289
18291288
18291287
18291286
18291285
18291283
18291282
18291279
18291277
18291276
18291275
18291274
18291273
18291271
18291270
18289130
18287397
18287392
18287391
18287390
18287389
18284531
18281332
18280970
18280966
18280954
18280953
18280952
18280377
18280375
18279570
18276821
18276057
18272407
18272344
18272340
18269665
18269660
18269624
18266285
18262485
18254799
18254794
18254742
18251943
18251621
18251618
18251614
18251610
18251609
18251606
18251603
18251600
18251598
18251594
18245370
18241968
18237314
18237298
18237296
18237295
18237292
18237290
18234504
18234357
18231977
18228063
18228062
18228061
18228060
18228059
18228058
18228057
18228055
18223505
18221831
18207622
18205176
18194334
18194226
18193358
18190556
18190555
18180045
18177429
18161846
18081812
18081809
18081808
18081806
18078704
18075784
18061493
18061491
18061168
18046776
18042363
18042223
18037388
18005042
18001820
17979967
17973976
17967130
17960804
17938977
17926328
17917610
17896116
17894420
17876612
17849118
17806132
17697707
17690921
17669485
17669480
17636353
17619915
17541731
17476528
17434785
18700119
17574361
17560060
18297019
18200067
18156176
18284671
18278152
18278147
18278143
18278140
18278139
18278135
18054952
18054913
18003637
17647262
18181563
18155840
18272684
18268248
18264062
18264059
18311329
18045880
18255032
18255024
18252882
18163612
18683739
18683734
18683730
18683727
18580051
18580048
18580047
18580046
18560653
18560650
18560649
18560648
18560645
18560642
18560639
18543743
18543739
18517068
18517065
18517064
18517061
18517060
18517059
18512513
18512512
18512511
18512510
18512509
18512508
18504680
18496964
18488742
18488740
18488739
18470401
18464428
18435374
18435372
18435371
18435370
18435369
18435268
18435259
18389738
18389736
18389735
18389732
18389731
18383676
18383657
18371277
18365671
18360683
18360679
18360674
18360664
18360662
18360661
18357891
18357890
18357889
18357888
18357884
18357881
18357876
18353139
18351207
18351204
18351203
18351201
18351199
18350849
18350847
18335411
18333784
18333781
18330194
18328245
18326401
18323872
18320420
18320416
18320414
18320411
18319550
18301848
18288327
18276930
18276928
18276927
18269521
18266181
18264538
18264531
18264530
18264523
18264521
18264520
18264519
18262016
18262014
18262013
18262012
18262010
18260340
18257058
18251643
18251642
18251639
18251638
18251637
18251635
18249298
18249293
18249292
18249288
18249283
18249282
18248872
18248164
18248163
18248160
18246226
18245686
18245685
18245684
18230396
18230395
18230382
18230381
18230380
18230371
18230109
18230106
18230101
18223533
18223531
18222329
18218846
18218845
18218837
18218834
18218285
18215687
18215686
18215685
18215682
18215677
18215674
18215673
18215672
18215671
18215670
18215669
18215667
18215666
18213586
18211452
18205656
18205651
18205644
18205641
18205638
18203197
18201619
18201608
18201606
18201605
18201603
18200636
18199151
18199150
18199148
18199147
18199077
18199074
18197857
18197846
18197844
18195000
18194756
18194206
18186737
18186732
18186726
18186725
18183372
18179855
18179424
18177908
18173801
18173799
18173792
18173686
18173685
18173684
18173683
18173682
18173681
18173680
18173677
18173676
18173675
18173674
18173672
18173671
18173670
18173669
18173668
18173665
18173664
18173663
18173662
18173657
18162275
18096205
18085632
18085630
18085439
18082232
18081860
18070120
18063434
18060858
18060429
18054250
18049824
18048081
18047490
18046512
18045653
18045652
18045651
18045650
18045649
18042224
18039337
18037472
18034269
18032126
18031712
18023247
18005337
18005045
18005044
18000684
17998568
17989121
17981260
17977511
17971123
17971121
17971113
17971112
17964529
17961499
17961186
17959936
17956562
17943420
17942069
17941102
17920032
17919819
17805514
17804200
17786571
17786424
17764987
17764984
17763453
17722063
17665114
17651382
17645280
17635038
17619991
17619976
17613261
17604662
17559926
17544103
17418619
17329134
18237389
18006370
17548179
17540524
17532585
18227419
18001709
18223580
18084191
17935757
17910978
18218131
18254090
18254056
18254025
18254015
18215270
18209201
21892255
18207019
18205907
18817213
18082678
17919120
17478067
17459627
18192997
18192989
18192978
18185586
17827053
18173837
33001603
24265640
24265639
24265638
24265637
24265636
24265634
23285327
23285325
23285323
22022218
21998492
20467637
20142937
20142883
20142881
20142880
20142879
20142877
20102240
20054181
20037676
19839519
19839518
19839517
19839516
19740071
19655548
19655546
19655544
19641756
19641755
19634541
19627767
19626801
19626795
19626789
19626786
19561875
19493512
19480301
19469278
19408524
19385506
19374246
19374240
19374239
19374238
19374229
19374228
19366085
19360605
19358385
19358384
19358383
19358380
19358379
19358377
19358376
19358374
19358371
19350059
19350058
19301517
19301516
19301515
19301514
19301513
19301512
19294242
19294237
19291465
19278086
19278085
19278083
19278080
19278079
19271682
19271681
19227691
19227689
19227688
19227687
19223714
19223711
19223710
19216417
19216315
19216314
19216310
19216309
19212513
19212511
19212509
19212505
19212503
19209413
19205533
19192593
19189742
19189590
19181214
19180323
19180320
19180319
19180317
19178101
19178099
19178097
19178093
19178092
19178091
19178090
19177848
19177847
19172920
19172917
19172916
19170292
19163602
19163290
19163212
19163038
19162700
19156101
19156099
19151679
19146017
19146014
19146012
19133489
19127820
19127819
19127816
19127813
19127030
19127027
19127024
19119580
19119578
19119574
19119573
19119571
19119548
19116665
19097392
19095582
19089293
19089292
19089291
19089289
19089288
19089285
19089284
19089281
19088910
19088889
19088880
19088877
19085239
19083786
19075455
19075454
19075452
19075451
19075450
19051351
19050796
19024200
19024184
19016639
19008831
19008830
19008829
19001842
18998581
18998580
18997466
18985159
18974859
18974837
18974544
18974542
18974539
18974537
18973081
18959356
18953750
18949301
18949299
18949298
18949297
18949295
18949294
18942356
18932043
18927568
18927564
18852918
18846976
18841752
18841748
18841744
18841742
18841741
18841739
18837757
18837755
18837753
18837751
18833130
18832828
18832827
18827418
18819449
18818164
18800565
18800564
18800563
18798477
18792846
18787980
18781972
18781068
18780568
18780567
18780566
18780561
18780559
18780558
18768002
18767996
18767994
18763691
18763689
18763688
18763687
18763686
18763193
18763175
18758688
18754538
18753749
18720646
18720048
18720047
18717454
18717452
18717044
18716971
18715362
18709310
18708739
18701823
18701822
18700335
18700334
18688569
18683664
18672605
18672604
18672588
18666021
18663300
18663299
18663298
18661801
18661800
18654894
18647575
18646368
18646366
18646365
18646364
18646363
18637395
18637388
18637387
18637386
18637315
18618337
18616077
18614442
18612793
18604124
18599413
18584006
18584004
18584001
18581775
18577916
18572169
18568234
18568232
18568231
18568229
18568226
18568222
18568221
18567460
18565421
18557472
18557459
18557458
18551221
18551219
18551218
18551213
18551212
18551211
18551209
18551208
18544234
18540519
18540517
18533984
18533975
18523398
18523388
18523384
18523370
18522347
18522345
18522344
18522341
18522340
18516326
18512357
18510039
18509989
18508063
18507771
18507089
18505659
18505658
18505657
18505656
18505654
18505653
18505652
18505651
18505650
18505649
18505648
18505647
18505646
18505644
18505642
18500621
18500159
18500158
18500157
18500156
18500155
18500154
18500153
18500152
18497189
18494159
18491670
18473089
18463825
18459675
18459672
18459249
18457275
18454116
18454113
18446825
18446025
18444016
18443405
18438560
18438557
18437843
18437842
18435002
18431868
18427483
18427368
18425252
18425249
18425248
18425244
18425243
18425242
18425240
18422055
18420397
18417868
18416418
18416412
18413271
18413266
18412572
18402380
18402376
18402103
18402101
18402100
18402098
18402097
18402095
18402094
18402093
18399309
18399308
18399307
18399306
18399305
18399303
18396391
18392519
18391368
18391290
18390244
18390242
18389686
18389682
18389680
18389679
18389678
18389676
18389674
18389673
18380969
18380847
18380845
18380843
18380839
18379723
18379160
18377761
18376018
18373745
18368828
18364693
18364692
18364691
18364690
18364689
18364688
18364686
18364685
18364684
18364683
18363287
18363286
18361337
18361040
18355400
18354912
18350948
18350947
18350944
18345503
18345502
18335740
18335739
18335738
18335737
18335736
18335735
18335734
18335733
18335731
18335730
18335728
18335727
18333596
18333593
18330782
18328490
18326243
18319589
18315377
18313908
18309623
18309611
18306937
18302853
18300031
18293835
18293762
18292649
18292644
18292643
18290528
18290520
18288986
18287790
18286443
18285740
18283959
18279238
18277722
18277719
18277693
18277692
18273515
18271832
18271772
18271770
18269813
18269806
18265733
18257469
18254567
18254565
18254564
18254561
18254559
18254389
18250581
18248338
18245928
18245918
18245916
18237343
18237340
18237336
18237334
18231710
18226886
18217865
18216702
18216690
18216683
18215749
18215104
18215102
18215093
18215008
18213461
18213457
18209836
18204264
18204251
18198059
18195538
18195253
18195252
18195251
18195250
18195151
18193975
18193972
18193971
18193967
18193962
18193954
18193953
18193950
18192577
18192333
18191864
18190359
18190357
18186032
18184353
18184143
18182183
18181936
18181935
18181934
18181933
18181932
18181931
18181930
18181929
18181928
18181891
18179469
18179468
18176652
18176651
18176649
18176648
18176647
18176646
18176645
18176223
18176050
18175029
18174081
18174080
18174079
18174074
18174065
18174064
18173570
18173452
18173450
18173447
18173399
18172782
18172239
18172237
18167487
18167485
18167480
18167479
18167478
18167394
18167386
18166099
18166094
18166092
18165588
18165587
18165142
18164675
18157049
18155605
18155601
18155506
18155505
18155504
18155501
18155500
18155498
18155497
18155496
18155493
18155491
18155487
18155483
18155482
18154575
18154574
18097049
18096895
18089935
18089456
18086028
18086027
18086026
18086025
18086021
18085627
18083656
18083435
18083420
18083415
18082386
18081355
18079034
18078696
18077585
18069113
18068887
18066921
18063865
18061333
18058914
18050377
18048798
18045766
18045765
18042985
18037555
18033778
18023993
18023734
18022749
18022614
18021263
18020303
18006206
18005046
17998778
17981604
17981285
17979966
17971114
17964785
17959825
17957093
17956569
17956568
17956565
17951029
17950685
17949727
17949254
17944966
17944965
17943445
17942342
17941101
17938970
17931366
17927736
17927734
17927733
17923176
17920033
17920031
17916902
17916069
17916068
17913461
17881310
17878733
17825244
17803954
17786996
17765268
17719706
17703893
17656135
17647006
17644083
17618138
17614232
17604658
17587506
17583396
17577634
17560048
17494958
17481724
17471521
17442388
17420043
17361391
17320404
