28561526
26630721
23119253
20944259
15387773
12456196
12293669
12206033
12206030
12090072
12017932
12017930
12017928
11885238
11625465
11625156
11624526
11624521
11370044
10977235
10975746
10756752
10753366
10677947
10677945
10677943
10677941
10677939
10677938
10634105
10602603
10530176
10530175
10530174
10530172
10530171
10464648
10332355
10332349
10332348
10332339
10332313
10332302
10179712
10176136
10023172
10023169
10023166
9868133
9827145
9812439
9789990
9757725
9757724
9750586
9732123
9731422
9709805
9709800
9663056
9663054
9663053
9663050
9663049
9663048
9663047
9663045
9663044
9663043
9656380
9655031
9655026
9655023
9655017
9646696
9646695
9646694
9614884
9612181
9612168
9612167
9612165
9612160
9612158
9612157
9610889
9610284
9601795
9601282
9601278
9598359
9594748
9594746
9594743
9594742
9594741
9591154
9590933
9590928
9586534
9586533
9586531
9586530
9586486
9586485
9584758
9584751
9584748
9584702
9582705
9582704
9571928
9560630
9551142
9550065
9550061
9550058
9543874
9543873
9522891
9520754
9517181
9517180
9517120
9517090
9517042
9515349
9512885
9511494
9511490
9511481
9505333
9495133
9495131
9489388
9487843
9487841
9487840
9487839
9487835
9487831
9487828
9487827
9485638
9485632
9484108
9484106
9484101
9484070
9484067
9477856
9477853
9477848
9477842
9477841
9477797
9477795
9477794
9477793
9477790
9476312
9472149
9472146
9472145
9471713
9470576
9470574
9470572
9470571
9468881
9468879
9468876
9468873
9468872
9468861
9468854
9467324
9467323
9467321
9467317
9462113
9456069
9446991
9446990
9446988
9444378
9439009
9433053
9433050
9433049
9432810
9432613
9432610
9432608
9432600
9428963
9428962
9428959
9428958
9413911
9411937
9411935
9404453
9401007
9381500
9381496
9381495
9381102
9368303
9365958
9365953
9365224
9361527
9361298
9361297
9358899
9354762
9353585
9353581
9353580
9353578
9348969
9347106
9342904
9342900
9333999
9327500
9324745
9324571
9319452
9319118
9304185
9297226
9291481
9288364
9286523
9286516
9286515
9282550
9282549
9282548
9282546
9282545
9277006
9272696
9267577
9261797
9257133
9255605
9252795
9245014
9245013
9245011
9245009
9245007
9244591
9241585
9240927
9238889
9228633
9228513
9227123
9227122
9206736
9200891
9200890
9200352
9198991
9197931
9197930
9195231
9190640
9189629
9189627
9189626
9189620
9189619
9189618
9189614
9188968
9188967
9188966
9188965
9188961
9188960
9188959
9178445
9176733
9174860
9173211
9171482
9171478
9171477
9167089
9165196
9165195
9165189
9165188
9165187
9165186
9165184
9163077
9161136
9159046
9154527
9154525
9150061
9150060
9150059
9150058
9148518
9146075
9142688
9138774
9137044
9134114
9134111
9134110
9131907
9123808
9118191
9118185
9118183
9118182
9118181
9114558
9114557
9107377
9107373
9102393
9096820
9096818
9096816
9096815
9091225
9090964
9090173
9085239
9085228
9085227
9083580
9083573
9083572
9083571
9083567
9080748
9080739
9080735
9063627
9063623
9058013
9049920
9049915
9049914
9049913
9049800
9049794
9049791
9048464
9048461
9048459
9048453
9048415
9048414
9048413
9048412
9048411
9048409
9047167
9046401
9046396
9046395
9046394
9046178
9046041
9042562
9042082
9042081
9042075
9041507
9041505
9041503
9038507
9034955
9034045
9034044
9032649
9030448
9029466
9029464
9029461
9029460
9029456
9029454
9029447
9027492
9024339
9023063
9023060
9022960
9021824
9018413
9018031
9009924
9009923
9009919
9009533
9007933
9007924
9007920
9006072
9005872
9002668
9002408
9001170
8990008
8989526
8989516
8988825
8988588
8988569
8988568
8981968
8977434
8972834
8960488
8955995
8955993
8955992
8955990
8955989
8955988
8955987
8955986
9123794
9123792
8955126
9072299
8985482
8987840
8972624
8981741
8981740
8981739
8943192
8958327
8958325
8958322
8962103
11656573
8990564
8972074
8972070
8956526
28315091
28307792
15159984
15159983
15159981
11921482
11625371
11625370
10968035
10182469
9610276
9610271
9550019
9545883
9545882
9545879
9545878
9545877
9545876
9520792
9520791
9520790
9520789
9516280
9516279
9508885
9485764
9467377
9467332
9467329
9462154
9462045
9462041
9462033
9452677
9452676
9452674
9452673
9452672
9409920
9302821
9257341
9242097
9242095
9242091
9227081
9227080
9227078
9220758
9220754
9220751
9220746
9206379
9206378
9206377
9206375
9206374
9206373
9206372
9171512
9171503
9171035
9171031
9161296
9161295
9161294
9161195
9161190
9161131
9161129
9151610
9151609
9151602
9151601
9151599
9147871
9134109
9134106
9134105
9134102
9122457
9117971
9117970
9115563
9103683
9103682
9087859
9058996
9058994
9044574
9041771
9041769
9041765
9038047
9033452
9033448
9033447
9032019
9031618
9026703
9026701
9023582
9021678
9020420
9018890
9018889
9018887
9018886
9018883
9018882
9018880
9016366
9016362
9015432
9013369
9011140
9009426
9009425
9008995
9008991
9008786
9007362
9007361
9007359
9007354
9007353
9007351
9001179
8997681
8997680
8997676
8997674
8997657
8997653
8997652
8997436
8997083
8992634
8990745
8986051
8976151
8974145
8974142
8974136
8972812
8972811
8972810
8972809
8972804
8972802
8972667
8971648
8971641
8971640
8968130
8959601
8957790
8957118
8956510
8955784
8953143
8950518
8942623
8940275
8939767
8939666
8934559
9053909
8929401
8979414
8953698
8895459
9055241
8923944
8972956
8972953
8972952
27805075
11921997
11921996
11921995
11921992
11921991
11921989
11921988
11921983
10332240
10332239
10332238
10332237
10332235
10332234
9592295
9592294
9592293
9592282
9569779
9515397
9515394
9515392
9470611
9468906
9468902
9468818
9462112
9461937
9461935
9452618
9452617
9452614
9388912
9242149
9242148
9242145
9238601
9227118
9227117
9221010
9206347
9206346
9206340
9206337
9206336
9206331
9206328
9206325
9198419
9198417
9198414
9198413
9198412
9198411
9198410
9198409
9171497
9171492
9171004
9161268
9161267
9161265
9161264
9161180
9161178
9161175
9161142
9161140
9151575
9118275
9118274
9078445
9068874
9068873
9068869
9068866
9068865
9063926
9055011
9049499
9036446
9026699
9026697
9026060
9022198
9022197
9022194
9022191
9022190
9022188
9022187
9022185
9022184
9017180
9017174
9008008
9007436
9007327
9003236
9003234
8998316
8990691
8990690
8990687
8990685
8990683
8990682
8990681
8990680
8990641
8990636
8987303
8985538
8983211
8982638
8976480
8972170
8971654
8971652
8971650
8970206
8970205
8959569
8959568
8959567
8953483
8953475
8953474
8952238
8951634
8950673
8941180
8939379
8939373
8939372
8937360
8936524
8936518
8934072
8933915
8933449
8933448
8933444
8933436
8933434
8922772
8922523
8922516
8922512
8922502
8922186
8922056
8916359
8915426
8913699
8913405
8912559
8911470
8910028
8902234
8902233
8898754
8890822
8882877
8854888
8957250
8921394
8870732
9036256
8958856
8917959
29852583
29539797
29539796
29539790
12320441
9715315
9545910
9545909
9545908
9545907
9545906
9545902
9540744
9528418
9528417
9528412
9528411
9520741
9517326
9516278
9495128
9470520
9462116
9461976
9452624
9452623
9269091
9242131
9242130
9242128
9242127
9206371
9206368
9206367
9206366
9198447
9198446
9198445
9198441
9198439
9198437
9180410
9180409
9180407
9180406
9180402
9161213
9161212
9161211
9161209
9161208
9161204
9161200
9161199
9120607
9116468
9110620
9084321
9084315
9081588
9081585
9045243
9035786
9035667
9031708
9031707
9026961
9026960
9021335
9021331
9021328
9021327
9021324
9021323
9021315
8994334
8992906
8992905
8961609
8961607
8961605
8961600
8961025
8959555
8955671
8955669
8955668
8955666
8954224
8954223
8954220
8954219
8954218
8954217
8954215
8951935
8946249
8946248
8946246
8942194
8942098
8942094
8942091
8933388
8933387
8933386
8933383
8933381
8931571
8923926
8923924
8923922
8923920
8923238
8923237
8916143
8915947
8915027
8915024
8915022
8915019
8915018
8915017
8914138
8912241
8910840
8910838
8910835
8910834
8910831
8910827
8910826
8909734
8909728
8909727
8908922
8908921
8908920
8905204
8903125
8899790
8899789
8899788
8899679
8898527
8898525
8898228
8898217
8897985
8897539
8897307
8897303
8897301
8897296
8897294
8897292
8897211
8897209
8894708
8894410
8894408
8894143
8893963
8893088
8890406
8886547
8886544
8886543
8886542
8886541
8879666
8876497
8876489
8876487
8874175
8874174
8871588
8859236
8859232
8858882
8855994
8855726
8837567
8816530
8781217
8781145
8962998
8854424
8790370
15160007
10457810
10457802
10332331
10332329
9610338
9610337
9592259
9569818
9569817
9569814
9569811
9569803
9569802
9569799
9520785
9516264
9484176
9484173
9484169
9462080
9462079
9462078
9242143
9242140
9242139
9242136
9206417
9206416
9206413
9206411
9198433
9198432
9198431
9198427
9198426
9198425
9198424
9198422
9180418
9180417
9180414
9171046
9171045
9171043
9171041
9171020
9171017
9171014
9171000
9170996
9151594
9151592
9151591
9151583
9120612
9120610
9115977
9115976
9115975
9115973
9115972
9115971
9108749
9108747
9084274
9084270
9084269
9084245
9084241
9057367
9028228
9028220
9028219
9026469
9009659
9004902
8992092
8991243
8983589
8972882
8958351
8958347
8958346
8958345
8958343
8952621
8952620
8952617
8952616
8952615
8952614
8952613
8950861
8940833
8937149
8921691
8921686
8916655
8916653
8916652
8916651
8916647
8916646
8916644
8916643
8910728
8910725
8908877
8908876
8908875
8908873
8908864
8908861
8908855
8897749
8897740
8897738
8897736
8897735
8897532
8897531
8897530
8897526
8897415
8896387
8895234
8891940
8891939
8891937
8891935
8891931
8891930
8891747
8891689
8891376
8890312
8890064
8890062
8890060
8888919
8887812
8887809
8887807
8887806
8887805
8887803
8887802
8887799
8887797
8887794
8885176
8884834
8884833
8884832
8884819
8879428
8876816
8872481
8872480
8864903
8864879
8862346
8854619
8854607
8819355
8819354
8816708
8814034
8814033
8814032
8814030
8814029
8814026
8814025
8814024
8814023
8811824
8811820
8811819
8811818
8797476
8789853
8789846
8765807
8757248
8751877
8751862
8700997
8694890
8883855
8840581
8840579
8702833
8974960
8837493
8812412
8756887
8876996
8965036
8810108
8810107
8702637
8874887
12116947
11921910
10182447
9567788
9461929
9461928
9461925
9456631
9242123
9242105
9242104
9242100
9161258
9161256
9151570
9147126
9147122
9064368
9051953
9051952
9051949
9028186
9028183
9028182
9028180
9022929
9022920
9022918
9022917
9005837
9002879
9002794
9002793
9002788
9002787
8990571
8968131
8941753
8941750
8941747
8941746
8930602
8930601
8930590
8930588
8930587
8930586
8930578
8921656
8921653
8906128
8906127
8906121
8894159
8894157
8894156
8894151
8887726
8884632
8877664
8877662
8877658
8877657
8876740
8876739
8876738
8876737
8876736
8876735
8876734
8876730
8875461
8874761
8871043
8871039
8871037
8871034
8871033
8871032
8870482
8870411
8870055
8866322
8866317
8866315
8866262
8866072
8864604
8863313
8863312
8863304
8863301
8863167
8842741
8842325
8836839
8828160
8824118
8824117
8820816
8820804
8820803
8810804
8805115
8803400
8803395
8795327
8765799
8765798
8765797
8764712
8760846
8760844
8760842
8760840
8760839
8757034
8756159
8755985
8755340
8708308
8698335
8696335
8696334
8696323
8649317
8844715
8663416
8836560
8757915
29287574
20087005
11951481
10597181
10597178
10597176
10597175
10323113
10160393
9594076
9592281
9592275
9592270
9592268
9520695
9516261
9487876
9462149
9462148
9462147
9462014
9455470
9452643
9452642
9452639
9452638
9452637
9387474
9227158
9227156
9206447
9206445
9206444
9206443
9206442
9206441
9206440
9206438
9168668
9151630
9151627
9151625
9151622
9151621
9151619
9133839
9110608
9084256
9081581
9051940
9015571
9015566
9015564
9015562
9002845
9002786
9002785
8963104
8957907
8957906
8957876
8957873
8957872
8957830
8957827
8952361
8941826
8941825
8941824
8941823
8941822
8941820
8935066
8935065
8935064
8935063
8935062
8906708
8906706
8906702
8906700
8896987
8893980
8893977
8893976
8891384
8887081
8877316
8876599
8876597
8876595
8874853
8873083
8872708
8872707
8872706
8870326
8865860
8864186
8858538
8858537
8857658
8857654
8854598
8853177
8844355
8843463
8843460
8843459
8843457
8843449
8842677
8842656
8841904
8841902
8841901
8841900
8841899
8841898
8841896
8841893
8841892
8841792
8840757
8840250
8832482
8832480
8832479
8832478
8832477
8832476
8832020
8830996
8829048
8827389
8827385
8827382
8818133
8817349
8817346
8814633
8814631
8814628
8814625
8814567
8814561
8814560
8814558
8809920
8803349
8803340
8798994
8798993
8784728
8783534
8783533
8783530
8783529
8783528
8783527
8768653
8765864
8764677
8764676
8757969
8754582
8754465
8754463
8753144
8741479
8698129
8686684
8686679
8686675
8686674
8686673
8682501
8681904
8676411
8676158
8676156
8674212
8674184
8663943
8659540
8659534
8653980
8693021
8690325
9433232
29243217
8660867
8660858
8646156
8737658
8777091
8762805
8762803
8762796
8813389
19277132
15160043
15160036
15160031
15160029
11921465
10879216
10356524
10330199
9522759
9522758
9522757
9522755
9522753
9520783
9520781
9511517
9511516
9484091
9484088
9484085
9461972
9273043
9227077
9227075
9227074
9203747
9203745
9171023
9161277
9161274
9110475
9084310
9084307
9084258
9051962
9028268
9028214
9028213
9028210
9028195
9028193
9028191
9028190
9028189
9028188
9028187
9002835
9002805
9002804
9002803
9002802
9002801
9002799
9002798
9002797
8965771
8965463
8957852
8957851
8957850
8957848
8957846
8957845
8948182
8941837
8941836
8941833
8941831
8941830
8941773
8941768
8940538
8937653
8937644
8937642
8934995
8934993
8934990
8934989
8934988
8934987
8934986
8886870
8886864
8886863
8881299
8878305
8871025
8871022
8871021
8871019
8871017
8871016
8871014
8871013
8854279
8842374
8831636
8831635
8831628
8831063
8831059
8818259
8818256
8816997
8815952
8811477
8811473
8811472
8811471
8811468
8811143
8811139
8811134
8809698
8809697
8809696
8809693
8799600
8794968
8794967
8791892
8791890
8791889
8784906
8784905
8784902
8784893
8776588
8769676
8769675
8769674
8769671
8769669
8769668
8769663
8769662
8769661
8769660
8769659
8768641
8768640
8768639
8763986
8763479
8763470
8763142
8763136
8741518
8741517
8741516
8725847
8725837
8725835
8710316
8708279
8708275
8698139
8695778
8694217
8693467
8689497
8689496
8681534
8669698
8659469
8656460
8655109
8651657
8651299
8647435
8609929
11363501
11363500
8652301
8725788
8622760
21781681
8794658
8679892
8661034
8664093
8664091
8664090
8664086
8630052
8723122
29852586
16754385
11921933
10356505
9567873
9487872
9461872
9387563
9387556
9214103
9206426
9206424
9206419
9151580
9151579
9084325
9052020
9051947
9051945
9051944
9028299
9028298
9028296
9019249
9019247
9011846
9005036
9002871
9002870
9002867
9002864
9002863
8979595
8957864
8957863
8957859
8957818
8948174
8941818
8941817
8941814
8941813
8926990
8926989
8926987
8881422
8859961
8859958
8853823
8853819
8835824
8832133
8826505
8814601
8814596
8814592
8809315
8809314
8809312
8809311
8809310
8809308
8809302
8798145
8793833
8784915
8784914
8784913
8784910
8784909
8784907
8783757
8783052
8783050
8783046
8780997
8771338
8771335
8771333
8771331
8767020
8762875
8752560
8752553
8752552
8741381
8736440
8736391
8734769
8734723
8734703
8734701
8734698
8734416
8733121
8733054
8731135
8724711
8724710
8709015
8709014
8709013
8709012
8709009
8707785
8696691
8694746
8692460
8675791
8675790
8661015
8656196
8655153
8655146
8651284
8651265
8646825
8642139
8640578
8638601
8638600
8638598
8638597
8638595
8638593
8636514
8632244
8632243
8632142
8630243
8628473
8628466
8613377
8639373
8639371
8639369
8739644
8739631
8739624
8935288
8610161
29244585
29244582
11921946
11862259
9522692
9522690
9522689
9522686
9522685
9520749
9518863
9495922
9495099
9484082
9484079
9461942
9446982
9446978
9446977
9446974
9442675
9227147
9227146
9227145
9178998
9178983
9178982
9178978
9178976
9178975
9151611
9116464
9084299
9063201
9051975
9051973
9028283
9028280
9028279
9028278
9028203
9028202
9028200
9028199
9028198
9011367
8964778
8949871
8949870
8949868
8948231
8941846
8941845
8941843
8941842
8941840
8941839
8941764
8935015
8935014
8935011
8935010
8934920
8930682
8930680
8930679
8926985
8914687
8863292
8863291
8861295
8860662
8859406
8848338
8838911
8826496
8814588
8814587
8804903
8804902
8804897
8804888
8804887
8804886
8804885
8804884
8804883
8804882
8783188
8778533
8778499
8776255
8773888
8771330
8771327
8771326
8771324
8762867
8743556
8741071
8739175
8739172
8739171
8739167
8739165
8739163
8739160
8739143
8739142
8737936
8733465
8730277
8730276
8730271
8730269
8727579
8725591
8723559
8721240
8721232
8718925
8708974
8708967
8708965
8708964
8708963
8708961
8708132
8708130
8705596
8702056
8701497
8694276
8674503
8670931
8670926
8670925
8655872
8655866
8655318
8654039
8654038
8654034
8654033
8654031
8654030
8654029
8654028
8647559
8645467
8643845
8642534
8642531
8642529
8642527
8642524
8642522
8642519
8638582
8638581
8638579
8638576
8638575
8634215
8634213
8634212
8634208
8634205
8628766
8620851
8609133
8608515
8601285
8600343
8600260
8730689
8690332
8690331
8996919
8815015
9367939
8665908
8604957
8867624
8867622
8867621
11363411
8595272
24057563
15160050
15067460
11921957
11921954
11363358
9594792
9525118
9522752
9522750
9522748
9520663
9487890
9459842
9459840
9387547
9387544
9376057
9206435
9206434
9206433
9206432
9206431
9206428
9171012
9161284
9161283
9161282
9161280
9161279
9161278
9084341
9063233
9063232
9063231
9063193
9063116
9063115
9063113
9051959
9051957
9028287
9002854
9002853
9002850
9002822
8957941
8957938
8957922
8957921
8957920
8957916
8948238
8948237
8948195
8941806
8941804
8935967
8926977
8926973
8925786
8919769
8881991
8871375
8867125
8850569
8850187
8850186
8850180
8845144
8833179
8830097
8819785
8819784
8819780
8788346
8786387
8735017
8735016
8735009
8725369
8725368
8725367
8725355
8723428
8710718
8708949
8708947
8708122
8708121
8708118
8707994
8707987
8707984
8707983
8707981
8707976
8707975
8707973
8707971
8704659
8698025
8695624
8695592
8695591
8695588
8695587
8695586
8695585
8693348
8693085
8693083
8690268
8690264
8690261
8690260
8678355
8676765
8675807
8675804
8675797
8675795
8667127
8667121
8667118
8666452
8666451
8666449
8660005
8653470
8652782
8649664
8649661
8648587
8648586
8648582
8648572
8644705
8639244
8639241
8639239
8639235
8637669
8637668
8634900
8634898
8634895
8634892
8620978
8618095
8618088
8607477
8607474
8607473
8607469
8607468
8595746
8589720
8867920
8850287
8850286
8626794
8746143
8938258
8834051
12290766
11921963
9484099
9484097
9484093
9063223
9063222
9063219
9063216
9051983
9051981
9050641
9002814
9002813
9002812
9002810
9002809
9002808
9002807
8967328
8962786
8935023
8935021
8932499
8929951
8868024
8867751
8867523
8851297
8850065
8850063
8850059
8850057
8849848
8849847
8849846
8849844
8849842
8845514
8845512
8834471
8833518
8833517
8833516
8833515
8833512
8833510
8833508
8833507
8833506
8833294
8799072
8785528
8779663
8779388
8779387
8777275
8746181
8746180
8746175
8746174
8746173
8744916
8740604
8720960
8720885
8720373
8712977
8712976
8712972
8712971
8708943
8703369
8692715
8682995
8682993
8682991
8673283
8669244
8669241
8669240
8667274
8667273
8667272
8667271
8667270
8667269
8667268
8667266
8667262
8667141
8667133
8667130
8665323
8665322
8665321
8665320
8665316
8665308
8655780
8655776
8655775
8655774
8655773
8655406
8655403
8653493
8652501
8652497
8652494
8648985
8639125
8639113
8639107
8638561
8631612
8631611
8631290
8631289
8631288
8631287
8631286
8631285
8631284
8631283
8630510
8629542
8626170
8626169
8626167
8619146
8614905
8614538
8594095
8594094
8594093
8594092
8594091
8594090
8594089
8594088
8594087
8576054
8575970
8574971
8568907
8568479
8556379
8550186
8618645
8579575
8741874
8785113
8785111
8785107
8785088
8785086
31918511
31918496
31918473
28561459
24572440
21413316
21307513
20121645
15513035
15091371
12292593
12089766
12089765
12089764
12089763
11921970
11921968
11885253
11524865
11524863
11524861
10592639
10163770
9854852
9813636
9813617
9813613
9601764
9590890
9590889
9584796
9571917
9567130
9540698
9524505
9524504
9524501
9520675
9495122
9495121
9487874
9468846
9468839
9468831
9468828
9461891
9461890
9456629
9456626
9456611
9455417
9369034
9333682
9320215
9304124
9304123
9281175
9281059
9275611
9275606
9246493
9246492
9242120
9242114
9242107
9238900
9238899
9238898
9238897
9238896
9238895
9238886
9238885
9238882
9238881
9238879
9238878
9238877
9227153
9214034
9214028
9206409
9206408
9206407
9206364
9206360
9206352
9206351
9206350
9206348
9199122
9173515
9161240
9151634
9151633
9102812
9096742
9087782
9086877
9084675
9084658
9084642
9084636
9084331
9084279
9072660
9065983
9065982
9063214
9063212
9063211
9063207
9063206
9045410
9045409
9045407
9045398
9043865
9038396
9036586
9034974
9034973
9034971
9028276
9028274
9028273
9028271
9027133
9026912
9026151
9015449
9000325
8993629
8992671
8992667
8992665
8988368
8985731
8983004
8974185
8974184
8974181
8974178
8974177
8971997
8971995
8966524
8962951
8962946
8962715
8959196
8957912
8957911
8957909
8957885
8957137
8957134
8956985
8956046
8956042
8956034
8953392
8948221
8948220
8948215
8946106
8946101
8946097
8946095
8946094
8940568
8934697
8932870
8928725
8928721
8928717
8928716
8928715
8928714
8926576
8919531
8915958
8909882
8909873
8909560
8907552
8905090
8900602
8899953
8896261
8893104
8893103
8889588
8877092
8877090
8877088
8877084
8877083
8876325
8875032
8875031
8875030
8872320
8863968
8863963
8863958
8860034
8860031
8860028
8860026
8851123
8850590
8850588
8850587
8850578
8850577
8850576
8850492
8850488
8850478
8850458
8850453
8850447
8850446
8850164
8850161
8850154
8850153
8848632
8848631
8844219
8838422
8833597
8833594
8833593
8833592
8833591
8833585
8833583
8833283
8833280
8833142
8833141
8833140
8833135
8833134
8833133
8831132
8829637
8825240
8822544
8822091
8821388
8820122
8814426
8808404
8807343
8805918
8805917
8804151
8800924
8789446
8786862
8781657
8779737
8779275
8778525
8773416
8770705
8767264
8761101
8755692
8755431
8754546
8754544
8751392
8741956
8741091
8740536
8738909
8738906
8738905
8738904
8729620
8727500
8727108
8723697
8721528
8720234
8717330
8713615
8712499
8712498
8712495
8712493
8712489
8712399
8711914
8711331
8708225
8701621
8694142
8693874
8685621
8685617
8678350
8678348
8678347
8678274
8676273
8676270
8676269
8673938
8673937
8668573
8668572
8668571
8668570
8668566
8667317
8667314
8667312
8666436
8665477
8664899
8658581
8658579
8658571
8655945
8655763
8655761
8655760
8655759
8655758
8655756
8655747
8655746
8652088
8636500
8636498
8636496
8636493
8636490
8636483
8636459
8636458
8636457
8636453
8636452
8636451
8635628
8635627
8635620
8635618
8632521
8630177
8630176
8630174
8629864
8625881
8624574
8624573
8624570
8624567
8619982
8619981
8619980
8619978
8619976
8619975
8619974
8619970
8619969
8618086
8618083
8618081
8618080
8618079
8610193
8599243
8598034
8587817
8587212
8587208
8587182
8581954
8568101
8568086
8565823
8565626
8559379
8557256
8542125
8540486
8540485
8540483
8540482
8538673
8530994
