15092740
3826330
3826327
3825482
3823961
3823630
3817676
3817586
3816994
3795345
3794394
3792475
3689928
3689584
3683066
3679235
3678946
3674455
3659207
3644073
3632654
3630615
3626746
3625082
3624420
3624418
3624417
3623945
3620026
3614456
3609531
3609530
3597724
3595787
3592599
3580551
3575481
3574552
3573930
3572411
3569814
3569637
3566536
3566050
3564890
3564885
3564123
3562449
3562448
3558436
3556140
3554452
3553451
3552867
3546640
3545620
3543317
3543313
3543311
3543285
3543283
3509793
3509746
3509620
3509592
3509584
3507855
3507044
3506327
3506312
3506310
3506308
3506298
3506297
3506287
3505791
3505484
3504793
3504792
3504093
3504045
3503660
3502550
3501172
3501146
3499132
3497504
3495085
3484303
3484277
3484273
3483561
3483530
3483181
3482933
3482540
3482460
3482456
3482455
3482347
3482345
3482254
3482151
3481967
3481966
3481963
3481657
3481656
3481444
3481153
3481137
3481136
3481133
3481127
3481122
3480613
3479828
3479101
3479100
3479098
3479096
3479093
3479090
3479088
3479087
3479086
3479083
3479074
3478806
3478585
3478421
3478040
3478038
3478035
3478032
3478030
3478027
3478022
3478021
3478017
3478016
3478014
3478009
3478008
3477327
3477325
3476543
3476539
3476536
3475175
3474291
3474289
3473710
3473709
3473707
3473706
3473568
3473550
3473538
3473145
3472871
3472694
3472343
3471460
3471458
3471457
3471278
3471276
3471036
3471013
3470983
3470980
3470923
3470889
3469771
3469769
3469410
3469392
3469381
3469379
3469377
3469352
3469301
3469298
3468250
3468233
3468232
3468231
3468170
3468166
3468142
3468140
3468139
3468128
3468125
3468124
3467582
3467580
3466706
3454561
3452836
3451036
3447129
3447065
3445983
3444265
3443418
3441240
3440278
3434844
3429608
3334671
3333851
3333689
3333406
3333404
3331206
3322457
3322146
3321431
3319438
3317395
3313699
3313134
3313133
3310978
3310975
3308095
3305619
3304355
3303321
3296551
3296172
3296143
3273371
3269835
3268684
3144505
3140771
3130039
3115686
3114802
3114705
3113066
3109820
3104414
3103900
3101124
3035692
3029365
3029357
3027024
2980705
2977696
2975820
2975518
2975489
2967605
2965938
2963461
2962459
2960304
2956798
2956789
2954336
2954335
2954334
2952873
2952162
2948844
2896305
2894107
2893371
2893370
2888598
2883698
2833879
2833734
2829165
2825162
2823759
2821975
2449004
2448332
3823855
3551992
3551990
17816507
3824328
3466621
3827511
3820285
3818166
3812662
3812333
3808741
3806185
3802191
3801577
3786733
3782459
3780901
3776931
3557411
3556242
3551900
3550923
3549943
3547100
3547096
3542838
3542676
3540773
3536034
3534238
3534237
3505742
3505576
3505571
3505570
3505249
3504830
3504526
3484203
3484200
3484199
3484173
3477387
3477383
3477382
3474718
3474297
3474293
3474292
3473769
3473768
3473567
3473525
3473460
3473459
3473131
3472276
3472178
3472177
3470483
3470479
3470475
3470411
3470401
3470241
3469863
3469862
3469633
3469582
3469512
3469503
3469327
3468600
3468598
3468352
3468351
3468349
3468202
3468105
3468082
3468079
3467298
3467288
3467062
3467057
3466934
3466768
3466767
3466766
3466765
3466764
3466763
3466762
3466759
3466757
3466753
3466751
3465943
3465773
3465772
3465769
3464751
3464748
3333237
3333234
3333233
3333231
3333161
3295960
3295942
3105902
3102029
3100679
3100676
3100672
3100289
3099252
3098087
3078823
3024698
2953409
2948927
2947621
2888597
2851025
2432212
3467928
3544602
3472925
3465359
3801865
24006569
16031235
3812653
3812652
3799493
3797017
3789416
3601713
3596400
3550034
3550033
3547351
3543837
3543295
3541295
3540242
3540241
3540240
3540028
3540026
3540022
3540021
3540020
3538117
3537897
3534233
3534229
3534222
3505932
3494114
3490499
3478391
3478390
3478387
3478386
3477381
3477380
3477378
3477375
3474281
3474280
3473852
3473848
3472848
3472844
3471972
3471631
3470837
3469792
3469762
3469128
3468581
3468578
3468330
3467453
3467052
3467051
3467045
3466917
3466915
3466913
3466869
3466807
3466799
3466797
3465793
3465232
3465042
3464744
3464632
3330320
3299559
3296548
3295940
3271782
3111409
3111408
3104934
3104560
3102026
3030024
3024749
2959692
2958244
2949364
2948298
2946739
2946221
2878831
2876963
2876962
2435872
3508733
3542409
3762611
3465998
2428505
2430813
3307813
11621303
3830072
3799823
3793530
3781444
3777024
3774728
3773431
3771418
3766710
3760961
3642031
3641001
3641000
3602732
3572003
3562674
3554077
3554074
3544657
3542663
3541645
3541562
3541147
3540626
3540581
3539730
3539490
3537019
3536292
3535945
3535874
3534211
3531487
3492031
3482441
3482431
3477367
3473749
3473747
3472516
3469077
3469073
3469052
3468742
3468736
3468735
3468703
3468701
3468640
3468574
3468543
3468534
3468496
3467525
3467419
3467418
3467183
3467180
3466850
3466787
3466750
3466749
3466748
3466745
3466559
3466557
3466190
3466148
3466119
3465959
3465956
3465853
3465851
3465850
3465756
3465754
3465752
3465599
3464922
3464918
3464654
3464650
3464645
3464193
3463754
3330061
3330060
3131708
3099583
3099582
3098810
3098390
3097192
3097182
3095485
2970655
2957461
2945853
2945851
2885927
2878802
2433419
3747726
3541958
3467751
3467747
3776045
3756518
3467746
3762666
3771833
3468573
3465336
3825146
3800310
3798976
3797456
3795618
3792954
3783213
3781681
3777142
3776885
3775031
3769357
3767074
3766997
3748386
3556079
3546555
3540874
3538796
3534191
3533788
3533787
3533786
3532505
3529932
3528466
3528461
3528455
3505100
3504517
3490042
3490041
3490040
3490038
3490036
3483243
3482851
3482746
3478665
3477397
3473045
3473043
3472828
3469834
3469830
3469829
3468705
3468704
3468627
3468565
3466987
3466443
3466442
3466440
3466432
3466430
3466304
3466303
3466214
3466203
3466156
3466142
3466139
3466048
3466046
3466007
3465921
3465887
3465527
3465523
3464721
3464624
3464618
3464617
3464616
3464570
3464568
3464567
3464536
3464535
3464094
3463728
3463645
3463617
3463585
3463582
3463581
3463579
3463578
3463381
3463198
3463197
3463196
3463193
3462637
3462636
3462627
3462388
3461884
3461031
3111421
3100743
3100740
3027286
3025468
3025316
3018236
3016050
2948517
2946866
2874164
3768319
3776071
3466485
3745510
3742222
3811359
3805152
3768807
3758242
3750809
3746915
3738577
3732470
3538426
3538005
3535356
3535062
3533515
3532526
3531475
3531472
3531471
3531470
3531464
3531463
3531246
3529163
3528451
3527546
3488674
3467476
3467267
3467262
3467259
3466484
3466482
3466481
3466356
3465833
3465475
3465193
3465190
3465108
3465106
3464986
3464983
3464033
3463750
3463742
3463643
3463588
3463575
3463574
3463573
3463570
3462896
3462892
3462761
3462625
3462623
3462616
3462236
3462231
3462199
3461909
3461905
3461904
3461707
3461706
3461705
3461026
3461025
3461024
3091726
3091725
3091719
3091225
3022527
3018214
3017094
3017093
3016049
2946167
2883741
2875637
2427435
3733683
3730880
3464479
3488524
20742681
3523258
3541953
3809427
3805984
3777850
3777846
3777845
3777844
3777839
3777834
3774856
3755465
3738503
3725652
3721577
3712615
3709020
3610298
3537178
3537177
3535628
3535623
3533509
3533508
3532684
3532172
3531443
3529977
3528235
3527786
3527682
3527681
3525239
3524769
3524669
3524249
3523207
3522886
3522880
3522876
3522870
3522594
3522018
3507774
3507012
3489010
3482646
3472813
3472810
3472352
3468694
3467529
3463767
3463699
3463078
3463044
3462991
3462973
3462955
3462948
3462848
3462440
3462379
3462210
3462208
3462207
3462206
3462205
3462203
3462156
3462155
3461998
3461997
3461990
3461729
3461153
3461149
3461121
3461018
3461017
3461016
3461015
3460630
3460348
3460344
3460342
3460012
3460010
3459886
3459885
3459884
3459882
3459878
3459682
3458763
3458759
3329481
3093651
3092673
3090611
3089560
3018186
3016231
3011868
2980415
2948247
2942587
2941463
2941322
2878400
2873068
2436861
2426387
3464476
3464472
3464471
3464469
3533113
3739185
3739170
3749761
3464305
3719354
28311345
11611964
3821613
3807037
3740820
3740251
3723552
3714382
3710580
3540177
3533233
3531823
3531820
3526528
3526419
3526418
3526295
3526294
3525290
3524861
3522868
3522866
3522865
3522863
3522860
3522850
3521300
3519728
3519714
3505293
3490825
3489246
3488206
3472802
3470335
3466974
3466549
3466350
3466257
3465823
3465822
3465816
3465809
3465272
3464054
3463948
3462512
3462479
3462258
3462068
3461986
3461661
3461660
3461543
3461427
3461405
3461108
3460990
3460824
3460801
3459996
3459993
3459992
3459985
3459984
3459863
3459861
3459859
3459858
3459619
3459616
3459360
3458798
3458795
3458748
3458747
3458745
3273643
3095745
3090933
3090891
3088160
3088156
3088155
3078818
3078817
3024216
2950046
2946206
2944428
2942573
2941378
2424310
3727329
3461920
3955515
3464491
3464486
3528774
3701951
17781415
28311362
3745798
3739462
3736792
3736773
3728828
3728655
3728040
3708698
3707174
3703755
3699897
3636575
3538250
3538249
3538202
3529411
3529212
3529033
3523847
3523347
3522651
3522650
3522649
3522252
3520429
3518469
3517096
3488697
3487557
3487066
3478769
3472796
3468262
3467733
3465073
3464843
3464834
3464292
3463490
3463489
3463036
3462917
3462915
3461249
3460245
3460226
3460109
3459801
3459692
3459330
3459127
3458920
3458914
3458889
3458787
3458784
3458782
3458735
3458733
3458375
3458099
3457946
3457942
3457940
3457826
3457822
3457821
3457820
3270568
3270565
3107919
3092385
3013947
3013384
3009580
3009579
2944309
2941885
2875528
2427676
3460861
3457583
3463051
3710873
3714101
3463062
3462133
3518862
3708318
29966406
3956650
3725565
3718707
3717323
3717051
3716352
3716348
3713142
3712431
3710693
3706653
3701351
3700227
3538238
3529730
3529172
3527508
3523220
3522849
3522522
3522216
3520694
3519693
3519692
3518035
3517310
3517109
3516277
3514898
3514896
3514892
3514884
3512672
3489091
3472793
3469244
3469238
3466407
3466243
3463032
3462961
3462960
3462821
3462785
3462784
3462255
3461897
3461624
3461414
3461105
3461070
3460305
3460304
3460303
3459960
3459953
3459852
3459654
3459650
3459008
3459000
3458723
3458659
3458560
3458400
3458289
3458288
3458152
3458138
3457950
3457888
3457685
3457684
3457683
3457676
3457675
3457673
3457534
3457532
3457528
3457174
3457148
3457146
3457145
3456797
3456792
3095731
3092279
3090187
3088234
3084156
3083687
3083021
3083019
3083018
3083017
3011230
2948238
2944076
2941056
2940382
2940267
2939545
2869772
2425065
2874060
2874059
2874058
3697753
3697733
3526745
3519115
3458577
3697708
3963426
3960409
3957969
3954955
3952553
3952205
3951714
3950287
3950163
3949379
3946356
3720272
3707778
3706516
3705650
3702272
3583772
3530655
3529170
3525712
3520965
3520300
3520176
3518480
3517932
3517074
3517073
3516887
3516886
3514876
3514873
3514826
3514725
3513597
3513596
3513498
3486085
3482882
3481994
3481991
3472780
3471882
3467732
3466921
3463476
3463227
3463223
3463167
3463089
3462815
3462778
3461943
3461941
3461938
3461936
3460056
3459778
3459762
3459053
3459050
3458852
3458843
3458134
3458131
3457811
3457809
3457807
3457806
3457790
3457789
3457788
3457764
3457742
3457162
3457141
3457140
3457134
3457131
3457130
3457052
3457048
3457047
3457043
3457036
3457034
3457032
3456718
3456717
3456713
3456712
3329955
3273641
3083472
3083470
3083083
3081869
3009428
3005019
2946051
2938477
2937306
2422223
3488234
3697694
3456760
3474837
3460838
3527210
3461816
3951277
3527207
29966408
29954167
3961310
3957963
3957189
3956000
3954227
3950689
3546426
3546425
3542400
3529181
3529167
3525104
3518230
3516666
3514865
3514860
3514858
3514856
3514853
3512655
3511716
3511130
3511111
3485508
3467917
3467914
3463023
3462965
3462863
3462774
3461628
3461595
3461504
3460789
3460781
3460779
3460778
3460777
3460199
3459250
3459249
3458630
3458536
3458282
3458278
3458277
3458103
3457703
3457701
3457700
3457399
3457348
3457340
3457338
3457159
3457156
3457150
3457149
3456934
3456872
3456871
3456870
3456692
3456690
3456688
3456640
3456380
3456377
3456208
3455972
3455970
3455966
3455965
3455963
3455951
3455949
3455948
3455947
3455945
3455943
3455941
3273030
3095727
3083003
3014604
3010061
3003307
3002983
2939544
2938209
2937608
2936787
2422406
2420957
2869420
2872163
27442827
11621109
3961114
3956627
3955951
3953646
3950967
3950686
3945663
3944572
3943643
3826649
3826646
3826642
3825320
3825312
3813420
3811821
3811722
3801542
3799008
3796719
3791386
3790375
3778432
3774804
3772989
3771739
3771586
3770113
3768206
3767229
3764160
3758471
3758248
3755535
3754855
3753476
3749196
3743999
3740791
3740449
3739600
3739599
3728902
3724932
3722342
3721780
3721193
3717593
3714906
3713911
3710110
3707563
3707440
3706773
3702979
3700608
3700588
3645233
3633858
3619440
3591225
3583152
3557226
3556669
3550856
3548594
3541075
3538676
3535947
3530219
3530217
3529165
3526496
3526414
3526121
3523809
3520355
3518674
3518113
3516565
3516399
3515389
3514289
3512365
3511242
3511240
3511238
3511237
3511235
3511233
3511229
3511217
3511203
3511199
3511198
3511197
3511109
3511103
3511102
3511101
3510550
3510240
3507771
3506387
3506232
3505458
3505456
3505074
3505070
3505067
3505066
3501889
3500698
3493546
3492058
3490680
3485919
3484785
3484524
3484143
3484142
3482641
3479962
3479960
3479959
3479958
3479953
3479952
3479065
3479061
3477214
3477213
3477208
3474877
3474875
3474591
3470223
3470081
3470078
3469893
3469720
3469701
3469700
3469699
3469698
3468786
3467984
3467906
3467686
3467683
3467667
3467666
3467665
3467445
3467442
3467440
3467417
3466378
3466377
3466291
3466287
3466286
3466285
3466283
3466224
3465764
3465405
3464461
3464077
3463427
3463267
3463266
3463265
3463263
3463257
3463253
3463021
3461537
3461524
3460769
3460766
3460758
3460664
3460540
3460538
3460537
3460260
3460258
3460194
3460159
3460158
3460157
3459581
3459411
3459409
3459407
3459405
3459404
3459247
3459246
3458436
3458434
3458318
3458316
3457867
3457864
3457666
3457664
3457429
3457427
3457426
3457186
3456995
3456992
3456991
3456676
3456673
3456672
3456652
3456634
3456421
3456359
3456320
3456147
3456146
3456145
3456141
3456136
3456133
3456132
3456131
3456037
3456036
3456034
3455997
3455996
3455961
3455957
3455939
3455796
3455793
3455792
3455702
3455699
3455697
3455694
3434936
3333991
3331850
3324886
3307713
3307280
3274255
3274254
3274253
3268520
3144722
3107147
3101303
3099395
3097882
3090775
3088752
3086533
3085643
3082783
3080898
3080897
3079647
3078134
3077160
3031901
3021507
3019286
3017648
3013138
3007831
3007720
3003329
3003172
3003166
2950681
2947301
2946120
2944316
2944312
2944311
2941940
2941039
2939659
2938365
2935752
2935562
2935561
2935260
2934986
2901151
2881371
2878018
2871826
2869888
2867210
2823756
2436993
2434452
2432864
2431593
2429827
2427871
2427485
2425466
2425088
2421032
2420956
2420464
2420457
2416543
