22993869
28520343
22855961
30894950
26843757
26843742
26254175
26288494
26265839
26265806
26028864
25859080
25838690
25838678
25838677
23239751
22743854
26199541
26199513
26199511
26199509
23278255
22985095
25443354
25350600
25382912
23148112
22214484
25183915
25183914
25183904
23170948
23134197
25114356
23217013
23216987
23190341
23148761
25378781
23183028
24822002
23216625
23176113
23167753
22897709
23278702
23237430
22593221
24843205
24697961
24697958
24697957
22804793
22726935
22251257
24630037
24604994
23238806
23126314
23104254
22700341
22672112
22552898
23278549
23190181
23167944
23067316
23039036
22970654
22883719
22672728
22577959
22577941
22405099
22214517
29805868
24605295
24445010
24382371
24382366
23263522
23245692
23239387
23237432
23224521
23212445
23210667
23184419
23148454
23011475
22986701
22970853
22939324
22939321
22788245
24516774
24391927
24511332
24421866
24386438
24386179
24490085
24490079
24386387
24386401
24386326
24376796
24367696
24367478
24367690
24453788
24386632
24379894
24349465
24349205
24391462
24339946
24324782
24339873
24324657
24324627
24400037
24312507
24431892
24431882
24431798
24431793
24431785
24431784
24431780
24431779
24431768
24427605
24279665
24279664
24279660
23271215
23242816
23242815
23222882
23138750
23067514
23025467
23009179
22998461
22957911
22925006
22882586
22804834
22804823
22783890
22700316
22676323
22630350
22607635
22453056
22390742
22376232
22251879
22251669
24358064
24358063
24312213
24379743
24278237
24278477
24278334
24278319
24260129
24348143
24294356
24260154
24244680
24399893
24273514
24255817
24427486
24223483
24164226
24164225
23261813
23237431
23224046
23224040
23192286
23190278
23171469
23171351
23167694
23135786
23135785
23135427
23114880
23111639
23064946
23050658
22952325
22882602
22882574
22849663
22784417
22775968
22762920
22428549
24265652
24204173
24204860
24255808
24205220
24260595
24250255
24194943
24194885
24194880
24194861
24147112
24146934
24146836
24175053
24175052
24143178
24155885
24146949
24146904
24130667
24228014
24124513
24146585
24098394
24146582
24133648
24600146
24422037
24138999
24068287
23448098
23279451
23279369
23277412
23259414
23253094
23248352
23241924
23240762
23173829
23171162
23164335
23164303
23163973
23142950
23136974
23136948
23067566
23067388
23045306
23041934
22989715
22987319
22972688
22940263
22828075
22819455
22804845
22775590
22775297
22771407
22762284
22708959
22697581
22236208
22233224
24516771
24198851
24098738
24086264
24179569
24179566
24171115
24058597
24109543
24392281
24159390
24156069
24058888
24040254
24040024
24039890
24039825
24040109
24167534
24040293
24967291
24023957
24023906
24019850
24019968
24431853
24431849
24431764
24431763
24431746
24431745
24431744
24431736
24431735
24431731
23270574
23259413
23244625
23237582
23192373
23163305
23161328
23135425
23121171
23111768
23108628
23106510
23103959
23064975
23053707
23010956
22971912
22924841
22819456
22740167
22616760
22607606
22587805
22533624
22404081
24516770
24278891
24023614
24167419
24078856
23991204
22560949
24024036
23990929
23990733
23966931
23951264
23951068
23951021
23983592
23951334
23950871
24377091
24019849
23984306
23984289
23936326
23936324
25516801
23910182
23890259
23278448
23278284
23261814
23253051
23228500
23216907
23216882
23157162
23137007
23106511
23106439
23088532
23075433
23067276
23067235
23050778
23030240
23030238
23001492
22968670
22882995
22882901
22882839
22882802
22828076
22783913
22672584
22577116
22551347
22540833
22531664
22474212
22467567
22427406
22379131
22376042
22324427
22291432
22285450
22236111
25408878
23986651
23922876
23922751
24009647
23936247
23894570
23894376
23874921
23991281
23956694
22285446
23956865
23874378
23853701
23878510
23844127
23843996
23843954
23927978
23279752
23278191
23270383
23249256
23240919
23219916
23215546
23215544
23210917
23210859
23181776
23146163
23107153
23088528
23086332
23053701
23053700
23053699
23036833
23026501
23015025
23011473
23003917
23001188
22994878
22984985
22968783
22934839
22891625
22869158
22832847
22806609
22790477
22772774
22749709
22736273
22568699
22540676
22462496
22462471
22376053
22292803
22249845
23806086
23878742
23840861
23840650
23840547
23991273
23991269
23991268
23991267
24282642
23826088
24040601
23825559
23799134
23776636
23776616
23776517
23762201
23794921
24431847
24431840
24431837
24431832
24431829
24431723
24431719
24431718
23411301
23411194
23279141
23279111
23279080
23279061
23279044
23273865
23261253
23240965
23240887
23235961
23216284
23212299
23190333
23190273
23176604
23173723
23158853
23138930
23137292
23123070
23107048
23107047
23106389
23093139
23092955
23088597
23072366
23072345
23068015
23020631
23010201
23004568
22994483
22978767
22978647
22936299
22936298
22907664
22897654
22886460
22882609
22873656
22873654
22868986
22855308
22847038
22842858
22839695
22816496
22813345
22805585
22799757
22788690
22762919
22738197
22714942
22672611
22607365
22573909
22551193
22540845
22531665
22512354
22486163
22462527
22409733
22364530
22267705
22247225
22247224
22236085
23754872
23741520
23737960
23124816
23734206
23734177
23794911
23724135
22974716
23717675
23717470
23704972
23704875
23802024
23750102
23738087
23675415
23710141
23738088
23671757
23658797
25737893
24761226
23622490
23622469
23622465
23611386
23287605
23281264
23280699
23245701
23233167
23224062
23219710
23210916
23210545
23188595
23157422
23153006
23146130
23146109
23145973
23145485
23143074
23140519
23140517
23126492
23116693
23116390
23110580
23106546
23101439
23095092
23095073
23092202
23092171
23092147
23092144
23092141
23092140
23088598
23078584
23078511
23075062
23075061
23073923
23067361
23067116
23062064
23043245
23042981
23039068
23035832
23034145
23030553
23009359
23001914
22989272
22977015
22970752
22917439
22906039
22905970
22897594
22893034
22892037
22891890
22889200
22886459
22864528
22828935
22827733
22824916
22820117
22816380
22814761
22813344
22784470
22783981
22783923
22771411
22769441
22762918
22762917
22762481
22761042
22752711
22747485
22746288
22746200
22724578
22702517
22680300
22672232
22644543
22610032
22607272
22607111
22594301
22583707
22581485
22554248
22548676
22404912
22335358
22335249
22276690
22276635
22272657
23638071
23819006
23630450
23638020
23737731
23737704
23620822
23620815
23750101
23613983
23613921
23638227
22987667
23593173
23585866
23593441
23593215
23794839
24431555
23827597
23522542
23472797
23305834
23270749
23265852
23264108
23243264
23242785
23232577
23228499
23224996
23196065
23182165
23176551
23167917
23158028
23143030
23142021
23111467
23107279
23106772
23106603
23098898
23095040
23094654
23053698
23045998
23026815
23025514
23016607
23001114
22994245
22984815
22978697
22973989
22970886
22970844
22970775
22958051
22957935
22939373
22934613
22906406
22900534
22897943
22882407
22873655
22851195
22834984
22821429
22815209
22813346
22805753
22805745
22791283
22788719
22782256
22777392
22777390
22777389
22775296
22765307
22752334
22744163
22733244
22707232
22695051
22681589
22680302
22676308
22648729
22638773
22638771
22631882
22624850
22613081
22613067
22580927
22554390
22539046
22520279
22515173
22467569
22450601
22440134
22423182
22251243
23878771
23741536
23741534
23741604
23741602
23741601
24303273
23219968
23977649
25685409
25427475
24431706
24431702
24431700
24009033
24009032
23451931
23451930
23451929
23451925
23402520
23402519
23402516
23402515
23402508
23287406
23278599
23278438
23278167
23278102
23277160
23271217
23267796
23266488
23265850
23264610
23262746
23261402
23261122
23250953
23249726
23246340
23245577
23228336
23224116
23224064
23224043
23215545
23212391
23211042
23207519
23201354
23179008
23174652
23174631
23174213
23160038
23153573
23142095
23137215
23136828
23122692
23103025
23098663
23092148
23088187
23069329
23066654
23062715
23046973
23039158
23021917
23013422
23011523
23004362
23001451
23000522
22968422
22964221
22950452
22946561
22939371
22934528
22926774
22920309
22917443
22909080
22908948
22901527
22900749
22891767
22889410
22882550
22882229
22866756
22860753
22858018
22849712
22837192
22805989
22788726
22788722
22774938
22770431
22743645
22612367
22591636
22581161
22576325
22573245
22564069
22563991
22552594
22552592
22548588
22548586
22548585
22548583
22547323
22538472
22528955
22526889
22524329
22512546
22502601
22476450
22460401
22451342
22446165
22431146
22431145
22428946
22428923
22390255
22384801
22364512
22348529
22293391
22250859
22236363
23674927
23234862
25002989
23638359
22854070
23598013
24715951
35484806
23374409
23374405
23331424
23321248
23321242
23321240
23321233
23321232
23321231
23321230
23321229
23321228
23321227
23321226
23321224
23312923
23311656
23311655
23281072
23279420
23279406
23279405
23279395
23279388
23274435
23274411
23273561
23273044
23264742
23264656
23260568
23252480
23242228
23238858
23230853
23225234
23225220
23225157
23219279
23218748
23218650
23209285
23203312
23201293
23200300
23197742
23188620
23184701
23183644
23182375
23182220
23179371
23175640
23175379
23169889
23166044
23165282
23160037
23146817
23146767
23142943
23142342
23140842
23138046
23137995
23137161
23134328
23124894
23110851
23107191
23088789
23088630
23061752
23052839
23036797
23036657
23034536
23033943
23021924
23000525
22982436
22970899
22961875
22961558
22940557
22940125
22939372
22926664
22921439
22915330
22905750
22900919
22881344
22864536
22831864
22823058
22781092
22767492
22767485
22727546
22712441
22695020
22658497
22633464
22613693
22609173
22548584
22545834
22535691
22524327
22522430
22521701
22513082
22509756
22487464
22453035
22429294
22429279
22420876
22420874
22413942
22413921
22329425
22251318
23229549
23261473
23230147
23221152
23188822
23135673
23098803
37206584
33686357
29913883
27274954
27006907
26618183
26527985
26527975
26527920
26473214
26438953
26438943
26316991
26312357
26295129
26295125
26295101
26287102
26269847
26269830
26266313
26240913
26217839
26217837
26217834
26213764
26213760
26213755
26191574
26185865
26185860
26176100
26167575
26146683
26131532
26131520
26131509
26131487
26131469
26120687
26120682
26120658
26106763
26106724
26106673
26097954
26097944
26042298
25969824
25807780
25773113
25606306
25606305
25606301
25485287
25392764
25325092
25325091
25320771
25250443
25232605
25229116
25229110
25206194
25206191
25206190
25206188
25206186
25206185
25206184
25206183
25206179
25141621
25098093
25098087
25026758
25026756
25026755
25000839
24987640
24987639
24987637
24858333
24830731
24779901
24741917
24738237
24732882
24732779
24693797
24683783
24683780
24683779
24683778
24683776
24683774
24683773
24683772
24683770
24665522
24665289
24660308
24660307
24660305
24660270
24645561
24640710
24640078
24640077
24640075
24640073
24640072
24640069
24624380
24624379
24624377
24624375
24623079
24620565
24601178
24596515
24592746
24589637
24589635
24589576
24579893
24575282
24570983
24570982
24566021
24555406
24554584
24553281
24553276
24553275
24553273
24553271
24553268
24553267
24532933
24521552
24521551
24521550
24521548
24521546
24509145
24505919
24505917
24505901
24505897
24501798
24497133
24494324
24494159
24490091
24490090
24490073
24479695
24479646
24478980
24478979
24478974
24470846
24466642
24466639
24459811
24455411
24455342
24455322
24455319
24455318
24455317
24455268
24454377
24436951
24436945
24432559
24432558
24429794
24429793
24429792
24429789
24423417
24420442
24416608
24416601
24416600
24408245
24399016
24396611
24396609
24390952
24383015
24383012
24383011
24383010
24382048
24375311
24375309
24368946
24367729
24367728
24364192
24363941
24363672
24358006
24353542
24351926
24351925
24351924
24351922
24351921
24351920
24351918
24351916
24351915
24351914
24351913
24349801
24348580
24348560
24342308
24341168
24341164
24340643
24340555
24334631
24324899
24322046
24322040
24322026
24319839
24319603
24319602
24319461
24309049
24309044
24309043
24309040
24309038
24307834
24303735
24303733
24303731
24303730
24303729
24303728
24300708
24300705
24294822
24294819
24294818
24291934
24291932
24291904
24288533
24288440
24288426
24285977
24282872
24282870
24282869
24282867
24282648
24280830
24273617
24273614
24270135
24267823
24255614
24240905
24240897
24240894
24228259
24228181
24228034
24222868
24217646
24215476
24204093
24203632
24203410
24198978
24195067
24192998
24192068
24191202
24191201
24189407
24188777
24188774
24188773
24188765
24187632
24187631
24187495
24173269
24173265
24173260
24173252
24173251
24173250
24173248
24173245
24171332
24171331
24169620
24167951
24163808
24163563
24163558
24163556
24163555
24163552
24163550
24159683
24155557
24155556
24151615
24151512
24110501
24110226
24109707
24109661
24107603
24106617
24101928
24089614
24088845
24088844
24088839
24088835
24088834
24088831
24088825
24083036
24083033
24082990
24082987
24080930
24080928
24080530
24078928
24069877
24069590
24068408
24061285
24059491
24051719
24049414
24046825
24046824
24046821
24041022
24037302
24037301
24036813
24036771
24032282
24029113
24027644
24024044
24022022
24004866
24004059
24004056
23994860
23994858
23994857
23994851
23994846
23988908
23984339
23984115
23984109
23983692
23980395
23980394
23971976
23971213
23970324
23969922
23969904
23965861
23961685
23960554
23960552
23960417
23960415
23960414
23960413
23960412
23960408
23957474
23957445
23957144
23957143
23957142
23957141
23957140
23957046
23956236
23949116
23948666
23944167
23937258
23936687
23935261
23931818
23931817
23931785
23931783
23930575
23920808
23920075
23920072
23916270
23907945
23907424
23906975
23906974
23905424
23905276
23905273
23903651
23903636
23903633
23903581
23903579
23898578
23883612
23878840
23878835
23878829
23878828
23878827
23878826
23878577
23878565
23878563
23878561
23878557
23878556
23876962
23876961
23876960
23876958
23876953
23876948
23875091
23875090
23875088
23875085
23875084
23864963
23862079
23860646
23857660
23857658
23857657
23857653
23857650
23857649
23853727
23853471
23853468
23853467
23853465
23853463
23853460
23853458
23853455
23853454
23853453
23853447
23853444
23852255
23852253
23852248
23852247
23852246
23852244
23852242
23852240
23852239
23852237
23852235
23852233
23852230
23852227
23843793
23843792
23841055
23840230
23840212
23838478
23836137
23819069
23817065
23817062
23817060
23817058
23817057
23817056
23812101
23809439
23802117
23798857
23798848
23798827
23797205
23792399
23792398
23792397
23792396
23792391
23789303
23781337
23781245
23780366
23780360
23780354
23780353
23777802
23775926
23774408
23772585
23771096
23771095
23771082
23771078
23767289
23763729
23763727
23762828
23762825
23762739
23762649
23762646
23762106
23762091
23757458
23757457
23757454
23752855
23752852
23752849
23752839
23752836
23752834
23752832
23749698
23748460
23748457
23748456
23748452
23748451
23748450
23737787
23732826
23727745
23727744
23727741
23727740
23727737
23727735
23727707
23724207
23724206
23724205
23724203
23724197
23723681
23721037
23721036
23721034
23720038
23719972
23719016
23719015
23719010
23719009
23719002
23718999
23718994
23715457
23715456
23715455
23715454
23715452
23715451
23715446
23715445
23715442
23715311
23713039
23712062
23710375
23710373
23697300
23697299
23697298
23697297
23697296
23697295
23691372
23690777
23689528
23683487
23679290
23674614
23663977
23662269
23662268
23662261
23662259
23662215
23657417
23657415
23657409
23657408
23653648
23652859
23646344
23646337
23646333
23646332
23646329
23646321
23641664
23641663
23640290
23635902
23635900
23635899
23635897
23635892
23635891
23635889
23635888
23635887
23635886
23635884
23635883
23635378
23634335
23633875
23633874
23633872
23633850
23633832
23633787
23633786
23633785
23633784
23633780
23633778
23633777
23633776
23633768
23633766
23633764
23631112
23625067
23622411
23622398
23622320
23622185
23622177
23615395
23614985
23614951
23614950
23613295
23610864
23610088
23607099
23606995
23606994
23606993
23606851
23604055
23600220
23595242
23595238
23595237
23594784
23591870
23590109
23588863
23579915
23579912
23579909
23579908
23579906
23579904
23579901
23579894
23579893
23579892
23579891
23579886
23577262
23577067
23577057
23573427
23573214
23572031
23562260
23559117
23559116
23559115
23559113
23554928
23554848
23554814
23550331
23550329
23550327
23548886
23547723
23547492
23547491
23547489
23547488
23544074
23540218
23540089
23539905
23539609
23538765
23538761
23538760
23537519
23535642
23534522
23534304
23534053
23534051
23534046
23534045
23534041
23534039
23534036
23533834
23533828
23533825
23533824
23533822
23533677
23533414
23533412
23533364
23533017
23529334
23529318
23528405
23528404
23528402
23528127
23527125
23525455
23524908
23524600
23524445
23522141
23522126
23520524
23520494
23520396
23520395
23520390
23515150
23514524
23513548
23513547
23513543
23513393
23512289
23512240
23509462
23507680
23507679
23507678
23505858
23505856
23505854
23505853
23505553
23494738
23488428
23488427
23487477
23487408
23487351
23487169
23487005
23486224
23485656
23484046
23483404
23479585
23479201
23478273
23478271
23476856
23476818
23476817
23476816
23476815
23476814
23476813
23476658
23469040
23468644
23464573
23460882
23451172
23451077
23448465
23446448
23444165
23444164
23444162
23444159
23444156
23441523
23437597
23436645
23431255
23429078
23426587
23424721
23424685
23422680
23420857
23420851
23419267
23418610
23418470
23413627
23413586
23413203
23412871
23412537
23412461
23412400
23412137
23411764
23411596
23411506
23411467
23408792
23408777
23408742
23408498
23408469
23408174
23408157
23408140
23408107
23407684
23407579
23407405
23406692
23406626
23406606
23403579
23400554
23392942
23392929
23392087
23383540
23383537
23377486
23377080
23377075
23377074
23377073
23377067
23377065
23377062
23377056
23377055
23372724
23372708
23372699
23372650
23370889
23370888
23370883
23370882
23370881
23370872
23370869
23365763
23365668
23359629
23349981
23349585
23349584
23349583
23349582
23349581
23349580
23349579
23349577
23349576
23349575
23349572
23349571
23349568
23348449
23348347
23348343
23348335
23348317
23347522
23346425
23343804
23342357
23342355
23342353
23342351
23342350
23342349
23342347
23342345
23342342
23342339
23342334
23342333
23342331
23342330
23342167
23341909
23338910
23331139
23328193
23328190
23322846
23314472
23314468
23314467
23314465
23314464
23308100
23306627
23306517
23306496
23303628
23302364
23302363
23302359
23300963
23300955
23299653
23299652
23299650
23295210
23293923
23293375
23290023
23289576
23289575
23278147
23278146
23278145
23273772
23273370
23273369
23273367
23273365
23273364
23273363
23273361
23273359
23257979
23257929
23256646
23245834
23240873
23235388
23229260
23229258
23229255
23229254
23229253
23229249
23229247
23229245
23229243
23229238
23228275
23228274
23228272
23228271
23228270
23228268
23228267
23228265
23228264
23228263
23228257
23228255
23228253
23228252
23228250
23228249
23228248
23225906
23224410
23223101
23222001
23221986
23217535
23212472
23207512
23207320
23207237
23200090
23199576
23193976
23190330
23181466
23174610
23174609
23173801
23171756
23169412
23163915
23163601
23154864
23153291
23149241
23148139
23147531
23142096
23137342
23131531
23128033
23127822
23127630
23121262
23114032
23113510
23111902
23102801
23102800
23100273
23097120
23092745
23092320
23084870
23078868
23076035
23075471
23071071
23065683
23064961
23064960
23064808
23059626
23053846
23053492
23052835
23052330
23044508
23044403
23038674
23034514
23033313
23031442
23026747
23022547
23010375
23010373
23007138
23006823
23006129
23000507
22999964
22996395
22995904
22986813
22985354
22976999
22971997
22970656
22962852
22948511
22947104
22946875
22943482
22940629
22938189
22936399
22933533
22933529
22926482
22921833
22921447
22920539
22917805
22914207
22910675
22901827
22901648
22900881
22897705
22897247
22889920
22884630
22882712
22882571
22881462
22856681
22849749
22842638
22842637
22842636
22839964
22827478
22824249
22821150
22814896
22814894
22812912
22804777
22799527
22788541
22776413
22775227
22770483
22770481
22770433
22770432
22770430
22769438
22767324
22765388
22763203
22762946
22762448
22760229
22760228
22752318
22747565
22742471
22725261
22722005
22720793
22716279
22716278
22710741
22702958
22695872
22674471
22672267
22668314
22663196
22639824
22612390
22591261
22585381
22580557
22578281
22576667
22569685
22562450
22546942
22530802
22527908
22527907
22521108
22519715
22491942
22489562
22463707
22460738
22452573
22436022
22434499
22428903
22428573
22415217
22414261
22414258
22411260
22402617
22401531
22399242
22395767
22392163
22390550
22382449
22376155
22373779
22373776
22371122
22370616
22367394
22362553
22350492
22350425
22349932
22341741
22339289
22339260
22327817
22326946
22320229
22311659
22311579
22309243
22300069
22299811
22297612
22292517
22290063
22289073
22283436
22278014
22276809
22276749
22276649
22274875
22251406
22251143
22249846
22242550
22241876
22241869
22228465
22214400
22207501
22198709
22160238
22145978
22145914
21964484
21895556
21683667
23274327
23272643
23272895
23270546
23270531
24511195
22915626
22764115
23259602
23176319
23123849
23253873
23249412
23247459
23674925
23216039
23026208
23242095
23327146
22982232
23235637
23235613
23338097
23231992
23230244
23368202
23141294
23100043
23220435
23085992
22771394
29539371
24455043
24455042
24455038
24455036
24294408
24293948
24293941
24293940
24293926
24293924
24293923
24293921
24293919
24293918
24293917
23814595
23814592
23814584
23814583
23814581
23814576
23814572
23814571
23814565
23814562
23814558
23814550
23814548
23786018
23739320
23739319
23700583
23672110
23599706
23540165
23513512
23513507
23513076
23495560
23488214
23488213
23488209
23488208
23488206
23483765
23479456
23477044
23474507
23474505
23447993
23431910
23430969
23424959
23424957
23409626
23409621
23395898
23390826
23390822
23390820
23390792
23387131
23387129
23387128
23380834
23373308
23373307
23373306
23373305
23373304
23373303
23371870
23367935
23367638
23367634
23367633
23364563
23364562
23364560
23364558
23364540
23362783
23346469
23342826
23336193
23330383
23330377
23330373
23330371
23330370
23330369
23330364
23328103
23328098
23323245
23323242
23323220
23323217
23317299
23315123
23306858
23306857
23301623
23301213
23279425
23279345
23279344
23279342
23277808
23275933
23275322
23270299
23270297
23270296
23270294
23270293
23270291
23270290
23270289
23270288
23270286
23270285
23270284
23269696
23269694
23269693
23269689
23266218
23258380
23258378
23257808
23252590
23252588
23250879
23250878
23244322
23235183
23235134
23235133
23235132
23235131
23235129
23235128
23235127
23225689
23225685
23225389
23222992
23222990
23222358
23222333
23222332
23217471
23217466
23217465
23217278
23211074
23211073
23211072
23211070
23211069
23211068
23208595
23206371
23206370
23205688
23205684
23205682
23204096
23204090
23204088
23204085
23204084
23203324
23197239
23195374
23195373
23195372
23195371
23195370
23195367
23195364
23195360
23186579
23186575
23186574
23186570
23186569
23186567
23186565
23182641
23176482
23176019
23171661
23168798
23167726
23167474
23167472
23167471
23167470
23166362
23159121
23159119
23159112
23158782
23154331
23153686
23149503
23147165
23146653
23146651
23146646
23146645
23146642
23146641
23146639
23146638
23146637
23146636
23142733
23142732
23142141
23138027
23134613
23125036
23122735
23114829
23102799
23098627
23097136
23096944
23095248
23089394
23079194
23077004
23075148
23067264
23062717
23061920
23060611
23057060
23057059
23057055
23057054
23057053
23057051
23053848
23040240
23040177
23039266
23039056
23021921
23018818
23018815
23017823
23010719
23010422
23007129
23001185
23000526
23000523
22998953
22995665
22995047
22982944
22982113
22981099
22960538
22960460
22957850
22957827
22956334
22956116
22949298
22944171
22942074
22925924
22922034
22913795
22877793
22858526
22851605
22845394
22831865
22829536
22823334
22795564
22758222
22757609
22749906
22747527
22727686
22725605
22724117
22724114
22724110
22713739
22712869
22712759
22711054
22705224
22704955
22672712
22658267
22647424
22632929
22621276
22612994
22609172
22608913
22607027
22589057
22589047
22585417
22578070
22573007
22571226
22569749
22560973
22554197
22537553
22537145
22519869
22507294
22499127
22486558
22465036
22440316
22434497
22429609
22425501
22425500
22421994
22421469
22420873
22417772
22414260
22411483
22392410
22392019
22380633
22378661
22377848
22376208
22364272
22340129
22329625
22324488
22300191
22296180
22284273
22276554
22257152
22250977
22246113
22236150
22233198
22228620
22228024
22219047
22219024
22214435
22214204
22205268
22200967
22198596
22194097
22181829
22181668
22180011
22173722
22161016
22160491
22151797
22146891
22143481
22107160
22105745
22102437
22099924
22083239
22070563
22069058
22015821
21911843
21911841
21905890
21811006
21767205
21728818
21414132
21310578
21126168
23674924
23194256
23137802
22995046
22989598
23075852
23079991
23188871
23166352
23208006
23180452
23176204
23167481
23167443
23158416
23157723
25337104
23036306
25460790
23152221
23148740
23123325
23134563
24964486
24964483
24163859
23961611
23866411
23757908
23692786
23653849
23649084
23649081
23649079
23649073
23649072
23649070
23649069
23649068
23649067
23649066
23649063
23649060
23649059
23649057
23649056
23649054
23649051
23649049
23631535
23631532
23559961
23559959
23559957
23559955
23559948
23559947
23559945
23559941
23520934
23487892
23479855
23479853
23431507
23430343
23430292
23430133
23427636
23427590
23404031
23404026
23404025
23404022
23404017
23404015
23404011
23404010
23404009
23404006
23404005
23404002
23403998
23397774
23387096
23373293
23346657
23329250
23329249
23329240
23311250
23304977
23304976
23304975
23304974
23304971
23304970
23304969
23304966
23304964
23302435
23302432
23297645
23294963
23293580
23293578
23285474
23285473
23285472
23285470
23265172
23265170
23265169
23265168
23265165
23265164
23265162
23265160
23265157
23265156
23265154
23260534
23256415
23248377
23240260
23236739
23236580
23236577
23236574
23236573
23236570
23231847
23226743
23220321
23220319
23220318
23220315
23220311
23220310
23220307
23220306
23220304
23220303
23209359
23209353
23207676
23207674
23193758
23189309
23189307
23189304
23189285
23184168
23184165
23184162
23175081
23172516
23172116
23161049
23160777
23158136
23150849
23150848
23147335
23147333
23147305
23138831
23138806
23138784
23129143
23125460
23117614
23116513
23116512
23116503
23116324
23115772
23115771
23115768
23115767
23115764
23115763
23115762
23115761
23115148
23107237
23107236
23107234
23106892
23103812
23101043
23101040
23101039
23101037
23101036
23101034
23098772
23090065
23083955
23083486
23083483
23079140
23078822
23063230
23063227
23063225
23063222
23063221
23063220
23063219
23044372
23041791
23040740
23039120
23032432
23032065
23025701
23019083
23015272
23010906
23003122
23000085
22999984
22999373
22999372
22996176
22994882
22983726
22983410
22983407
22981360
22981097
22977016
22972857
22972601
22972545
22968157
22966787
22959879
22957529
22943446
22940703
22940071
22927045
22926479
22926478
22926471
22926470
22926469
22926467
22926465
22926464
22922224
22917599
22914653
22914537
22905810
22904204
22899860
22898394
22892465
22892464
22892463
22890370
22885953
22885908
22882603
22865332
22864053
22858525
22858065
22847150
22847149
22841633
22841428
22840716
22835417
22819245
22807152
22789466
22770482
22749332
22732358
22730194
22705233
22704592
22704590
22699801
22698143
22682999
22681628
22672336
22658342
22642601
22621750
22621214
22621165
22621163
22621162
22616929
22616926
22616924
22612415
22595624
22583477
22571860
22563788
22551491
22551454
22549407
22548413
22528208
22499432
22497228
22458766
22409394
22348698
22348697
22335361
22324468
22320130
22309211
22309175
22306391
22285332
22276618
22251382
22225846
22221200
22209395
22120471
22116373
22092363
22081959
22080431
22076589
22034398
21847677
21740171
22963838
24710535
23110579
23110518
23107190
23102205
22982202
23047693
22628098
23093510
22915671
22975025
22936805
23122017
23066650
22982680
23046485
22975186
23361239
23066327
23202761
23042891
22975354
22879592
23031489
25453001
24778850
24665281
24568067
24568060
24558566
24558561
24558560
24558557
24558556
24558555
24422016
24350120
24303405
23724372
23720909
23700912
23700911
23661879
23634563
23633825
23633823
23633820
23633818
23633817
23633815
23633814
23633809
23633808
23633805
23633803
23633802
23633801
23633800
23633798
23633796
23633794
23633792
23525358
23514690
23514687
23514686
23514683
23514682
23514679
23493978
23493808
23493524
23493442
23493413
23493232
23493177
23492972
23492855
23492843
23477107
23442399
23378405
23367724
23342737
23342576
23342570
23342568
23342565
23342564
23342561
23342559
23342558
23342477
23323189
23323188
23323184
23316298
23307083
23302390
23302387
23302386
23302385
23302306
23298492
23277860
23277858
23276120
23248560
23243981
23243979
23243978
23243973
23243972
23241127
23239958
23238190
23225922
23214273
23210199
23210198
23208026
23199544
23193714
23193711
23193710
23193709
23193708
23189608
23186403
23185698
23185696
23181711
23173322
23173320
23173317
23173314
23173312
23173311
23173305
23173119
23173116
23173115
23168102
23167202
23156970
23156642
23137671
23135194
23135192
23135191
23135190
23135189
23135185
23135178
23135176
23131977
23130083
23130082
23130081
23130080
23130076
23130075
23128260
23126176
23112492
23112491
23112490
23112488
23112487
23112486
23112485
23112484
23112482
23112481
23112478
23112477
23112475
23110272
23110266
23106841
23106838
23106836
23098560
23096777
23094563
23094555
23094553
23090172
23090168
23089691
23089323
23089215
23080217
23077426
23077425
23077423
23077418
23077417
23077415
23077413
23076027
23076024
23066133
23062140
23062139
23062136
23062127
23062124
23060487
23059670
23046258
23046257
23046256
23043885
23043882
23043881
23043880
23042392
23041996
23041989
23041988
23040698
23035667
23031733
23031727
23025321
23025319
23025318
23025317
23025313
23024313
23024312
23018063
23017555
23017107
23000707
22999679
22999678
22999676
22999674
22999673
22998317
22998306
22998301
22988312
22987707
22987691
22985006
22985002
22984995
22984994
22983799
22980255
22980194
22980193
22980192
22980190
22980188
22980185
22980184
22980183
22980180
22980179
22980175
22980173
22980172
22980171
22980169
22974150
22971232
22971023
22969144
22960027
22949612
22935673
22933607
22929960
22925538
22920764
22909115
22909109
22909105
22909104
22908080
22908079
22908078
22908077
22908076
22908075
22906860
22905928
22903861
22901677
22901553
22901059
22901040
22897739
22897674
22895784
22895512
22895511
22890693
22889682
22885032
22884709
22883479
22883320
22882716
22868911
22855731
22837182
22835549
22834932
22832662
22829652
22826010
22824915
22819536
22819460
22810112
22805605
22805514
22804794
22800803
22795998
22795491
22791511
22791408
22789721
22777659
22771416
22766385
22758392
22754906
22754904
22754903
22754902
22754898
22754897
22753670
22750323
22747830
22747573
22734006
22731688
22730038
22729949
22729785
22717295
22707436
22705219
22705201
22687577
22683374
22677541
22673840
22672470
22671936
22671028
22648790
22648084
22633615
22623117
22623030
22621247
22609223
22608916
22608199
22595622
22591773
22581694
22571499
22565224
22564001
22551423
22548319
22539221
22537622
22536873
22533799
22519839
22519809
22516054
22512745
22506849
22506597
22499131
22494068
22494006
22471324
22469135
22464852
22443371
22443169
22422274
22418246
22417074
22342250
22310231
22309176
22309172
22290744
22282511
22282507
22264670
22264211
22251277
22248220
22248219
22248217
22233180
22226814
22222224
22221538
22221513
22209447
22160538
22143480
22124611
22124610
22116593
22113712
22113711
22099624
22092726
22092485
22065245
21808073
21745825
21693681
21478299
21429069
21345928
21303808
20977611
20690832
29334054
23016603
22893709
22910609
22878716
22798244
22798242
23013939
23009095
23006500
23046705
23001105
22863019
22683367
23046822
23046796
22947155
22877853
22972144
22972129
22971075
22966820
22933740
22997947
22595338
22565112
22962381
22958928
22958726
22901946
22491979
23066497
22695226
25737869
25737865
25737861
25737858
25254037
25206175
25206174
25206172
25206170
25206169
25206167
25206166
25206164
25206163
25206162
23997857
23997482
23997472
23997471
23997467
23997462
23745169
23716933
23559936
23559935
23559932
23559929
23559928
23559926
23559925
23559924
23559916
23559915
23559914
23559913
23450856
23441361
23433627
23433626
23433625
23433619
23433616
23433615
23433614
23431839
23422637
23422635
23422625
23422623
23422610
23422608
23422601
23422600
23339268
23316599
23316596
23293458
23285527
23256313
23253853
23253851
23253849
23253847
23253846
23253840
23253839
23253837
23253836
23253835
23253831
23253827
23253826
23253824
23250186
23250185
23250183
23250169
23250168
23250167
23250166
23250162
23250159
23248970
23248488
23248476
23248473
23248457
23240493
23233909
23230378
23230377
23230375
23230374
23230368
23230364
23230362
23230360
23230357
23230356
23230355
23230353
23230351
23230350
23227682
23214334
23214319
23213933
23213932
23213928
23211921
23211920
23211919
23211916
23211913
23211899
23211898
23211897
23211896
23211895
23198374
23141731
23141726
23141725
23141722
23139968
23138744
23138743
23138740
23138737
23138733
23136801
23136800
23136700
23112910
23101181
23101179
23101176
23101175
23097827
23094570
23094569
23094208
23087863
23085926
23074552
23071971
23071964
23071962
23062639
23057045
23057042
23057041
23057033
23057027
23057012
23050378
23047039
23047038
23047034
23047030
23043526
23040350
23040348
23040347
23040345
23040344
23040337
23038941
23038939
23038937
23038935
23036127
23035647
23034424
23034423
23034421
23034419
23034418
23034417
23032238
23032237
23032236
23032235
23032228
23032227
23032224
23032223
23021503
23021394
23021392
23021113
23019853
23019851
23019771
23018508
23018232
23018228
23018226
22997678
22996509
22996479
22996273
22984105
22984101
22976712
22976710
22976707
22976698
22976687
22976685
22976658
22976655
22976574
22976572
22976571
22976568
22976566
22974673
22974668
22971263
22971262
22971260
22971257
22971254
22971252
22971097
22971091
22969259
22968411
22963153
22956031
22955790
22955764
22955757
22955578
22955577
22953980
22953603
22951199
22950825
22949948
22949600
22949590
22948655
22946728
22944314
22944313
22944312
22944311
22944310
22944309
22944014
22943773
22943770
22943769
22942467
22942407
22942147
22939444
22935281
22935278
22930771
22930770
22930769
22930767
22930766
22930765
22929989
22926157
22925217
22924363
22924359
22924357
22924356
22924353
22924349
22921348
22920708
22920707
22920706
22920704
22920699
22920696
22920695
22920694
22920348
22919019
22916702
22916700
22916699
22914256
22907240
22907236
22906378
22906376
22906375
22902376
22899690
22899688
22899683
22899679
22899678
22899677
22892878
22892877
22892754
22892752
22892749
22892747
22892746
22892744
22892736
22892735
22892734
22892732
22892731
22892730
22892729
22892222
22892063
22890691
22890380
22884032
22870826
22868297
22868296
22867955
22862978
22862974
22850230
22840572
22837551
22836759
22835963
22833255
22833125
22821605
22821240
22821238
22814736
22806682
22805294
22804486
22804335
22797321
22796412
22793262
22791512
22780557
22780440
22780323
22780229
22780101
22777871
22765978
22761277
22753148
22752874
22752325
22748383
22744235
22734702
22727934
22714410
22705215
22705213
22705212
22704070
22703644
22699265
22698644
22696100
22695066
22688009
22684114
22677913
22673298
22672204
22664566
22664565
22639149
22634174
22626613
22617433
22616927
22616922
22610966
22608959
22582832
22575441
22566706
22549694
22549689
22549683
22549681
22546263
22542334
22534175
22523421
22520567
22515326
22508272
22486894
22486805
22486728
22486627
22483860
22466248
22458261
22455989
22452547
22443543
22443119
22436883
22433028
22432971
22429867
22429152
22426668
22424637
22418617
22411047
22404234
22397387
22392567
22391741
22369619
22369618
22364201
22360367
22360366
22356705
22356704
22356702
22348241
22335194
22322497
22309123
22246979
22229824
22225789
22221174
22220773
22220772
22220769
22214388
22211737
22211678
22184474
22184471
22181688
22181684
22145806
22137828
22120835
22105430
22092676
22084040
22020325
22000635
21968762
21936720
21905913
21905885
21780976
21768604
21411175
21309655
21126151
21063198
22938147
22939127
22609939
22579796
22928903
22928477
22927277
22922919
22917449
22378742
22913518
22913464
22535784
22917507
22909327
22830392
22814581
22901247
22898861
22898860
28090189
22899809
22898307
22898247
23381288
22842785
22581779
22819339
26858852
22718765
22908007
22874966
22873557
22832579
22930959
22399789
22862892
22813642
22679015
26852456
24212175
23951802
23951801
23951798
23951788
23951787
23951785
23951783
23862256
23441381
23431125
23431083
23429855
23429455
23429228
23141660
23141659
23141658
23135124
23135122
23135118
23135116
23135115
23135114
23135107
23112952
23112948
23082696
23082390
23082389
23082384
23082382
23082312
23066304
23066294
23066293
23066287
23066283
23066276
23066275
23066270
23066269
23066268
23066263
23066261
23066259
23066258
23066252
23066249
23066245
23066244
23066238
23066237
23066233
23059529
23046009
23045787
23017003
23016999
23001689
22988663
22988660
22977727
22977726
22977720
22977719
22965516
22958889
22953526
22953521
22935185
22934507
22934502
22934500
22934498
22934496
22934495
22934494
22934491
22926380
22918368
22918343
22913839
22913309
22913162
22912925
22892969
22887906
22883363
22883362
22883361
22883360
22883357
22883356
22883355
22882414
22878338
22878314
22868018
22867804
22867803
22863135
22863134
22863133
22863129
22863127
22860988
22859100
22858341
22858336
22858334
22858332
22858328
22855908
22855901
22855898
22855592
22854234
22846354
22835638
22832636
22827821
22827820
22827818
22827816
22823426
22814562
22814561
22814559
22814552
22814550
22814548
22813224
22813222
22813220
22813219
22813217
22813216
22812439
22806384
22802599
22794225
22794224
22794222
22794221
22794219
22794217
22794215
22794212
22794211
22794210
22794209
22794208
22794207
22794205
22794203
22794202
22793957
22790834
22784380
22783841
22777167
22777163
22775527
22775142
22769422
22769415
22769403
22759694
22759313
22752830
22747241
22730914
22722905
22707440
22707174
22704856
22697128
22695625
22694321
22684623
22682033
22681519
22676377
22674934
22673755
22672191
22672101
22671969
22671570
22670800
22668597
22648185
22647425
22638842
22632844
22607763
22595495
22595202
22594687
22592165
22583561
22581382
22579605
22578992
22577649
22577648
22577646
22577645
22577642
22575637
22564781
22563853
22561331
22561056
22555292
22546700
22546699
22542500
22530835
22526351
22525016
22522175
22521705
22521703
22521462
22520807
22518385
22508542
22506904
22490018
22489919
22489880
22488978
22484218
22469188
22464401
22440406
22437467
22432937
22429191
22424781
22419366
22417879
22416972
22398183
22391794
22382358
22372870
22354526
22333975
22308979
22292606
22282761
22282748
22273011
22233265
22222859
22221039
22209099
22192864
22188219
22166163
22157389
22151626
22151580
22145805
22136164
22127295
22107132
22107105
22107072
22099726
22098616
22066856
22015462
22009185
22009184
22009183
21997705
21979390
21968552
21960301
21947906
21937084
21932023
21887500
21871435
21842145
21833489
21809012
21805053
21789591
21773711
21762427
21750917
21722195
21722194
21633091
21623771
21586598
21531785
21478302
21345927
21073343
20977606
20932125
20662863
20662861
20662860
20662859
20586784
20491824
20491811
22866057
22855628
22849537
22693119
22838841
22839737
22837507
22836414
22834876
22834807
22828200
22824246
22456884
22418253
22542323
22847388
22817397
22530759
22753486
22562112
22802449
22706040
22790753
22791372
22788782
24765469
22607543
22787455
22459202
22776352
22695115
22763972
22772290
22639420
28615559
26845801
26845800
26591759
25991968
25628837
25452991
24987628
24987627
24778849
24778848
24763623
24665271
24564100
24564097
24564089
24558549
24558548
24558545
24478971
24478968
24478967
24478966
24478965
24422011
24422008
23960547
23960545
23960544
23833508
23833485
23798916
23741151
23741147
23741145
23741143
23723653
23573487
23562838
23544773
23483778
23483745
23440287
23440030
23434966
23411807
23386935
23386930
23386019
23293505
23293502
23293496
23293495
23293488
23293487
23293482
23293481
23293479
23293478
23293418
23272551
23272550
23270207
23263436
23263435
23263434
23263432
23263427
23263423
23263420
23257502
23257500
23257499
23257495
23257493
23257486
23257481
23257477
23257474
23256396
23256395
23256394
23256393
23225991
23225985
23198460
23189508
23185939
23180927
23162594
23162592
23162591
23162589
23162588
23162584
23162579
23162577
23162575
23162345
23162344
23162341
23162330
23162324
23151714
23151713
23151712
23151711
23151709
23151708
23151702
23151695
23151689
23151686
23119137
23119132
23119130
23119129
23117945
23092036
23092024
23087523
23077831
23077830
23058032
23058016
23056138
23056137
23056136
23056133
23056132
23056131
23056130
23049582
23034275
23034274
23032213
23032212
23032207
23032205
23032204
23032200
23023437
23019840
23019839
23019834
23019833
23019831
23019829
23019828
23019827
23019826
23014091
23014090
23014088
23014082
23014076
23011245
23008861
23008859
23008857
23000811
23000809
23000808
22991649
22991648
22991645
22991643
22991642
22976518
22976515
22970505
22966545
22960969
22960966
22947847
22947846
22936132
22931574
22929827
22928465
22928453
22919197
22916674
22916527
22916525
22916405
22910721
22908601
22908598
22904664
22904663
22904662
22904656
22904653
22897037
22897036
22897035
22897034
22894502
22894492
22894480
22894469
22876023
22876021
22876019
22876018
22876017
22876016
22876015
22876014
22876013
22876010
22876008
22876006
22876005
22873024
22872831
22869956
22868437
22866322
22866293
22848899
22848877
22838166
22838002
22838001
22836157
22835543
22835542
22835541
22835539
22835537
22835534
22830771
22822995
22816500
22802546
22801180
22801167
22801151
22801141
22790499
22790498
22790497
22790495
22787004
22784326
22782064
22782063
22782061
22782060
22782058
22782056
22782052
22782040
22782039
22777469
22777431
22765984
22753983
22751987
22751980
22751976
22751968
22751495
22748999
22748998
22748996
22748995
22747905
22747867
22743465
22740519
22739574
22738058
22732853
22732849
22732845
22732844
22727098
22720814
22720294
22720293
22720292
22720287
22717999
22714928
22703672
22703661
22703660
22703653
22703652
22703650
22703649
22703648
22703647
22703646
22699675
22699673
22699672
22699666
22699664
22694045
22690799
22689911
22687774
22687768
22675179
22672113
22670257
22670255
22668596
22652177
22645732
22645730
22645728
22645726
22644955
22639454
22639370
22622661
22621910
22612722
22592164
22592127
22592126
22587305
22587026
22582770
22581563
22580780
22578989
22578766
22577229
22577071
22574689
22564822
22561647
22553183
22553163
22551485
22547549
22542744
22542498
22540412
22537407
22536828
22532098
22527697
22519509
22515656
22514160
22512406
22506541
22504528
22503838
22503597
22502855
22497788
22493304
22489962
22489928
22484380
22483671
22476024
22475411
22469823
22465875
22464564
22459555
22451160
22443158
22440724
22435482
22435407
22433035
22429926
22424870
22419602
22416881
22414619
22410805
22402179
22397362
22393170
22392788
22390270
22381613
22377004
22374692
22372489
22372380
22364589
22362522
22356719
22341566
22339386
22339384
22335302
22330323
22329589
22329525
22328339
22326850
22325622
22324485
22324482
22324460
22322522
22322509
22322507
22322496
22322492
22320849
22320245
22319171
22316102
22309739
22309707
22306532
22298375
22288913
22287502
22279037
22268631
22264675
22249844
22246780
22220770
22149662
22149545
22149544
22149540
22141359
22141358
22129151
22122520
22113708
22112631
22105656
22104624
22092748
22092665
22092470
22087803
22074061
22066568
22035237
22019024
22011096
22009290
21990507
21976294
21970342
21962762
21948398
21948118
21915687
21912983
21880500
21862197
21855117
21853319
21845398
21842224
21809070
21800154
21789631
21780983
21773765
21764375
21748323
21739194
21707752
21698350
21692856
21669467
21631598
21621283
27750508
22831936
22754541
22744257
22575268
22726888
22727119
22722122
22716216
22747926
22702399
22542602
22537490
22429782
22707688
22698087
22472107
22465591
22696337
22695211
22082264
22802880
22261553
22177270
22689878
22682472
22678483
22676710
22676574
22158842
22944031
28519538
28519501
28518508
28517830
28193349
24592023
24432266
23858286
23858285
23858282
23858280
23858279
23858277
23730427
23730073
23674921
23671966
23329969
23252192
23112944
23112942
23082421
23056894
22991859
22988690
22988689
22988683
22988681
22950110
22934424
22932483
22932479
22932136
22932134
22924121
22913208
22888740
22888739
22885502
22885498
22885496
22885485
22885481
22885480
22866415
22856035
22856034
22856032
22852527
22852526
22852522
22852520
22838020
22826906
22822450
22812267
22812265
22803012
22792027
22788050
22787498
22786922
22783480
22783475
22783474
22779381
22779380
22779379
22779378
22779374
22779114
22774331
22774330
22774325
22774323
22773677
22773676
22773670
22770410
22768779
22768777
22768774
22768772
22768771
22768770
22768768
22768767
22768763
22768761
22762183
22762182
22762181
22762180
22762174
22762173
22762168
22752022
22748625
22743342
22735853
22734908
22734907
22734906
22734899
22732218
22728976
22726795
22726792
22726785
22726781
22722415
22722414
22722410
22720518
22720325
22717115
22717112
22717111
22711391
22691086
22691084
22691082
22691080
22691078
22691076
22691075
22666822
22661351
22659707
22659705
22653944
22653939
22653937
22653936
22652761
22652214
22652213
22652211
22652210
22652208
22652207
22648260
22640682
22640680
22640679
22640677
22640676
22640673
22633597
22633593
22630096
22627613
22627612
22625863
22624767
22624764
22624761
22624760
22624757
22624750
22624749
22622165
22616910
22612842
22612838
22612837
22612836
22612835
22612829
22612824
22610903
22610902
22610901
22610899
22610898
22610897
22610896
22610895
22610894
22610893
22610892
22610891
22610664
22607598
22607343
22607341
22607336
22607335
22607287
22595392
22595129
22595128
22595127
22595125
22595124
22595121
22595117
22595115
22595109
22593139
22591433
22591432
22591431
22586209
22585414
22584426
22583938
22583659
22568742
22568741
22568738
22568737
22568736
22568735
22561847
22555350
22553124
22551896
22551516
22545912
22542762
22541887
22541886
22537515
22535523
22532962
22532961
22532960
22532959
22532956
22532952
22529242
22520429
22520387
22519944
22516027
22513500
22509738
22507067
22507066
22507062
22507056
22503889
22503701
22503579
22496123
22494549
22492276
22488827
22487694
22486591
22486310
22483343
22483056
22476877
22475618
22472470
22472467
22471834
22467529
22465518
22462778
22461197
22459654
22458657
22449801
22437875
22435539
22433900
22427065
22425481
22424269
22423184
22421389
22421092
22410401
22410113
22408783
22408775
22407567
22407386
22405576
22396310
22394311
22390980
22390725
22387979
22381615
22372913
22372886
22372470
22370445
22369075
22356168
22350756
22350174
22349114
22339985
22339848
22333883
22329406
22327145
22310453
22305875
22297032
22295976
22284343
22282747
22282746
22282744
22282743
22264204
22257341
22251411
22250619
22244620
22242600
22240638
22239745
22234958
22234822
22229754
22225478
22224548
22223192
22192854
22190500
22187971
22153610
22150406
22139529
22138260
22138259
22136614
22136083
22131274
22126396
22122519
22117892
22117837
22103270
22099532
22098323
22098294
22098117
22089961
22088564
22074570
22074027
22068731
22066984
22066949
22066894
22066867
22059867
22051142
22051114
22050549
22050546
22050539
22050265
22050214
22049927
22023222
22004157
22004112
21952980
21950522
21942788
21928086
21925257
21923864
21923863
21923714
21916957
21916954
21895971
21883423
21883422
21870975
21830176
21826652
21812819
21811005
21790990
21787371
21771051
21771050
21771048
21771047
21740371
21735299
21732089
21726274
21720749
21718349
21717095
21707743
21707741
21695390
21692834
21681389
21681387
21667171
21667056
21655910
21652539
21647589
21637984
21615784
21615469
21614461
21611728
21607567
21603966
21584693
21573849
21571875
21567661
21564273
21564272
21564271
21558166
21557762
21557761
21545529
21538072
21519883
21519882
21507055
21488969
21474566
21323984
21303809
21235624
21235623
21083744
21054508
20865302
20712442
20712438
20491820
20491819
20491818
20345985
20156225
20002682
22563672
22459677
22639910
22637708
22640403
22669030
22623674
22622577
22621646
22573628
22566613
22613064
22359322
22653593
22605769
22554512
22594463
22592736
22592716
22592699
22588301
22559104
22475218
22341131
22405497
22406498
22306513
22551058
22465245
32781820
32781819
32781804
26875223
26525954
25737852
25737850
25737849
25737844
25206161
25206160
25206158
25206155
25206154
25206153
25206152
25206151
25206147
25206146
23198351
23198347
23162287
23087746
23087739
23087736
23087735
23087734
23087733
23087732
23087729
23087726
23087720
23059591
23059588
23059584
23059580
23059576
23059575
23059574
23059573
23059566
23050519
22997739
22923902
22923901
22923894
22918020
22918019
22918018
22918014
22918012
22918010
22918009
22918005
22918004
22917998
22917996
22917994
22917993
22900272
22883831
22883827
22883820
22883819
22883376
22876646
22870833
22870832
22866598
22866597
22866590
22858705
22858704
22858703
22858702
22858699
22858698
22858696
22856274
22834358
22828770
22828768
22828767
22828765
22828764
22828763
22828762
22828761
22828760
22828759
22828758
22828756
22826995
22826993
22820354
22808514
22795162
22795154
22795153
22795149
22795146
22795145
22785040
22785037
22778502
22774692
22774688
22764549
22737318
22737317
22737311
22737310
22737309
22730709
22723156
22685948
22676989
22668638
22667665
22667191
22667190
22655284
22641519
22641512
22641448
22641447
22641446
22641444
22641441
22641440
22637360
22634818
22632984
22629519
22629503
22627441
22627422
22626804
22623477
22623476
22623475
22623472
22623471
22623470
22623468
22623467
22623462
22623460
22623458
22616217
22616214
22616068
22616063
22616059
22616058
22616057
22616055
22616053
22616051
22616050
22593511
22593506
22593486
22588914
22588418
22583591
22583583
22581971
22580427
22576863
22576445
22576443
22565924
22565908
22565876
22563226
22555786
22554759
22554758
22554755
22554754
22554750
22554748
22548494
22547877
22547876
22547874
22547872
22547725
22547721
22547720
22547719
22547716
22546313
22546312
22546310
22546309
22546307
22545258
22545257
22545254
22545253
22545251
22545250
22545249
22538025
22538022
22536597
22536594
22536590
22536587
22528185
22528021
22523298
22522953
22522950
22522939
22522483
22522479
22522085
22515908
22515906
22515905
22515904
22515901
22515899
22515896
22515895
22515891
22515889
22515886
22515885
22515884
22515883
22515882
22515881
22515880
22515188
22509722
22505185
22499111
22498284
22495086
22494908
22494509
22494307
22493961
22489068
22486272
22481462
22471685
22469311
22459766
22459765
22455722
22451505
22449372
22445741
22442052
22440746
22440543
22437549
22431892
22420792
22419654
22417324
22415202
22411000
22407586
22405531
22403423
22401821
22386652
22382872
22367402
22366734
22366192
22364825
22364221
22362927
22352403
22350851
22349547
22349310
22349006
22344518
22343185
22342686
22342563
22342164
22335303
22331563
22331553
22331178
22329965
22326565
22326174
22323387
22322541
22322444
22321653
22321058
22320391
22319098
22317794
22313280
22313278
22313277
22313274
22313273
22313270
22305872
22293580
22289034
22288929
22286010
22283697
22282506
22257964
22257910
22246569
22241880
22236770
22234475
22229652
22213140
22212385
22211829
22211464
22209102
22204915
22198626
22191848
22189210
22188401
22188368
22188327
22182361
22174188
22173745
22166109
22160387
22150876
22150272
22146002
22143736
22143734
22143731
22143729
22143724
22143723
22143722
22143717
22143716
22143712
22134060
22117732
22104693
22093076
22093047
22092693
22092654
22085204
22077728
22074868
22070626
22060047
22058014
22041022
22041019
22040165
22024406
22021193
22014174
21998001
21986094
21984771
21966943
21959674
21942792
21942790
21942720
21919826
21918953
21910593
21906751
21905908
21883562
21883561
21861638
21854189
21848406
21843038
21815998
21812808
21797979
21793640
21783294
21780974
21777380
21722191
21692625
21667137
21617972
21614479
21611841
21529182
21504481
21443612
21384131
21298311
22540771
22538897
22538895
28075841
22539926
21982686
22706105
22513686
22471822
22386235
22306062
24765445
22505443
22498555
22498530
22498529
22411790
22005548
21732813
22351765
22351753
22480262
22480188
22545498
26591736
24987626
24987624
24783847
24783845
24783842
24783840
24783839
24783835
24783826
24783825
24783823
24783822
24669055
24624155
24558542
24558541
24558536
23960532
23960531
23627354
23285409
23267407
23175913
23164333
23164331
23164325
23164324
23164322
23164321
23132473
23112937
23087788
23087784
23066483
23066481
23066480
23066479
23066478
23066477
23066475
23066474
23066473
23066472
23056127
23056126
23056125
23056123
23056122
23056120
23055602
23055600
23055596
23055590
23055583
23055580
23022854
23001111
22991641
22991639
22991638
22973138
22971658
22919949
22919235
22919234
22919233
22919229
22919228
22919225
22919223
22919222
22919215
22919214
22918107
22918101
22918100
22918099
22918096
22918095
22918092
22866428
22838239
22838237
22838233
22838232
22838231
22838230
22838228
22838227
22838226
22838224
22838223
22838222
22803275
22803274
22800705
22800697
22800696
22799129
22792861
22792859
22792858
22792857
22779368
22779282
22779280
22768698
22767967
22730938
22718168
22718167
22702018
22696041
22676931
22675892
22675891
22675887
22671920
22668433
22662619
22662617
22629079
22629077
22629076
22629075
22629074
22629072
22629071
22629070
22629068
22629067
22629064
22629062
22629061
22629056
22629053
22629047
22612041
22612036
22611790
22610339
22610335
22610334
22610330
22610325
22610324
22610322
22610321
22606857
22594249
22594246
22594244
22594235
22594232
22594226
22589112
22586521
22584452
22584448
22567818
22567817
22567815
22559698
22559697
22557824
22557823
22557822
22557820
22557819
22557818
22557815
22557814
22557810
22557808
22557807
22557806
22557803
22557747
22553827
22536668
22536662
22536661
22536659
22534855
22534566
22533031
22533029
22533027
22533024
22532949
22532944
22532941
22532940
22532654
22526210
22524722
22524720
22524714
22518381
22509128
22509127
22509123
22509121
22509118
22509116
22509113
22486687
22482386
22482379
22480810
22475878
22475467
22473564
22473555
22467991
22467698
22467696
22467694
22464532
22464531
22464528
22464524
22464117
22460103
22452934
22450339
22449811
22449809
22449807
22449806
22449596
22449592
22449212
22441418
22432825
22432824
22432823
22432822
22432821
22432820
22432819
22424869
22420481
22420480
22420475
22420473
22419446
22415603
22415375
22414848
22414847
22414844
22414842
22414841
22414839
22414837
22414832
22414830
22414828
22414824
22414822
22409417
22409416
22409223
22409221
22409217
22409216
22408130
22407726
22402153
22402152
22401663
22394468
22391786
22385972
22385207
22383620
22383063
22382900
22382756
22372838
22370596
22365137
22364763
22364682
22356243
22354475
22337699
22332838
22331636
22331605
22328467
22327788
22319765
22319764
22319763
22319761
22317989
22316398
22316120
22316111
22315949
22314925
22306581
22306531
22305715
22302145
22302143
22296718
22296704
22292156
22292155
22292151
22292147
22292145
22292143
22292142
22288874
22288815
22287231
22285922
22282745
22282742
22278596
22277947
22273743
22267326
22266140
22265988
22265797
22260994
22257665
22249593
22246157
22245629
22239248
22211763
22209573
22206640
22200847
22190388
22190356
22188518
22188162
22186941
22180461
22177812
22177781
22169675
22151351
22138351
22134419
22133046
22130456
22092769
22092586
22092491
22092445
22086361
22085016
22077915
22074765
22074313
22066678
22066463
22051058
22050962
22050710
22044265
22041021
22040129
22038237
22032698
22032653
22032258
22022978
22022823
22017661
22010835
22007726
21975118
21974715
21972924
21954940
21954873
21951819
21935518
21895970
21883356
21870974
21861639
21854545
21815219
21790993
21764490
21752193
21752191
21734980
21734972
21734971
21723804
21703725
21676623
21641229
21636189
21624835
21604160
21570312
21547373
21497870
21488966
21478298
21468640
21457351
21453392
21448637
21448635
21435011
21394445
21389075
21384127
21384126
21380502
21344304
21331637
21331635
21320891
21303812
21300729
21287210
21274581
21262931
21228121
21091344
20662666
20030675
20030674
19906268
19843106
19793330
24610981
22349247
22514588
22453836
21632067
22446286
22443448
22298769
22506443
22442078
22436166
22283685
22137145
22074678
22035706
22290392
22419315
22309161
22414157
21944776
21940123
22405185
22402544
22387015
22341969
22298439
27144749
22398444
21849314
22408608
29539346
27625798
24744622
23856398
23833615
23483847
23459117
23450066
23449815
23329961
23329955
23322955
23214291
23197777
23155969
23155966
23082602
23082581
23066425
23066422
22945737
22945735
22945734
22945733
22945732
22945731
22945729
22945724
22945718
22945717
22945716
22945715
22945714
22945712
22945709
22945704
22945703
22945700
22945698
22933973
22860325
22826769
22816224
22816223
22807017
22807015
22800675
22800672
22784981
22784980
22734213
22715639
22686053
22685915
22685911
22676833
22669147
22666850
22666849
22666848
22666847
22666843
22666840
22666838
22666835
22666829
22665759
22665757
22665756
22665754
22665753
22665752
22665748
22665745
22665739
22662468
22623941
22623940
22623939
22623936
22623933
22623930
22623929
22623928
22623927
22613548
22611808
22587117
22583890
22583888
22583885
22583884
22583882
22583880
22583879
22583877
22583872
22583871
22573746
22573745
22569694
22568079
22562675
22552465
22545331
22530367
22529468
22502564
22502559
22496945
22488031
22488028
22484537
22482272
22482269
22482268
22482266
22482265
22482263
22482262
22482260
22482259
22482258
22482256
22482254
22482253
22482252
22482251
22482248
22482247
22482246
22482245
22482244
22479785
22474933
22474648
22474647
22474644
22474642
22473354
22473349
22473347
22473344
22473342
22471147
22466898
22466897
22466893
22466892
22466886
22462675
22462672
22462665
22455532
22455531
22455529
22455527
22455525
22455524
22455523
22455521
22451207
22446463
22446453
22446427
22442788
22442782
22442771
22441597
22440601
22438679
22436808
22436214
22422086
22422085
22421872
22421868
22421849
22421832
22420736
22416990
22416987
22416986
22415256
22415177
22414519
22414512
22414509
22414508
22414504
22414503
22414352
22402298
22402297
22402295
22394623
22387195
22385695
22385694
22385689
22383606
22383605
22383209
22383204
22383203
22382228
22381502
22381494
22381493
22381491
22381489
22378753
22377414
22376099
22374061
22374060
22374059
22371841
22371834
22371199
22369566
22369565
22369561
22369560
22369551
22368300
22368253
22367139
22367136
22366728
22361671
22361504
22356691
22351655
22341317
22341086
22341082
22341079
22341075
22341073
22341066
22341065
22341063
22341062
22341061
22341060
22341059
22331516
22329361
22326397
22326162
22326161
22326158
22326154
22321059
22317988
22313279
22313276
22313271
22313267
22305088
22300525
22300493
22299127
22299126
22299123
22299122
22299120
22299118
22299117
22293677
22287711
22282075
22281866
22277349
22276595
22271008
22270879
22267275
22265824
22257702
22244732
22241851
22233558
22231912
22228435
22227630
22227269
22227093
22226978
22221680
22214780
22213638
22213583
22207164
22205634
22203701
22202124
22201183
22192537
22177816
22176029
22166111
22166110
22166108
22159899
22155971
22155564
22155281
22155037
22153129
22150429
22143710
22143707
22143705
22143704
22143701
22143700
22143698
22143688
22131286
22128360
22128353
22108586
22104731
22094292
22093080
22088937
22079065
22077958
22074866
22044111
22038595
22036476
22033341
22032933
22032887
22027714
22023293
22023169
22007705
22007644
22007609
22003884
21993596
21983760
21981356
21972940
21964673
21960135
21958663
21947631
21942237
21942234
21936873
21932940
21930261
21930260
21930259
21925923
21923888
21920497
21919800
21913956
21902706
21902547
21893354
21892769
21890108
21883559
21883558
21883023
21879793
21875316
21867432
21865012
21861640
21859320
21848408
21843042
21830933
21827236
21815955
21815834
21781198
21780971
21780969
21780968
21780903
21771124
21760638
21749166
21740185
21740173
21740169
21701799
21692626
21665855
21567397
21544876
21526976
21424800
21409396
21375406
21360116
21336680
21318264
21305385
21287219
21279404
21279403
21277660
21274732
21204163
21125364
21120568
20604811
20561061
20207393
19673957
19673954
22980150
22457683
22457680
22260751
22364514
22363006
22361553
22361552
22361546
22361532
22236528
21849310
21775333
22240878
22353920
22353916
22353915
22353914
22353911
22353909
22353908
22353907
22353906
22353904
22353902
22349415
22343516
22351574
22344132
22336822
22336794
22248730
22223318
22129628
22418184
22238202
23674920
22325055
22322760
22322759
24357906
24357905
24357904
23539418
23538837
22060260
21733903
22154915
22277614
22277608
22277605
22277604
32781821
32781810
32781799
30731836
28191138
26845810
24558531
24558530
24558528
24558526
24558525
24558522
24558520
23618050
23573680
23327043
23112930
23112929
23112927
23089639
22813619
22810069
22720494
22677744
22677741
22677740
22677738
22677735
22669115
22669113
22617703
22558693
22558692
22558690
22558687
22545428
22533954
22533953
22522876
22512019
22506250
22490250
22490242
22490241
22474824
22463028
22451066
22439102
22439099
22439095
22439094
22437689
22437688
22437687
22437683
22437682
22437680
22437678
22437676
22437675
22437673
22431052
22431049
22431041
22428274
22413389
22410136
22392249
22389972
22389970
22389969
22389968
22389966
22380647
22369711
22369709
22369705
22368800
22367938
22350046
22332231
22331162
22325564
22323687
22307495
22304744
22304743
22304742
22304739
22301637
22301636
22301175
22298557
22298555
22298552
22298544
22298525
22298516
22298515
22297971
22296696
22296690
22293883
22293106
22293105
22293104
22293103
22293101
22293100
22288918
22287043
22287040
22285819
22284547
22284297
22284296
22284291
22284287
22284284
22284282
22284281
22284280
22282749
22282258
22280382
22274139
22271166
22267047
22265008
22264327
22264324
22264323
22264322
22260914
22257880
22257879
22257874
22257871
22257869
22257544
22257539
22254233
22254232
22254230
22254228
22254227
22254223
22254221
22254220
22251354
22251345
22251344
22251037
22251036
22251035
22251034
22244648
22244647
22244644
22244643
22244640
22244638
22244637
22244635
22244634
22244632
22244628
22244627
22244626
22244624
22241855
22230725
22230724
22230464
22228461
22228460
22218761
22211817
22211307
22211306
22211305
22211304
22211303
22209182
22207055
22206891
22206643
22197355
22190291
22189393
22183740
22166583
22157162
22157099
22156917
22150475
22144487
22143910
22139442
22138090
22136592
22133559
22133372
22120684
22119657
22117924
22117895
22104732
22101859
22101493
22100151
22092723
22091734
22088889
22083460
22081938
22079371
22079063
22075030
22070803
22070178
22054477
22050241
22047954
22044733
22044450
22044219
22042093
22036589
21999441
21995296
21992581
21992481
21988960
21985650
21978932
21978185
21963335
21958332
21950246
21940171
21935517
21926911
21924705
21923891
21920498
21917545
21913838
21907971
21902708
21902707
21895972
21895969
21895663
21895662
21855856
21854448
21854395
21848952
21848526
21833496
21819441
21809415
21806683
21802814
21796708
21794081
21790986
21773716
21763226
21752194
21752192
21743034
21734976
21734973
21692633
21692630
21692629
21692628
21692627
21690272
21689373
21684648
21679186
21627462
21617943
21609257
21594234
21574830
21574018
21564538
21488971
21465469
21443593
21415288
21377294
21336631
21327799
21292732
21291455
21289016
21273285
21271349
21249509
21246386
21228118
21187530
21181215
21135033
21047216
20967476
20941633
20938794
20932150
20932122
20931252
22294679
22472296
22178281
22001221
22281629
22281627
22120540
21855309
21652193
22260259
22258958
21839759
22012984
21872275
22244162
22246772
22240686
22240169
22303746
22236771
22718593
22665713
22234613
22234609
22008666
21940122
21821373
22718590
22230722
22068899
34662961
22214223
22014328
27820156
26964131
26339116
25885503
25757859
25756037
25756031
25206143
25206142
25206140
25206139
25206138
25206137
25206130
25206127
25206126
25191403
24987621
24987618
24855586
24749105
24478959
24027383
24006835
24006832
24006826
23964453
23960529
23960528
23960527
23960526
23875381
23875377
23798079
23798078
23798077
23798076
23798074
23798070
23767180
23678331
23586278
23534332
23534330
23534329
23534328
23534327
23534326
23534321
23534320
23534319
23534318
23522125
23508294
23507782
23505790
23505788
23505787
23505786
23505784
23492867
23483095
23470851
23459597
23457901
23457898
23448087
23448085
23448084
23448083
23448082
23448081
23434854
23430854
23425881
23421309
23421307
23421055
23421028
23421027
23420968
23413640
23413639
23413638
23413637
23409533
23409531
23394230
23393673
23378816
23367155
23366102
23346424
23346423
23346422
23346262
23346261
23341848
23341834
23338274
23338273
23338271
23338269
23338264
23338263
23338259
23338256
23338255
23331396
23331387
23326788
23326738
23326716
23320249
23320201
23320200
23320199
23319349
23319192
23318925
23318922
23318756
23318747
23318742
23316397
23316396
23316234
23308086
23308084
23306243
23306241
23306240
23306238
23306234
23306233
23306228
23306227
23306222
23306221
23304692
23304689
23304598
23304567
23304565
23304536
23304146
23303042
23303038
23301453
23301241
23301238
23301237
23301235
23301232
23300674
23300632
23297518
23294654
23291849
23286098
23286041
23285780
23285624
23285602
23285403
23285402
23285075
23284972
23284761
23284591
23272299
23272230
23271836
23268568
23268567
23268222
23268219
23268213
23268212
23264704
23264226
23264220
23264211
23258980
23258979
23258978
23258182
23258181
23258180
23258179
23258177
23258176
23258174
23258172
23257633
23255882
23252221
23252219
23251823
23251811
23251683
23251621
23251068
23251066
23250424
23243521
23243519
23243464
23240044
23239998
23238631
23235787
23230647
23230646
23230645
23230644
23230641
23230640
23230639
23230638
23230636
23227268
23226706
23226260
23226240
23226212
23221163
23221162
23221160
23221159
23221155
23221153
23210419
23210418
23210417
23210416
23209984
23209918
23209614
23209471
23207867
23207863
23207862
23207857
23207856
23207849
23207848
23207212
23207205
23207202
23207200
23207199
23207196
23198166
23198164
23198162
23193381
23188439
23188431
23185576
23185510
23185234
23184365
23175871
23173054
23166472
23166469
23166462
23152922
23152921
23152848
23152682
23150868
23150867
23140178
23140104
23136621
23133660
23133617
23133517
23133453
23128492
23128489
23128488
23125938
23125925
23124304
23124303
23124301
23124300
23119189
23119188
23119172
23118994
23118861
23116779
23115644
23115578
23113208
23112693
23112669
23112657
23109901
23106488
23097140
23095272
23094837
23094274
23094270
23094268
23094267
23094265
23094263
23093977
23091741
23091642
23091576
23091575
23091574
23091493
23091491
23091490
23087582
23087579
23087576
23086422
23086420
23086414
23082576
23082256
23077913
23072844
23071623
23066457
23064625
23060913
23060912
23060910
23060909
23060908
23060907
23060906
23059927
23059923
23059922
23056975
23056963
23056955
23056912
23056160
23056159
23056158
23056050
23056049
23055816
23049864
23049191
23037843
23037785
23032909
23029634
23029519
23029356
23029286
23029012
23028723
23028670
23028214
23011336
23011331
23011326
23011325
23011323
23008785
23008784
23006794
22997592
22997520
22992051
22991875
22991874
22991873
22991872
22991675
22991671
22991631
22991630
22991626
22991492
22991034
22990543
22988528
22985898
22983106
22983105
22983104
22983103
22983064
22979916
22975633
22973312
22973311
22971868
22971867
22970392
22969805
22969804
22968605
22968604
22957060
22953127
22953069
22949889
22947623
22937121
22936871
22934129
22934114
22930948
22930945
22930382
22928384
22928382
22928381
22928374
22928121
22928114
22927855
22927773
22924106
22924104
22924102
22924098
22924097
22924065
22924064
22919548
22919519
22919505
22919387
22919344
22918207
22916138
22908091
22908090
22907409
22907407
22907406
22907403
22907401
22907166
22905069
22900211
22900210
22900091
22900076
22899931
22891415
22891100
22889725
22889507
22888456
22888350
22879891
22876397
22876396
22876393
22870302
22870286
22866281
22865491
22864227
22864225
22864219
22864215
22864210
22864206
22864202
22860076
22855637
22848854
22848360
22844619
22844605
22844287
22842270
22842265
22842251
22842250
22842244
22842240
22837606
22836291
22834215
22834214
22830062
22830061
22830059
22830058
22829828
22822605
22822598
22814696
22814694
22814691
22814687
22814686
22813943
22813889
22810577
22810575
22810573
22810571
22805794
22802862
22799459
22796661
22793043
22792499
22792497
22792168
22792109
22792108
22792106
22790800
22790413
22790410
22790409
22790408
22790407
22790338
22790334
22788094
22783741
22783453
22783451
22783450
22781582
22781519
22779218
22779216
22779215
22778974
22778718
22778705
22778652
22777139
22770248
22768821
22768154
22768035
22763596
22763591
22763588
22759786
22755470
22754572
22754216
22745917
22745896
22744518
22742412
22742070
22739707
22739587
22739064
22737169
22732816
22732815
22729098
22724339
22723950
22723808
22720168
22719763
22715348
22714967
22714964
22708467
22708312
22706682
22702845
22701669
22701484
22701086
22699390
22690531
22690058
22684175
22679389
22678611
22678602
22678523
22677689
22675556
22675358
22675356
22673471
22673461
22673220
22673217
22669069
22666777
22666776
22666775
22666773
22666771
22666770
22666766
22666765
22666615
22666322
22666255
22666253
22666251
22665981
22664124
22654909
22654908
22654616
22645455
22639536
22632386
22629443
22629441
22629353
22629152
22629122
22628982
22628978
22628975
22628971
22628970
22628969
22628967
22628964
22628959
22619504
22617333
22617331
22617329
22615916
22615879
22615719
22615717
22614242
22614169
22611905
22611902
22611900
22586442
22577568
22577567
22577382
22577329
22577313
22572605
22570725
22567659
22567658
22567656
22567654
22567650
22567647
22567644
22567642
22567634
22567633
22567628
22567627
22567626
22567625
22567621
22567620
22567619
22567458
22567457
22567456
22567455
22567453
22567010
22567008
22566056
22566054
22566053
22566052
22566051
22566050
22566049
22566048
22566047
22566044
22566042
22566041
22565522
22565518
22565515
22565513
22565512
22565510
22563528
22563372
22558949
22558396
22558351
22558292
22558041
22557915
22557914
22557909
22557907
22557902
22557898
22557897
22557896
22557895
22557893
22557892
22557891
22557890
22557889
22548183
22548039
22539960
22539906
22538799
22536518
22536243
22536242
22536241
22536239
22529932
22529881
22524927
22519148
22517111
22517055
22517032
22516978
22515039
22513752
22509242
22508519
22508493
22508449
22507328
22507325
22505993
22505908
22505907
22505906
22505897
22505894
22502757
22496722
22496665
22496649
22488298
22488025
22485170
22482025
22481948
22479986
22479985
22479984
22479908
22479781
22475108
22474797
22472706
22472515
22470442
22469112
22467104
22462359
22462343
22461992
22461989
22461985
22460319
22460316
22460310
22460309
22460307
22457623
22457110
22456021
22456019
22456018
22456014
22456013
22456012
22455778
22454609
22452891
22452888
22452885
22449994
22449509
22449508
22449507
22449506
22449505
22449504
22449503
22449502
22448466
22447053
22447051
22447049
22442680
22439523
22439114
22438919
22438652
22438650
22438639
22437104
22436431
22435322
22435321
22435320
22435319
22435317
22435176
22434950
22434949
22434942
22432232
22432178
22432174
22432048
22431965
22431928
22430708
22430707
22430706
22430705
22430704
22430701
22430696
22430695
22430694
22430692
22430689
22430688
22429533
22412850
22411234
22408696
22403079
22399027
22399025
22398411
22397291
22395516
22392784
22380939
22379748
22371815
22368344
22368342
22368341
22368340
22368339
22368337
22368335
22368330
22368329
22368328
22367312
22363835
22363797
22363491
22363372
22363370
22363366
22363363
22363361
22362135
22360497
22360126
22359260
22355375
22353462
22353461
22353459
22353458
22353457
22353456
22353455
22353452
22347541
22347507
22344360
22344342
22344339
22344338
22344333
22343693
22340477
22339660
22337437
22337395
22337371
22335441
22332526
22331330
22327413
22327347
22322737
22322022
22322021
22319623
22319529
22317029
22316214
22316176
22316105
22315609
22315608
22313992
22313991
22313988
22313986
22313981
22313980
22313979
22313323
22300680
22299097
22299095
22292139
22291941
22291715
22291457
22287965
22287964
22287963
22286327
22286298
22285908
22276139
22275255
22275248
22274307
22274305
22259813
22259810
22259808
22259807
22259806
22259804
22259802
22259801
22259799
22259798
22259797
22259794
22259793
22259792
22258438
22253800
22253766
22249477
22249271
22246049
22246048
22244492
22244490
22238037
22237528
22237527
22237516
22237181
22237162
22236124
22234413
22232720
22230917
22230916
22230914
22230911
22230910
22229595
22229594
22229592
22229591
22229015
22229014
22229013
22229012
22229005
22222621
22220891
22220888
22220843
22219005
22216032
22211666
22204278
22201105
22201104
22201101
22201096
22201095
22201094
22196196
22196191
22196188
22196187
22196186
22196184
22196183
22194748
22194747
22192253
22192252
22189569
22189565
22189435
22189427
22184627
22184623
22182593
22179676
22174717
22170401
22159444
22157663
22157662
22157660
22157220
22156738
22156287
22153571
22152635
22152634
22152628
22152625
22152621
22152620
22152619
22152618
22152616
22152615
22152614
22152613
22152612
22152611
22152444
22151309
22147583
22142959
22142950
22141735
22141456
22139963
22139304
22138150
22137477
22134112
22133879
22133152
22129235
22127291
22118969
22117955
22117954
22117943
22116448
22115545
22114601
22113146
22102537
22101732
22100100
22100081
22099313
22099172
22098671
22098533
22094537
22093104
22093052
22093022
22092931
22092913
22092689
22092670
22079283
22077790
22074597
22065540
22062685
22057194
22052982
22049361
22045483
22040467
22040403
22040309
22037296
22034968
22034965
22034127
22028385
22019798
22018665
22009580
22008462
22004279
21993232
21990045
21986390
21984706
21984614
21981748
21979133
21972847
21968522
21965443
21965300
21960029
21959862
21958845
21956569
21954024
21952986
21951555
21948850
21944474
21942288
21942287
21942238
21942236
21940198
21940090
21930181
21924867
21913858
21913857
21912076
21910585
21906087
21902704
21902703
21899567
21899565
21895703
21885032
21883631
21883296
21868198
21855186
21851926
21848894
21848545
21840496
21827524
21827523
21821230
21819468
21815812
21814830
21806466
21806464
21803780
21802810
21793869
21793712
21793638
21789630
21787200
21787199
21782389
21778681
21778014
21750928
21743430
21743427
21740473
21736686
21733310
21718373
21710177
21707698
21705295
21696298
21684233
21668494
21667111
21635557
21613652
21611745
21567120
21563949
21563946
21556728
21556726
21553068
21553067
21545532
21545377
21534842
21504480
21504268
21504267
21500084
21494835
21492235
21492064
21491264
21486180
21476043
21449691
21443587
21435013
21353579
21254371
21227554
21224252
21183521
21069407
21038101
20859649
20842517
20809080
20737181
