26937547
31741930
30344381
27668452
27860023
27696615
30191099
27809403
27662604
27163490
27598950
27596682
29618880
27416302
27868355
27860247
29765439
27880023
27465810
27389670
27159089
29575885
29575873
29383003
27883359
27333596
27008993
29467661
27990769
27891774
27860358
27296170
26999471
26999386
29376061
29354640
28035645
27927084
27876452
27335316
29387284
29404196
29387281
29290842
29290692
29312286
29308027
29290841
29290839
33403352
29250467
29216199
29270128
29270412
29206238
29354313
29354311
29354308
29354306
29354305
29249988
29249963
29038632
27885743
27817004
27808450
27613222
27568867
27465933
27307188
26883552
26864601
26855314
29190785
29190740
29186178
29182683
29805776
29546022
29204275
29166384
29209231
33403332
29184853
29136013
29180965
29134151
29367877
29117217
29250211
29184643
29112988
29164121
29107966
29163032
33403338
29200956
28032199
28024165
28013437
28000037
27995653
27990766
27990692
27989017
27987273
27921373
27905856
27887789
27868346
27868340
27835932
27796174
27778471
27723380
27671372
27641728
27628624
27578273
27549729
27516354
27495270
27470184
27470072
27324934
27225524
27212001
27146633
27146473
27114100
27113969
27082845
27056058
26953228
26934834
26913579
26842382
26822105
29238418
29163479
29104942
29073202
29073184
29238414
29238413
29114228
29134027
29049374
29049333
31966229
29089900
29075327
29181299
29081672
33403345
29075192
29023506
29023497
29020030
33403344
29016613
29057222
29070950
29046784
28973028
33403333
29114431
29114426
29114425
29114424
27943658
27917512
27891629
27848099
27809348
27809342
27775835
27771189
27699895
27699890
27663724
27659296
27624214
27609586
27531046
27502579
27469422
27327953
27077925
26855068
26848940
28957439
28957407
29021979
28953899
28966888
33403334
28983253
28934368
28926638
28926618
29081911
28966580
29118975
28979109
28902892
28955231
28898247
28955704
28924388
28878823
28855834
28717298
28717292
28000039
27981411
27942985
27933446
27928689
27909894
27909893
27900529
27896484
27891570
27882626
27878464
27859616
27837344
27816416
27813257
27776807
27770435
27748991
27706822
27690832
27689773
27684574
27677655
27659165
27612328
27580277
27510957
27492736
27440381
27412520
27402338
27373708
27354261
27151766
27138462
27067228
26869445
29114333
29114332
28979576
28979575
28875081
29134000
28894733
28875069
28855950
28841688
28841658
28894386
28837608
28837579
28832664
28848692
28817644
28817589
28813496
28806748
29242813
29445673
28792978
29118590
28792510
28787448
28824898
28824445
28814900
28785306
28824892
28824450
28767676
27996170
27943266
27862702
27835926
27759906
27704706
27699913
27684376
27682433
27662605
27662516
27659183
27632716
27614116
27578486
27520405
27477110
27464713
27458031
27443897
27397867
27392532
27378241
27345332
27333829
27311365
26960967
26849024
26848820
26842672
26789538
26751602
28932339
28824895
28814864
29955426
28750073
28746380
28746370
28804748
28003605
33403346
28785226
28804693
28770188
28770190
29089835
28704414
28747886
28747872
28700601
28700729
28769730
28794810
28748043
28769724
28678838
28725642
28690926
28736605
28736604
28736602
28736601
28672031
30938637
30938633
28775964
28024822
28024820
28024819
28024818
28024817
28024815
27903790
27891569
27888096
27874188
27869476
27864641
27863859
27862232
27853978
27837346
27830931
27830370
27825561
27824256
27815794
27796575
27785586
27783438
27778135
27777071
27771807
27762082
27743231
27731649
27706394
27684502
27684190
27655625
27585370
27576069
27545983
27532506
27532347
27474894
27423159
27422536
27415037
27400743
27350419
27342139
27307389
27284756
27283128
27279547
27272208
27252014
27206534
27206342
27136074
26773839
26773736
29607082
28839489
28839482
28839476
28839475
28713800
28706494
28706493
28706489
28674644
28654681
28694781
29789771
28706615
28652938
28640827
28636642
33403323
33403325
28614381
28614355
28642749
28642736
28594914
28594869
28594852
28594848
33403347
28638345
28591222
28769693
28575008
30895037
30895036
30895035
28615871
28584710
28579932
28501068
28439170
28276733
28008710
28000247
27991818
27990688
27981756
27981568
27943627
27943593
27933720
27925236
27914668
27883224
27863856
27861912
27859254
27847158
27837264
27836147
27815689
27813196
27771826
27766487
27763659
27761672
27745799
27743214
27722787
27714528
27706865
27695955
27692742
27678306
27660159
27624657
27613613
27596605
27591860
27574906
27561677
27550292
27503608
27501963
27495271
27483086
27449386
27431617
27417412
27392611
27389791
27377919
27366858
27363895
27335212
27296318
27283505
27273291
27265897
27238557
27210034
27194177
27176631
27167329
27159375
27154057
27132802
27114184
27112061
27101226
27101091
26971097
26805651
28620405
28611689
28611683
28611678
28596736
28616151
28560100
28542538
28531204
28542468
28560015
28498836
28652816
28553203
28494020
28503382
28489936
28536539
28536534
28533687
33440495
33403342
28481941
28522988
28496309
28515694
28480142
28480136
28469835
28464019
28490947
28479933
28459825
28254302
28254286
28029266
28013413
27989449
27986307
27976596
27975342
27958766
27935024
27914227
27913659
27909758
27905816
27881325
27881319
27881312
27881309
27866699
27854186
27836143
27802080
27778394
27741331
27539641
27535018
27534562
27529749
27489205
27472957
27452447
27438341
27434332
27412714
27394425
27376544
27372662
27370027
27343145
27334865
27324476
27324475
27320636
27316639
27312377
27287499
27283326
27277518
27277517
27255959
27246754
27233902
27221518
27221516
27194072
27193939
27178313
27173580
27170047
27165307
27101810
27079924
27079789
27063356
27063209
27062555
27061808
27037801
27031269
27018647
27009869
27004733
26997329
26992477
26969579
26882026
26781984
26762479
28553412
28503150
28462042
28445536
33403349
28469925
28473773
31966205
28546970
28507826
28422991
28422969
27979302
28769647
28406943
28769642
28442895
28757938
28435340
28394940
27840370
28380079
28435251
28955597
28955595
28955594
28955592
28955590
28955589
28769624
28369080
30931780
30931779
30931778
30931777
30100673
28924317
28529977
28435894
28415948
28189490
28183665
28153564
28063316
28039008
28038830
28035661
28028833
28004397
28000152
27990675
27981392
27976503
27974406
27967312
27956229
27935196
27935179
27933616
27928641
27925387
27922188
27908460
27896434
27881331
27881326
27881322
27881321
27881315
27879420
27859981
27858553
27848100
27842729
27836917
27821544
27807931
27804261
27792268
27790821
27789268
27785575
27780691
27775170
27774670
27769518
27767207
27765393
27753124
27753083
27748036
27699958
27687583
27686872
27681361
27655624
27621276
27611500
27587023
27558847
27534447
27510284
27484816
27474364
27454813
27397137
27392757
27349741
27324294
27300099
27270920
27268506
27238158
27229727
27206916
27206915
27206914
27193491
27179654
27172922
27167385
27150658
27147550
27129588
27129585
27129583
27121798
27120708
27114090
27103587
27093564
27073101
27038334
27038230
27037617
27016157
27009805
27000665
26992649
26992464
26992439
26988739
26970296
26968311
26935479
26919705
26918305
28567142
28567141
28496964
28049967
28049966
28536686
28355287
28642929
28361003
28392782
28344780
28458729
28328975
28328951
30755946
28649608
28360862
28401141
28352164
28344574
28331369
28278191
28264048
29607077
28265502
28253369
27986375
30895023
30895022
30895020
30895016
28341071
28290304
28286391
28286386
28277961
28265519
28265518
28153124
28118500
28111155
28061389
28057454
28043880
28043400
28043013
28041757
28040606
28035658
28030993
28024641
28024093
28012573
28011091
28000043
27998664
27997275
27987427
27960574
27951410
27934543
27930925
27927887
27925870
27923725
27913821
27897086
27896417
27892840
27892838
27892837
27892836
27890028
27886383
27885569
27884719
27884603
27883212
27883200
27883188
27875705
27872333
27871617
27866468
27866217
27865653
27864970
27862629
27861844
27859229
27858983
27838559
27834119
27825679
27825678
27825675
27818275
27811847
27802124
27802123
27802121
27796608
27788625
27787957
27769737
27768390
27765547
27765400
27765397
27757575
27741330
27726151
27706919
27692583
27692582
27684189
27677220
27677218
27677217
27677214
27654627
27640191
27623973
27604232
27600798
27590012
27582484
27552722
27542105
27538739
27525517
27522217
27511213
27507168
27491932
27485288
27480620
27477786
27469102
27440501
27422849
27382992
27356671
27353475
27344562
27338285
27289386
27282407
27224424
27207609
27198169
27133183
27105129
27091347
27068254
27062656
27028904
27028526
27009787
26992276
26919266
26914312
26913807
26913571
26865499
26863893
26763665
28357006
28245286
27990010
28241059
28265457
28222099
28331407
33403327
28299350
28413391
28337277
28199336
27588727
28357003
28357001
28280539
28280535
28280533
28280532
28280529
28280527
28196135
28239357
28187210
27987944
28228735
28178323
28331805
33403326
28451040
28158261
28184240
31435209
28920035
28243337
28228833
28194367
28194360
28194358
28191762
28110701
28106508
28106506
28106505
28087282
28073052
28065684
28057402
28056377
28043846
28041686
28041685
28041682
28035689
28027823
28027821
28024874
28024757
28007396
28000851
27998731
27993571
27989711
27989704
27989582
27989519
27989366
27988345
27987798
27986266
27979689
27978591
27956016
27955921
27940164
27939826
27939825
27939657
27939656
27939655
27936914
27930937
27927885
27918918
27913209
27907861
27894994
27889924
27889606
27889605
27885586
27884786
27883161
27882508
27879341
27876532
27871014
27866074
27865657
27865101
27863799
27863694
27862688
27862171
27860241
27856967
27846401
27834299
27834298
27831705
27811065
27809724
27788624
27786566
27780611
27778343
27778330
27770039
27767387
27767236
27765396
27762658
27726172
27726135
27716739
27712461
27704536
27701809
27700696
27694154
27692579
27681303
27681164
27681036
27680508
27673748
27672006
27666672
27666500
27666499
27666493
27666133
27663538
27649968
27649930
27649844
27646799
27646796
27646792
27643807
27643754
27642152
27642102
27639154
27637379
27627858
27620655
27620653
27612323
27604042
27583529
27504742
27502755
27491509
27485674
27476829
27475819
27472656
27439566
27381488
27356926
27353190
27325451
27259072
27207582
27194626
27183325
27177907
27151765
27145147
27126371
27001885
26969423
26969421
26932733
26884421
26856399
26849000
26841969
26804207
26804139
26800022
26799814
26789282
26789130
26787659
26754342
26749535
26715408
26714612
26700508
28567137
28567136
28400865
28400864
28356999
28197104
27928103
28194401
29607073
28326155
28129388
28149683
28144447
28125700
28125654
28125649
28243410
28179886
28118361
27936567
28114408
28203310
27818457
28154538
28103260
28144617
28095456
28095448
27927941
28450996
27849104
27993989
27876679
27836805
27802144
33403336
30363265
28081119
28138227
28076385
28149450
28144184
28096974
27976574
27840161
28119577
28017609
29607071
28111553
28798658
27871895
27725267
28101003
28052126
28955588
28955587
28955583
28955582
28955580
32863464
30938648
30938645
30938644
30802400
30699494
30699493
30699491
30698929
30645810
30645809
30595859
30595858
30595855
30580343
30549672
30353893
30215055
30187726
30050982
29990406
29990402
29990401
29990400
29990398
29990396
29949310
29949308
29919992
29916685
29910954
29861597
29791114
29791111
29757326
29757307
29745115
29645412
29629237
29619048
29556665
29556658
29556645
29556634
29556631
29551850
29528043
29479539
29446376
29446368
29446366
29440865
29439757
29417788
29417787
29414970
29406664
29403665
29392128
29387727
29387493
29386806
29386804
29386798
29386797
29386795
29386794
29379658
29379524
29375198
29349075
29348749
29338065
29319065
29319062
29319061
29318058
29318057
29318056
29318054
29312451
29295335
29292415
29292412
29292410
29279779
29270461
29269721
29269720
29269719
29269718
29269716
29263565
29260765
29260764
29260761
29260760
29260758
29260757
29260756
29259981
29258064
29256855
29256192
29249735
29243681
29243679
29243678
29239595
29234751
29234681
29225624
29213288
29209624
29207391
29204304
29203744
29202172
29201899
29201480
29201058
29200815
29186939
29183014
29181461
29181460
29181025
29176108
29172314
29172313
29161180
29159178
29152622
29152619
29136625
29130047
29130030
29129975
29128819
29125503
29119108
29114645
29109954
29106352
29098003
29093979
29093976
29082046
29075537
29072650
29072648
29072647
29065621
29065610
29062362
29059672
29057266
29057128
29056759
29055958
29050028
29050026
29050016
29038738
29031172
29026758
29024927
29023624
28990014
28987248
28983534
28983533
28983531
28983530
28978902
28977320
28972954
28968608
28968606
28965115
28954953
28954951
28954950
28954638
28950285
28947697
28947695
28947691
28947684
28944380
28944378
28944377
28944357
28944355
28944352
28937907
28937906
28937904
28937901
28937889
28937886
28934753
28932653
28932242
28920110
28920109
28912979
28912945
28912942
28912941
28904324
28904322
28904312
28884074
28884029
28883834
28872995
28872993
28872992
28872986
28872985
28872984
28872983
28872982
28869633
28869424
28863377
28858286
28858285
28858282
28858278
28858272
28855465
28852748
28852746
28852744
28849805
28849804
28849803
28849802
28849799
28849795
28848160
28848154
28840044
28840043
28835897
28831460
28831458
28828189
28828018
28828014
28828013
28828005
28825578
28819572
28810241
28810237
28809034
28808700
28808699
28804786
28804066
28798498
28796987
28796580
28791302
28785751
28785748
28785746
28785745
28785491
28785282
28785171
28781529
28770115
28769982
28761940
28761281
28761273
28761256
28761255
28761254
28761253
28761252
28761251
28761248
28761247
28758035
28756362
28752505
28748234
28748233
28747831
28744389
28740741
28730236
28724863
28724862
28724859
28721433
28719906
28717793
28717790
28713837
28713756
28713748
28713747
28713745
28713729
28713601
28713600
28713425
28713085
28712192
28711896
28711894
28706942
28702960
28695021
28694714
28685149
28682139
28681046
28674704
28674701
28669594
28668306
28660616
28660211
28658675
28653052
28653051
28650791
28650788
28650787
28650786
28650785
28650784
28650783
28641283
28638411
28637990
28637983
28637980
28637979
28637973
28637033
28635867
28630959
28630958
28630957
28630862
28620553
28617407
28617402
28617401
28617400
28617398
28612700
28611844
28607556
28604375
28589044
28584514
28584496
28584483
28584480
28584479
28584478
28584477
28584476
28584470
28584468
28584467
28580463
28580461
28579693
28573052
28567421
28566871
28566869
28566864
28566863
28566860
28566851
28566850
28566849
28566848
28566846
28566845
28558379
28555209
28555207
28555203
28555201
28555199
28553857
28552933
28546879
28540090
28538220
28537792
28530006
28523324
28523308
28523304
28514353
28514339
28513797
28512653
28512652
28512651
28506021
28501859
28497078
28492755
28492750
28492747
28492208
28487778
28484652
28484501
28484493
28484140
28480947
28479918
28479716
28479714
28479705
28479704
28479688
28474002
28473930
28473927
28469945
28469336
28465844
28465842
28465684
28462407
28462406
28462405
28458930
28458691
28458497
28458436
28453484
28450964
28450962
28449041
28443834
28443832
28442664
28439581
28439579
28439572
28435381
28435378
28435377
28435375
28435372
28435369
28435365
28435364
28435363
28435360
28435357
28424734
28424733
28423077
28422602
28422601
28422600
28422596
28422595
28422594
28422591
28421148
28421115
28413597
28413596
28413595
28413594
28413593
28413590
28409045
28409039
28403797
28401166
28396888
28395795
28393821
28393819
28393811
28392948
28392616
28391272
28388515
28386547
28386488
28384557
28381736
28381734
28381733
28381729
28377925
28377667
28377664
28377661
28377655
28377654
28377653
28377652
28377651
28377649
28377648
28377647
28374673
28372294
28372293
28372292
28372291
28367935
28367890
28367215
28365680
28364573
28364571
28363455
28361315
28361313
28359051
28352481
28348621
28348619
28348618
28348615
28348613
28348611
28348593
28338103
28337459
28337352
28337048
28331854
28327693
28327692
28326928
28326203
28326102
28322364
28322360
28322357
28322355
28321337
28321256
28317827
28316949
28316948
28316946
28316945
28316922
28316920
28316917
28316916
28316764
28314224
28301028
28301024
28301022
28301014
28301013
28301009
28298796
28298794
28297702
28294209
28294199
28294198
28288301
28288297
28288296
28288295
28288294
28288292
28286679
28286678
28280726
28280509
28280508
28278513
28274076
28274073
28274068
28274067
28274065
28274058
28274050
28274043
28274042
28274040
28274036
28274034
28271089
28270707
28265286
28261506
28261273
28260770
28255382
28252424
28250998
28248122
28246504
28246503
28243604
28240758
28240576
28239033
28238997
28232979
28232975
28232972
28232969
28232967
28232965
28232963
28232961
28232940
28232938
28229417
28229125
28222429
28217025
28216848
28216846
28216844
28216840
28216839
28198982
28198979
28197416
28197400
28197399
28197398
28197397
28195274
28195270
28190924
28189988
28188092
28182118
28179939
28179938
28179936
28179932
28179931
28179930
28179929
28179928
28179925
28179924
28179923
28179922
28179918
28179917
28179916
28179915
28177051
28168242
28168240
28168237
28154463
28149479
28149477
28149472
28149469
28149467
28149466
28149464
28149463
28149462
28149461
28149459
28149456
28147347
28139491
28139487
28139485
28139484
28139483
28139480
28139476
28133644
28129851
28127538
28127537
28127536
28123248
28123124
28122368
28118423
28118419
28117858
28117857
28117855
28117854
28117853
28117852
28116050
28111753
28105715
28092965
28085988
28085986
28085985
28085979
28085977
28085974
28085971
28076542
28072686
28068276
28068274
28068273
28068272
28068269
28068263
28068259
28067920
28065972
28063088
28054914
28054792
28052215
28052214
28052213
28052212
28052211
28052210
28052208
28052204
28050990
28050988
28050987
28050985
28050984
28050982
28050981
28050980
28050979
28050976
28049681
28043653
28042725
28042544
28038829
28038772
28033066
28033061
28029496
28026850
28024792
28024787
28024782
28024776
28024773
28024772
28024770
28024769
28024761
28017140
28012460
28006773
28005197
28002691
28000401
27997450
27997280
27995668
27986101
27986100
27986097
27986096
27984089
27984088
27981270
27981269
27981268
27978460
27977829
27977828
27977824
27977823
27977820
27977819
27977816
27977813
27959436
27959403
27958250
27958244
27955764
27943375
27941544
27940147
27939740
27939736
27939734
27939731
27939041
27938942
27936428
27933414
27930461
27928950
27924612
27924605
27924596
27923169
27922952
27918905
27918745
27915125
27913930
27912819
27912815
27912813
27911295
27908631
27908555
27896419
27896416
27894520
27892600
27890355
27889775
27889430
27886708
27884720
27883208
27875512
27875507
27866710
27865439
27863451
27863155
27859228
27858111
27856311
27852076
27849177
27847137
27847136
27846621
27845609
27838789
27835837
27834417
27834416
27834415
27831973
27825838
27824330
27818303
27816983
27816793
27816334
27814934
27814584
27813625
27810383
27810382
27810381
27803286
27802122
27802118
27801947
27801940
27796672
27796169
27794233
27793705
27788382
27784241
27780108
27777061
27776449
27771467
27771001
27770905
27770641
27770441
27769593
27761668
27761650
27746153
27744048
27736011
27734385
27734382
27734160
27726174
27725317
27725103
27723425
27723424
27716969
27716671
27712932
27712001
27706911
27706834
27704296
27694153
27694019
27692570
27691906
27689769
27688170
27685864
27681340
27680507
27680028
27680027
27670624
27669726
27669725
27666502
27665961
27664383
27662194
27658728
27655106
27653146
27652578
27643585
27640001
27639476
27633801
27631597
27629540
27627434
27622786
27616724
27616609
27613605
27613447
27611339
27611338
27608422
27604390
27600704
27598416
27589817
27582029
27580644
27572232
27571516
27571237
27569039
27567051
27566532
27564090
27562220
27542892
27541081
27537271
27530400
27528103
27527527
27523518
27523517
27515522
27511878
27511877
27510842
27504820
27502782
27500892
27492986
27492983
27492883
27492482
27491012
27480284
27473707
27460330
27460312
27450882
27438911
27424874
27416330
27409364
27391205
27363867
27358247
27354030
27341651
27338932
27314603
27304231
27281474
27273755
27241557
27177144
27170539
27118440
27090647
27089398
27059993
27041110
27041109
27032718
27025212
27020911
27020909
27017439
27008568
27005811
27003278
26993660
26979442
26976284
26969499
26961522
26955837
26955834
26946142
26941051
26925583
26924135
26922634
26922436
26917494
26872127
26847080
26830431
26781486
26732592
26667879
26659613
26584502
26582188
26580306
26426812
26418883
26418841
25952925
25951536
24616333
28765671
28765670
28217189
28217188
28217186
28210574
28154745
28070245
28066812
28030574
28035998
28024360
32566900
29563409
29563408
28217185
28074124
28059315
29034641
28163851
28163849
28491836
27794507
28933354
28018144
28293528
28004389
28001244
28001241
28002416
27893451
27993155
27930309
28058075
27991572
28006815
28006813
27987520
27987513
27991646
28018985
27982023
27982003
27981983
27981972
27857074
27767053
29736467
28028417
28028395
27977809
27977756
27974819
27797725
30483605
27974754
28774129
27983594
27732968
27999610
27988548
27966774
27966771
27978918
27978915
27978914
27978912
27936203
27936042
27936010
27932832
27932823
27932813
27931256
27929063
28649400
28174622
27988569
27941605
27927241
27927196
27924851
27975042
27929440
27923382
27919226
27917906
27496581
27910930
30895005
30895003
30895002
30895001
30894999
30894998
30775494
30240183
30240181
30240180
30112483
30112481
30112480
29949257
29782714
29782713
29782710
29744171
29744170
29744169
29744168
29694758
29563487
29539552
29539550
29539548
29539547
29539546
29539545
29349160
29349142
29341566
29178723
29178721
29155538
29155532
29155530
29155527
29117656
29045089
28994885
28959762
28959759
28959758
28955974
28955954
28642924
28642922
28642912
28642911
28580391
28537367
28537364
28529996
28520562
28520561
28520560
28520559
28510377
28508609
28491933
28479885
28391665
28391664
28387098
28383607
28340915
28327301
28318163
28318162
28318161
28318157
28318156
28318154
28318153
28318152
28306134
28306133
28275805
28275801
28275793
28275787
28275786
28275784
28275283
28275281
28275280
28275279
28275277
28275275
28255531
28218034
28218030
28218026
28217537
28217536
28210023
28209019
28209017
28209010
28209008
28209007
28209000
28208999
28208997
28208995
28127498
28096616
28053907
28050319
28050317
28050315
28050065
28050064
28050063
28045324
28045323
28045320
28045319
28045317
28045316
28045314
28045312
28035305
28035303
28032003
28018570
28018569
28018567
28011975
28008205
27995119
27995118
27981264
27980336
27980334
27980329
27980327
27977843
27974575
27974573
27966204
27965492
27965491
27965487
27965485
27965484
27958475
27957283
27957280
27957276
27957274
27957271
27957268
27957265
27957264
27957260
27957259
27942703
27942555
27942551
27942548
27942545
27940618
27938698
27938657
27938652
27934671
27934668
27933212
27926747
27925126
27920314
27920313
27920312
27920308
27916252
27916251
27914550
27907123
27906614
27905917
27905673
27904519
27903295
27898626
27895973
27895972
27894546
27894545
27894526
27894525
27894521
27890318
27890316
27888491
27883981
27876942
27876138
27875082
27874179
27874156
27874155
27872325
27871483
27871482
27871480
27870349
27870215
27866730
27866328
27862638
27858310
27858309
27856374
27855436
27854158
27848203
27848202
27838482
27836444
27833861
27833351
27833350
27833344
27830290
27825708
27823731
27816431
27812892
27812891
27805872
27801931
27799291
27786367
27779610
27778116
27776885
27776884
27776880
27776876
27775718
27771252
27771139
27770404
27769680
27769679
27769678
27769674
27768017
27766484
27765512
27751652
27747708
27747702
27747701
27747529
27745761
27743403
27736755
27728810
27727110
27726969
27726882
27722188
27720461
27720336
27718526
27717756
27717755
27717754
27717217
27713059
27711027
27707503
27706887
27706841
27704709
27702586
27699915
27699475
27697778
27697655
27697516
27696357
27696347
27696311
27696284
27696017
27693780
27693779
27693778
27693688
27686364
27685754
27681936
27680969
27680034
27671471
27671469
27671466
27671031
27669372
27667817
27667816
27665108
27662794
27660249
27658541
27655623
27650814
27647761
27641971
27640197
27636751
27634058
27632699
27628438
27627583
27624331
27624092
27616536
27615052
27614573
27612840
27612765
27612211
27607519
27601419
27598455
27597535
27594093
27593407
27590885
27590164
27587092
27576737
27576207
27573439
27570936
27570071
27568572
27567740
27565354
27561127
27558265
27555657
27554507
27554463
27553623
27552374
27548112
27547748
27546859
27542817
27535216
27533711
27530909
27530364
27529306
27529305
27527660
27524800
27523626
27523519
27523046
27522046
27521995
27521516
27517458
27516164
27513454
27512690
27501953
27498713
27498423
27497266
27492987
27492566
27490444
27479869
27477903
27477791
27475920
27474257
27473705
27473703
27473700
27473693
27468793
27464532
27460329
27460314
27454457
27452795
27444818
27439994
27436789
27434533
27430870
27421472
27421470
27421468
27417875
27416154
27415591
27412516
27412513
27401528
27397690
27397639
27396322
27389964
27384040
27381406
27381090
27376179
27369648
27363840
27362813
27362812
27344552
27329823
27292715
27280805
27280412
27272018
27264500
27261175
27254395
27245236
27245235
27242245
27242101
27241941
27238728
27231017
27198757
27193486
27188429
27161103
27153336
27150678
27146294
27140525
27140068
27134011
27126998
27126959
27124643
27111331
27103148
27039894
27029674
27025234
26997616
26996771
26995275
26993658
26992005
26968117
26955902
26936028
26927538
26924133
26922214
26895154
26888632
26880018
26843516
26836981
26833927
26833625
26818581
26818416
26809432
26800669
26786564
26781436
26780040
26780019
26712597
26709143
26676273
26675477
26671647
26660720
26618277
26599722
26583452
26580483
26547658
26547513
26513533
26505640
26505266
26499471
26474543
26436677
26398106
26090966
25907030
25864771
25846401
25827600
25664778
25659976
25645887
25643919
25643822
28040065
28018617
27903265
27903250
27871176
27593618
27572712
27988628
27901556
27898723
27893154
27892627
27892626
27892530
27888833
29607069
28100992
28070264
27898021
27886272
27886218
31055314
27881089
27892232
27875538
32263559
27920579
27917053
27872132
27839975
27857087
28042451
28042447
27990185
27852232
27851745
27848958
28281956
28281955
28281954
28281946
28281945
27988724
27904674
27846871
27846861
27846833
27660324
27568552
27537743
33440523
27994842
27841286
28042442
28042441
28042429
28042427
27596715
27562053
27439664
27426275
27354182
27354089
27833148
27849214
27834922
27834914
27750278
27829457
27806761
27843722
27834171
27791116
27819309
27814704
27108752
28144510
27867362
27814775
27811984
27811899
27811863
27809872
27843125
27819739
27811641
27811639
27811096
27809895
27745832
28250779
27834439
27807175
27805027
32512686
32512680
31535477
30695392
30137179
30010293
29798492
29744163
29744158
29744156
29744154
29659216
29509350
29509346
29509345
29238150
29238147
29238141
29185644
29152958
29152947
28666498
28598110
28540109
28540108
28540102
28508964
28458408
28412675
28408959
28339367
28327296
28243307
28243306
28243305
28243304
28243300
28243299
28243298
28182065
28182062
28182054
28182040
28169270
28169266
28169265
28169261
28169260
28169254
28125146
28125145
28125142
28125139
28125136
28123398
28107131
28107130
28090184
28090181
28083048
28076466
28076465
28076462
28076461
28076457
28058609
28058601
28058598
28051826
28050526
28050521
28050519
28050518
28050515
28050511
28050508
28050503
28050495
28050494
28032054
28032049
28032048
28032047
28032040
28028985
28018441
28018436
28009312
28005823
28005822
28005813
28005801
28005779
28005744
28001274
27994325
27994324
27994323
27994322
27994319
27994316
27994315
27994313
27994311
27965506
27965505
27965504
27965502
27965495
27922642
27903784
27902609
27900252
27896287
27896214
27896212
27896210
27882734
27882123
27882119
27882108
27875055
27872577
27871715
27871714
27871713
27871711
27871705
27871701
27871700
27871699
27870037
27869072
27863601
27861669
27861667
27861665
27861657
27861651
27861470
27851855
27849342
27847756
27847755
27847754
27847753
27847749
27845479
27844031
27842970
27842761
27841918
27833709
27828575
27828572
27828567
27824986
27824983
27824981
27824979
27824975
27821308
27820693
27820691
27820690
27820688
27814265
27814264
27814262
27814261
27814258
27814255
27812052
27811455
27811449
27811443
27811437
27810583
27805685
27796072
27792279
27784749
27771497
27765333
27765332
27765327
27765150
27765145
27764751
27761588
27748817
27740654
27740653
27740651
27740650
27740642
27736278
27721038
27720144
27715429
27699574
27694788
27694787
27694783
27692438
27690252
27687464
27686259
27684407
27671690
27669814
27665865
27665621
27664468
27664467
27663358
27651042
27651041
27649457
27649456
27647720
27646144
27643784
27641947
27639638
27639637
27638752
27637572
27637461
27637460
27625148
27625147
27624864
27623497
27617366
27614615
27614415
27613339
27611965
27607481
27603026
27601351
27600653
27599698
27592445
27591111
27589381
27589273
27589272
27582497
27576361
27575986
27571238
27568807
27565550
27565228
27554378
27554035
27553046
27543845
27539725
27528105
27526620
27524029
27523636
27522571
27515681
27510160
27509906
27509214
27502057
27500784
27492046
27491082
27491081
27491080
27485710
27475698
27471843
27471005
27470068
27468797
27466397
27466396
27461133
27461047
27458173
27449316
27448989
27445131
27440735
27440456
27435218
27431093
27430626
27426870
27422860
27422229
27422228
27421099
27421097
27420288
27417074
27402184
27397850
27392613
27392114
27390886
27389018
27379835
27367422
27365292
27351240
27339301
27324425
27317160
27291868
27288587
27262847
27250654
27243808
27236595
27224929
27224904
27219638
27218883
27215800
27214339
27182779
27178782
27172508
27170352
27165476
27161020
27160933
27160783
27154191
27135884
27113861
27108892
27101875
27083531
27083214
27077249
27052310
27049735
27030892
27023407
27022895
27005480
26970501
26963285
26917279
26899859
26898157
26861010
26852328
26850623
26841905
26832782
26820291
26818582
26800668
26795623
26795622
26792649
26791025
26780989
26751249
26750134
26745960
26743894
26725364
26696114
26689570
26689568
26685850
26662355
26620731
26592811
26590509
26575968
26572528
26567087
26474914
26468626
26462847
26449740
26444319
26440763
26426161
26406559
26384024
26283012
26174793
26012784
25963297
25727443
25226094
30263402
27992894
27929628
27857819
27857817
27857816
27822359
27809263
29563481
27793138
27793089
27687716
27790973
27784308
27783693
27780315
27779317
30984829
27797983
27783768
28352825
27785121
27768737
27767161
27767143
27767133
27767023
27764075
27929629
27811731
27811730
27764246
28292060
27797795
27781174
27760551
27759881
27756293
28210596
27877076
27756334
27752175
27752172
32566898
27929624
27800485
27763503
27748505
28206901
28206899
28206898
28206897
28206881
27653917
27477832
27378082
27843549
27811767
27811766
27736967
27736875
27853575
27757425
27732663
27811798
27761343
27737367
27737366
27737363
27737353
27737352
27724858
27719710
27719700
27719699
31473700
27758815
27716814
27713538
27713464
27713460
27713451
27713448
27343625
27843378
27811822
27785390
27693231
27567751
27530546
27811828
27757142
27708769
27703230
27598387
27564107
27833417
27757220
27695053
30931747
30931746
30931745
30931744
30931743
30931742
30766141
30699253
30699252
30699251
30358292
30141890
30141888
30141878
30035934
29327892
29178744
29178743
29178739
29178737
29178736
29178735
29178734
28955576
28955575
28955574
28955573
28955570
28645356
28586579
28491261
28491259
28491257
28357203
28348991
28326719
28326712
28326710
28326702
28144089
28127172
28127170
28127167
28127165
28127161
28127160
28127158
28116442
28116438
28116437
28116427
28116425
28096952
28096946
28096944
28096641
28078880
28078876
28078871
28077886
28076597
28042280
28042279
28042278
28042277
28042276
28042274
28042270
28042269
28042268
28042267
28042264
28042263
28042260
28042259
28042257
28042256
28000643
27999493
27994430
27994424
27994420
27994418
27994416
27994414
27994411
27994408
27991956
27982193
27982190
27982181
27982180
27982177
27982173
27982171
27958599
27931493
27931480
27931479
27931478
27931467
27895878
27895350
27895346
27891489
27891487
27891476
27891473
27891472
27891469
27891468
27891467
27891457
27891455
27891453
27891449
27891447
27890977
27884384
27875057
27872552
27872551
27872549
27872548
27872546
27869975
27865212
27857903
27857894
27853346
27853345
27847742
27847732
27843884
27843460
27829778
27829773
27829770
27829765
27829761
27829758
27829756
27829752
27829751
27829746
27829745
27826392
27826391
27826385
27826384
27826382
27800213
27800212
27794161
27794160
27794157
27794156
27794154
27794151
27794150
27794149
27794146
27790270
27790267
27790266
27790263
27790262
27790261
27790260
27790259
27790255
27790254
27790252
27790251
27788028
27770763
27769958
27763984
27761780
27759845
27746699
27746609
27746607
27746604
27746602
27746601
27746598
27746594
27744475
27744474
27716286
27703636
27703619
27703617
27703613
27703612
27703611
27703608
27703607
27703602
27703601
27703514
27700130
27700129
27700128
27700127
27700126
27694294
27692427
27692426
27692425
27692424
27692419
27692418
27692416
27692413
27686316
27686303
27681406
27681404
27681403
27681402
27681401
27681400
27681397
27681395
27681392
27681391
27666430
27666331
27663618
27663614
27663105
27658014
27652365
27652358
27651289
27650583
27650582
27650581
27650580
27650579
27644174
27637478
27631157
27628086
27624134
27620835
27613575
27613404
27611344
27608930
27606658
27604062
27602321
27600358
27598303
27590780
27585419
27584852
27580655
27580654
27580651
27579861
27579555
27577214
27576211
27576210
27575836
27575835
27573678
27573279
27568389
27565821
27564070
27558143
27554377
27552839
27552837
27546860
27545519
27544631
27535495
27526243
27524798
27522457
27522456
27521618
27520811
27520495
27519460
27519058
27517508
27515229
27513785
27513775
27513771
27510566
27507628
27507626
27506976
27506515
27506134
27504533
27504532
27503376
27502207
27501498
27501497
27501494
27501493
27501492
27501489
27501488
27501487
27498085
27492847
27492772
27485761
27485643
27485545
27482878
27479086
27472954
27472905
27468733
27462822
27461179
27461160
27456852
27452342
27449541
27448555
27441983
27439724
27433554
27433553
27433552
27433548
27421987
27412484
27412438
27402417
27393893
27388934
27388365
27384335
27381746
27371998
27371872
27369589
27367520
27362921
27353124
27353080
27351333
27349717
27349618
27343693
27342461
27341458
27341457
27339145
27329773
27318000
27312657
27312376
27312120
27312101
27311846
27311515
27310522
27307049
27305980
27302459
27302432
27301300
27300492
27300491
27287136
27287112
27280796
27280737
27276111
27267349
27266995
27265431
27256548
27256010
27255937
27250821
27229629
27223231
27214286
27190332
27177988
27177286
27167708
27167690
27161116
27158032
27157607
27157605
27157601
27154288
27146796
27140332
27132785
27131858
27126801
27126516
27112928
27112581
27111291
27097969
27093511
27061395
27055915
27053402
27049303
27035674
27010614
27004831
26996758
26990348
26987442
26983844
26979273
26972159
26968266
26948149
26940373
26909522
26895972
26873881
26846974
26799361
26785862
26748614
26715631
26670655
26667183
26577573
26506918
26497643
26490395
26489039
26488150
26476074
26461972
26420772
26395013
26383870
26383696
26383494
26380955
26376203
26376100
26372165
26359019
26358615
26354080
26354006
26353942
26335657
26305150
26288325
26033740
26015326
27757052
27755954
27716153
27689802
27482946
32566902
27686858
27689570
27623394
28773924
27678217
27701249
27701240
27670292
27666123
27593376
27669296
31008243
27733877
27662186
27659919
27659637
27659632
27659630
27658531
27514746
30755899
27774063
27722059
27658951
27658129
27654994
27708626
27701288
27654468
29871114
27701308
27688973
27695330
27661919
27657131
27686791
27639848
27672646
27672645
27633089
28327268
28327267
28327265
28327263
28327262
28327259
27703571
27701342
27701334
27695361
27656731
27635035
27633512
27629283
27466180
27387872
27371581
27259663
27701355
27701354
27695327
27629029
27629027
27628496
27233091
27701358
27695370
27573829
27621364
27621361
27615450
27613398
27261259
27515000
26990280
27833729
27613503
27611193
27609299
27608581
27608576
27608568
27608563
27608553
27607896
29786362
27615962
27609858
27606629
27604325
27449516
27794706
27618065
27617985
27617291
27604995
27604238
27599621
27615938
27432747
29798464
27615926
27684744
27652055
27590299
27588938
27588418
27456430
36862822
30894995
30894994
30894993
30894992
30894987
30894984
30703313
30549518
30240179
30240178
30239180
30239179
30170351
30034699
29797826
29652461
29652460
29620823
29616768
29539524
29320620
29251484
29242690
29185301
29166808
29148676
29148675
29064207
29063749
28959756
28959753
28509518
28509517
28509516
28509508
28509506
28509504
28453122
28446851
28390202
28390201
28390199
28327073
28327068
28327066
28327065
28327064
28127332
28127331
28127329
28127326
28127325
28127323
28123280
28123278
28123275
28123271
28123269
28123266
28123264
28028950
28028948
27982239
27982236
27982235
27982233
27982227
27966516
27966507
27966505
27966502
27901233
27901225
27891318
27891316
27891312
27891308
27882039
27867255
27857773
27857762
27857041
27855839
27847400
27847398
27847397
27840838
27812623
27812622
27812621
27812619
27812612
27809217
27800142
27795652
27795647
27795646
27790602
27790601
27790596
27790581
27790580
27790576
27790570
27790568
27790500
27790459
27790081
27767121
27767119
27767118
27767116
27767114
27767111
27767110
27767106
27761394
27761392
27761390
27761382
27761380
27760008
27759416
27759415
27759413
27759412
27759409
27759408
27759407
27759405
27759403
27752206
27752201
27752199
27738615
27737284
27733934
27733723
27733722
27733720
27733719
27733713
27731489
27731484
27731479
27726843
27726840
27726838
27722013
27721625
27721606
27696673
27689932
27689931
27689929
27689858
27689841
27689837
27685609
27677821
27677820
27672619
27672614
27672610
27671178
27668194
27668191
27668190
27659438
27656074
27656070
27656068
27656067
27656065
27656063
27656062
27656059
27656056
27656055
27656054
27656053
27656052
27653933
27648268
27645363
27643497
27635364
27632278
27632271
27632268
27632265
27632264
27626088
27620549
27618328
27615907
27611760
27611759
27611756
27611754
27611753
27611752
27611749
27611747
27608200
27608199
27608197
27607978
27607130
27607122
27607116
27606567
27606565
27606564
27605832
27604799
27602400
27602397
27602220
27602143
27599288
27599287
27599285
27599275
27599200
27596343
27596342
27596339
27591537
27591532
27588448
27587034
27586200
27586057
27585976
27585782
27585777
27585774
27585769
27585709
27583435
27582652
27571371
27560672
27560670
27560668
27558341
27546005
27542702
27538563
27538559
27538550
27538547
27534729
27530080
27526230
27522615
27522363
27520713
27520616
27516844
27516834
27513289
27502230
27500984
27498052
27497511
27497510
27497211
27497210
27497209
27497208
27497206
27497204
27491948
27491052
27484405
27484316
27484249
27480290
27475781
27475692
27475687
27475099
27475098
27472540
27469932
27469267
27468739
27461787
27460566
27460291
27458975
27452294
27452293
27452156
27451381
27450922
27439759
27435749
27432616
27432341
27431858
27430943
27430919
27428924
27428915
27427495
27427186
27426840
27424269
27421989
27421988
27421974
27420732
27419922
27415584
27412134
27401971
27396612
27389365
27386757
27384715
27381024
27379896
27377571
27377036
27373442
27369959
27365521
27357508
27356010
27354242
27352732
27352147
27352045
27352040
27351078
27349202
27346085
27343803
27338946
27337639
27335132
27333324
27328640
27327410
27327110
27321069
27320642
27314558
27306700
27296708
27294544
27292545
27290611
27289212
27288716
27285944
27283723
27273623
27272056
27265521
27262184
27260860
27256801
27256683
27255347
27251419
27247351
27239815
27239697
27238559
27236776
27231023
27224026
27215377
27213720
27208211
27206626
27183431
27178968
27177581
27177353
27177290
27174211
27173578
27169909
27158033
27155662
27154513
27153291
27140725
27139018
27135589
27133791
27130177
27114111
27112414
27112411
27108477
27105292
27102085
27098351
27087630
27087583
27087538
27086862
27086722
27086110
27086107
27086106
27086105
27061853
27061828
27061636
27061630
27061628
27061627
27061478
27061180
27038430
27013079
26992441
26991841
26991840
26965074
26942561
26938954
26918931
26918930
26914065
26888348
26876053
26841360
26822069
26794188
26780925
26780777
26779902
26773559
26752617
26750663
26750106
26741305
26732676
26701679
26695162
26662120
26660705
26652020
26637463
26623548
26620733
26613740
26612404
26612080
26606330
26601707
26582741
26581397
26578117
26572531
26567086
26561769
26556579
26556578
26556574
26556573
26556571
26548449
26547869
26546124
26538487
26538300
26531193
26531192
26518607
26507927
26458521
26454734
26440733
26435422
26434734
26384589
26377126
26369274
26364803
26334132
26331627
26331486
26331379
26319990
26311333
26303968
26296432
26293144
26283644
26280904
26278880
26264630
26202093
25956267
25786803
25643646
25319235
25266855
25259423
25243637
27733874
27733872
27708727
27708725
27630993
27615900
27578151
27854227
27589794
27577588
27576472
27576064
27766031
27616881
27615876
27561573
29022314
27558479
27557865
27501150
27557640
27635319
27553664
27220558
27583053
27556678
27556677
27555921
27549087
27451902
27543160
27543009
27594843
27539194
27538450
35514867
29263519
29263518
29263517
29263514
28773825
27556555
27556553
27556552
27556550
27539252
27539009
28773822
27594910
27594561
27532266
27531498
27531358
27530108
27615817
27402751
27622113
27527342
27526217
27412008
27402698
27378689
27328317
27267133
27583048
27583047
27520388
27518316
27514349
27514340
27529224
27515655
27109349
27853592
27579261
27509131
27508412
27419265
29563467
27434168
27515632
27509546
27509306
27498919
30603424
27515627
27507723
27494172
27492356
27163378
27536251
27488627
27487121
27785410
27485432
27485118
27484030
31535470
31535469
31535466
31535465
31535464
30562445
30561963
30561962
30512268
30512266
29553614
29328596
29178754
29178753
29178751
29178748
29178745
28826465
28826464
28826463
28826462
28826461
28826460
28530322
28530321
28408956
28317359
28317353
28317352
28317348
28317345
28269627
28269537
28269528
28268846
28268769
28268724
28268505
28268502
28240583
28127322
28127319
28127316
28127315
28127314
28127313
27934807
27858074
27858073
27858070
27858065
27726809
27701725
27659089
27659087
27659086
27659085
27659084
27659083
27659081
27659079
27659077
27656598
27656592
27656581
27656579
27656577
27656571
27656565
27656562
27656561
27656560
27656559
27656557
27656556
27656554
27656548
27652250
27652244
27652243
27652241
27652240
27651676
27598951
27595092
27595087
27595084
27590756
27587153
27587136
27583906
27573957
27573950
27563498
27559974
27558851
27555903
27555902
27555897
27551145
27547337
27546804
27530539
27525095
27525071
27524839
27523451
27511045
27511037
27511034
27511033
27511032
27508163
27508162
27508160
27508159
27508157
27503824
27499548
27493691
27493289
27489421
27487009
27482300
27481985
27481648
27480712
27480709
27480704
27479120
27476368
27476363
27476362
27476361
27476355
27476108
27475507
27473998
27470524
27470382
27469437
27457543
27455429
27455004
27450785
27449389
27446351
27446262
27441774
27412439
27396564
27395360
27379398
27377440
27377014
27374818
27374362
27372162
27372161
27372160
27372159
27368119
27365183
27365112
27344971
27342005
27339633
27339632
27339631
27325544
27323651
27318667
27317810
27316856
27316319
27316318
27312004
27311636
27311101
27298239
27297886
27294532
27294503
27291502
27290987
27287614
27287613
27287305
27287285
27280736
27279422
27271093
27268767
27266879
27265753
27265619
27263032
27263031
27262165
27260343
27259134
27241908
27238052
27237095
27236201
27234941
27234641
27233692
27221613
27221612
27220909
27217230
27210503
27208875
27198971
27198539
27197279
27191255
27189897
27184156
27184153
27182974
27177345
27161015
27160471
27160360
27154741
27153292
27145214
27132187
27130961
27129491
27126446
27121170
27121068
27120578
27118478
27117161
27113040
27105820
27105041
27100223
27086615
27085526
27080395
27079961
27077689
27074749
27071709
27071352
27070097
27062999
27061938
27061633
27061626
27061284
27061179
27061099
27054699
27045351
27038528
27038527
27038525
27035270
27033541
27020375
27008439
27003737
27000421
26996933
26993104
26990236
26974033
26963744
26961806
26957212
26957046
26952723
26948082
26941268
26930453
26919660
26916386
26912338
26898820
26892348
26886808
26854879
26814380
26799156
26781687
26778483
26748953
26710085
26667222
26666992
26663218
26662885
26662454
26650547
26644219
26635107
26634296
26611674
26542121
26508432
26492829
26477533
26450694
26446403
26432443
26419210
26378085
26378083
26372051
26371787
26371612
26315310
26293288
26269410
26255984
26227397
26223423
26201367
26199130
26198909
26198407
26197881
26197813
26183155
26178908
26175042
26174943
26174479
26154527
26147852
26121937
26081174
26044171
26037281
26004052
25944589
25934421
25918901
25917461
25916859
25914944
25762614
25727487
25690687
25641829
25267183
27473256
29607066
27473762
27472005
27155155
27470867
27465802
27466240
27465011
27385600
27547550
27470836
27459720
27459102
27457369
27456686
27149939
27555906
27463711
27457490
27470828
27449659
27449152
27447183
27444600
27444594
27113783
28529852
27470803
27438001
31168336
27486505
27486504
27486402
27438759
27432639
31473714
31473712
27425195
27422287
27288923
27288508
27288457
26845577
27428956
27412496
27471379
27418965
27405690
27405641
31966176
27563508
27471382
29955413
27409336
27403713
27441139
27391112
27388081
27388075
27458342
27441103
27433081
27431504
27430746
27430531
27430320
27389031
27387831
27385509
27321946
27292112
27458379
27441119
27441111
27384819
27383409
27383054
27382017
27298465
27215334
27118173
27430640
27430364
27430337
27412383
27384581
27326759
30931796
30931795
30699487
30699483
30452833
30148337
30148332
30035973
29894048
29894046
29894044
29466627
29314800
29148667
29148648
29148647
29148644
28989974
28879241
28856122
28712211
28712210
28659701
28397453
28388022
28356688
28356687
28356684
28356682
28299281
28299262
28299249
28298831
28298830
28298827
28298826
28144442
28144441
28144440
28144439
28144438
28144434
28144433
28138622
27849279
27843264
27843261
27843259
27843258
27843257
27843254
27843252
27843251
27843250
27843249
27843248
27840339
27723644
27723639
27723638
27723633
27723631
27723627
27704033
27661270
27656082
27656080
27656079
27656078
27653269
27653267
27652710
27652709
27652705
27652703
27652702
27652701
27652700
27652698
27652697
27651943
27648050
27648037
27630974
27630970
27630967
27630966
27630964
27630963
27630962
27630959
27630957
27630953
27630951
27630949
27630946
27630943
27630942
27630512
27630511
27630510
27630508
27630503
27630497
27630496
27630495
27630494
27630493
27630490
27630483
27629853
27629835
27621553
27621552
27621549
27621547
27621545
27606148
27606137
27605997
27605996
27605995
27605994
27605993
27605990
27605989
27605987
27605986
27605985
27595731
27595728
27595726
27595725
27595724
27595723
27595722
27595720
27595715
27583229
27583228
27583227
27583223
27583222
27583221
27583219
27583218
27583215
27575888
27575887
27575088
27563579
27563419
27563191
27563189
27563188
27563187
27563183
27563182
27563178
27563177
27563176
27559502
27556210
27556206
27556205
27556203
27556020
27556019
27551674
27548400
27547302
27512208
27504542
27482994
27480435
27480432
27480430
27480428
27480427
27479351
27479350
27479349
27479348
27479346
27479339
27479338
27478801
27478800
27474698
27472527
27472525
27471541
27471539
27471534
27471532
27471531
27471529
27471526
27471524
27461816
27461815
27461814
27461811
27461809
27461806
27461805
27461804
27461802
27461801
27461800
27455116
27450600
27447167
27447153
27447152
27447149
27434788
27433074
27433062
27430041
27430040
27430039
27430038
27430037
27428235
27427133
27411727
27408461
27408451
27405450
27403458
27403069
27403066
27403064
27403063
27403062
27403061
27403060
27403059
27403057
27403053
27403050
27403046
27398185
27398184
27398183
27398180
27398176
27398175
27398173
27398170
27392113
27391514
27391512
27391509
27391493
27381594
27381225
27380573
27380567
27367641
27367638
27367632
27367631
27367630
27367629
27365920
27364279
27364268
27364220
27364212
27364209
27364208
27364204
27350700
27350699
27347819
27346319
27343769
27342943
27333019
27333015
27333012
27333003
27330747
27325458
27325456
27325455
27315318
27315317
27302703
27291881
27278842
27269667
27269665
27264860
27264857
27260596
27251977
27251964
27251958
27250982
27241250
27238415
27238414
27237056
27233582
27221594
27221534
27220676
27219683
27217540
27215809
27215270
27211349
27207592
27207307
27188765
27185740
27179999
27178339
27178250
27178249
27178248
27177999
27176567
27163717
27151462
27142040
27140658
27134257
27131573
27131496
27131345
27129365
27125768
27115871
27112039
27109589
27105897
27105893
27098643
27098642
27098641
27098640
27098286
27098243
27098092
27094857
27092355
27092350
27092348
27092347
27092345
27091388
27090951
27090233
27087142
27082031
27075245
27071356
27068679
27068304
27063254
27061813
27061751
27061584
27060494
27060492
27056698
27055847
27053119
27053117
27045286
27045285
27044941
27043215
27041629
27037567
27031072
27031067
27031064
27030504
27029548
27027734
27027615
27025874
27021255
27019138
27016531
27013641
27013639
27010828
27007294
26995655
26994107
26991484
26990150
26990104
26990072
26990041
26986487
26972157
26970086
26951553
26947107
26946919
26946207
26936632
26936215
26927527
26926082
26923557
26922207
26919085
26919081
26919080
26918924
26914481
26913995
26912224
26911724
26899480
26889590
26878749
26868965
26868963
26868927
26868520
26860440
26854877
26851558
26849309
26846112
26836782
26831919
26791914
26787533
26783089
26758186
26725331
26720050
26694729
26655444
26652921
26645263
26642875
26624251
26624250
26595657
26588599
26566965
26560842
26547906
26524389
26517670
26502299
26498407
26480021
26462655
26457477
26452977
26445857
26445856
26445384
26443709
26438343
26411974
26395824
26395352
26395351
26392396
26391110
26385688
26379114
26371594
26370621
26370520
26367312
26323333
26292809
26282270
26274901
26247709
26237186
26216490
26215216
26212100
26199041
26189125
26174577
26174351
26173463
26172249
26162503
26139565
26129836
26122925
26102215
26075477
27370513
27362534
27362255
27359125
27357321
27357319
27341389
27281036
27721564
27721563
27721559
27418813
27395672
27355355
27395652
27367737
27352426
27352425
27352423
27410649
27395640
27395638
27338905
27338903
27338901
27398105
27366652
27336366
27336307
27500074
27395617
27333279
27333277
27395607
27409110
27322421
27270544
27101590
27094389
26974050
27318924
27318921
27699270
27412290
27395574
27395573
27350896
27305976
27398104
27379059
27307427
27304976
27303807
27206872
27106103
27408594
27300748
27300554
27299992
27297516
29563463
27350796
27253735
27286815
27285450
27283566
27283560
26726831
29692471
27347232
27347231
27294918
27288379
27284127
27279222
27279221
27277498
29263815
27376060
27330853
27276390
27275784
27290705
27276381
27274042
27271863
27268493
27268237
27268137
27222581
27462242
27347230
27274808
27274807
27274804
27274802
27274799
26830348
27259516
29563460
27388493
27265096
27257508
26987956
30894972
30894971
30894970
30894969
30894966
30894963
30894962
30894961
30894960
30894958
30234275
30234274
30234272
30230804
30112474
29744145
29539512
29465864
29465857
28959749
28959748
28959746
28959745
28959744
28879306
28879304
28879303
28879301
28570084
28429894
28394114
28394113
28394107
28392818
28392817
28392815
28390206
28390205
28326982
28326979
28031968
27789912
27789911
27679787
27672630
27630763
27622173
27609396
27609390
27609389
27609386
27609383
27609381
27609379
27594757
27589668
27589667
27589666
27544964
27529916
27526463
27526461
27526460
27526451
27526446
27526443
27525732
27525731
27525730
27506002
27506001
27505997
27505996
27505989
27505987
27504431
27504430
27504421
27504418
27504416
27504409
27504408
27504407
27504403
27504401
27504397
27504329
27502264
27498443
27487647
27484602
27484601
27484600
27484596
27484595
27477171
27475938
27451549
27449845
27449841
27449836
27443012
27434243
27429941
27429935
27424388
27424339
27424337
27418702
27416646
27409659
27409658
27409657
27409650
27385054
27382505
27379350
27379345
27377111
27377109
27377108
27377107
27377106
27376814
27358007
27355751
27352970
27352470
27352468
27352467
27350861
27350858
27350856
27350854
27350853
27339239
27339237
27339236
27339235
27339234
27339233
27338611
27321615
27315294
27313689
27298555
27298540
27298537
27284563
27284562
27284558
27284552
27279516
27275660
27272841
27272835
27272092
27261803
27260177
27260176
27260175
27260173
27256533
27256531
27256526
27251355
27251353
27249021
27244207
27244201
27242003
27241999
27241994
27241993
27241991
27240993
27237000
27236999
27232870
27213138
27197087
27184264
27177875
27171963
27171951
27164470
27162569
27162564
27162281
27160760
27155785
27154515
27152572
27150223
27142598
27142579
27140443
27138238
27133503
27133502
27130336
27130335
27130334
27126695
27118600
27118467
27107550
27106766
27106718
27106717
27104495
27104351
27102319
27100517
27095596
27095262
27094737
27093446
27091354
27090353
27090104
27088077
27087629
27086573
27086045
27085836
27085033
27084188
27080598
27080597
27080421
27080116
27080115
27080114
27075451
27075370
27075369
27072568
27071975
27068493
27066718
27063989
27063460
27060682
27060619
27059773
27059093
27056376
27052691
27050804
27045439
27043305
27042938
27041355
27039007
27038584
27037855
27033179
27033149
27028492
27021500
27018323
27017942
27017181
27015854
27015106
27012319
27009151
26994174
26992837
26990678
26989054
26976131
26976011
26975940
26975577
26975576
26973224
26968460
26965424
26957368
26955893
26950267
26945170
26943815
26935214
26932906
26930474
26930036
26924766
26921615
26919724
26919277
26917440
26917439
26917207
26917200
26914945
26913968
26912220
26908629
26899822
26899478
26894661
26891379
26888380
26884252
26878438
26876349
26875084
26874428
26872096
26866635
26859425
26857074
26853437
26851052
26850869
26847391
26846944
26846817
26840271
26836703
26836127
26833490
26832834
26825051
26818917
26810391
26803176
26803173
26794704
26794701
26794694
26786006
26776741
26766111
26762708
26759338
26757369
26751707
26750102
26724849
26724848
26711938
26706945
26702938
26699151
26691608
26682911
26667108
26663020
26660671
26652644
26652169
26645986
26635257
26633080
26618259
26611694
26584947
26582280
26575695
26575079
26574898
26542421
26542314
26521754
26518980
26518778
26511774
26507845
26494254
26492578
26482297
26449290
26419787
26418417
26411973
26399980
26383224
26374748
26374745
26364593
26362776
26358476
26351155
26343264
26340981
26286353
26271941
26268951
26251312
26243339
26235897
26193905
26174769
26174549
26156422
26150321
26100850
26100656
26096450
26096162
26086947
26084620
26082299
26077169
26043651
26031850
26012867
25966305
25875477
25873299
25873214
25819474
25810237
25713009
25288441
25209113
25163661
25039293
24641726
24612262
24130037
23950016
23606575
27642441
27395171
27386012
27386010
27253145
27253144
27253143
27253140
27245175
27232592
27185951
27025386
27395165
27854223
27854215
27234432
27228936
27228921
27388625
27294413
27261973
27228169
27227404
29563458
27437051
27387974
27382444
27245538
27223117
27222033
27194702
27010087
27307729
27228968
27222564
27237927
27212199
27112293
29798070
27243024
27223140
27223139
27223136
27223134
27223128
27206923
27206521
27197612
27196730
27196603
27194462
27192691
27189145
28443212
27242535
27185170
27184138
27409866
27180803
27034317
27034316
27053763
27429754
30979287
28773493
27394905
27274440
27178071
27173708
27173702
27239319
27386006
27386003
27386002
27386000
27081913
27394881
27190712
27027447
26828614
33440570
27419162
27385998
27159921
27133872
27010648
27156000
27330960
27213248
27394862
27394860
27394859
27386529
27226709
28773464
27149379
27098783
27180959
27144649
27144394
27394827
27217799
27062885
26685882
30363653
27135405
34000785
31535489
31535488
31535487
31535486
29775256
29758134
29648744
29553624
29148689
29148687
29148685
29148684
28826437
28826436
28826433
28826431
28509170
28408954
27840501
27629748
27601817
27563213
27563206
27563205
27563204
27555738
27555734
27555727
27555725
27555721
27476293
27468592
27468590
27468588
27443370
27443368
27443365
27443364
27443363
27443359
27437383
27437375
27437374
27437373
27437363
27437362
27437358
27437357
27437356
27437355
27437353
27437352
27437351
27437347
27437345
27437344
27437343
27437341
27437339
27437337
27437124
27411663
27411659
27411652
27398250
27383707
27383701
27383699
27382541
27375714
27372974
27329906
27323271
27312557
27290822
27289075
27284798
27284794
27281977
27281975
27279710
27275851
27274352
27274351
27274348
27274345
27274344
27274343
27254802
27234862
27226964
27226963
27226961
27226959
27224574
27224572
27224571
27224570
27224569
27224567
27224562
27224561
27224557
27220394
27220384
27220383
27217649
27217648
27217644
27217643
27217642
27217641
27217639
27217638
27217637
27217636
27217635
27217633
27217631
27213778
27200284
27200283
27200282
27200280
27196471
27195217
27195208
27195205
27195199
27195196
27183079
27183072
27183071
27178461
27178455
27168809
27168789
27166908
27166454
27162595
27149498
27148991
27148990
27148986
27148662
27148661
27148660
27148658
27148656
27148652
27148651
27148587
27146619
27145939
27142845
27140158
27139791
27131884
27131393
27131257
27131254
27131253
27131244
27124257
27117622
27111011
27103013
27102444
27100814
27100812
27100809
27100807
27100640
27099358
27099357
27098637
27092912
27086489
27075866
27074616
27074611
27068309
27059651
27058284
27054430
27054424
27046468
27046084
27045695
27039237
27038315
27031059
27025938
27025554
27022804
27020968
27017182
27017156
27016882
27016661
27015544
27012858
27004720
26999697
26994597
26992955
26989944
26988117
26987688
26986020
26976696
26976554
26976553
26975695
26975415
26974233
26972760
26971664
26968243
26965079
26964798
26964797
26960577
26953634
26952454
26951958
26948665
26948520
26947110
26946198
26946197
26946196
26938499
26936612
26935472
26933136
26930005
26921667
26921449
26919083
26918923
26917487
26916081
26912221
26912218
26910654
26910570
26908630
26907556
26899295
26899287
26898506
26892312
26878266
26874269
26871985
26871984
26869312
26867667
26860845
26856663
26854621
26853974
26852001
26850875
26848070
26847845
26847486
26844646
26832832
26831678
26828679
26828678
26826998
26826107
26824889
26811350
26809907
26794695
26790630
26786738
26780724
26780723
26779780
26778518
26777765
26774321
26774320
26774319
26774316
26774314
26774312
26767770
26762616
26716459
26709044
26696138
26686600
26672609
26669503
26669502
26666389
26663636
26662207
26657395
26652021
26652018
26637329
26615592
26609694
26608472
26600092
26564168
26509232
26497357
26493617
26479344
26427011
26413925
26401827
26385972
26378787
26376339
26375893
26374746
26374655
26362778
26355994
26349767
26331376
26330227
26322538
26319977
26284755
26280753
26280661
26250796
26245275
26224640
26153674
26148197
26146902
26089109
26074207
26067137
26059708
26033046
26031414
26010518
25967851
25895663
25890496
25854165
25847685
25809551
25651755
25448884
25424649
25329745
27335614
27188727
27138595
27136935
27134647
27177110
27125874
27124212
27124001
27123955
27121129
27116169
26982721
27239279
27120202
27115989
27115749
27045372
27035961
27499727
27279994
27114481
27166636
27217798
27152341
27103291
27102203
27097667
26956837
28824982
27163105
27098694
27096621
26867019
27513246
27117648
27095827
26978601
27186079
27089506
27088357
27080292
27080289
27143854
27087865
27082339
27079505
27008886
26931056
26930157
26883773
27114863
27080859
27075880
20301641
20301462
30407437
27394623
27114870
27071012
27068678
27068606
27035951
27110204
27117220
27117217
27117215
27117214
27060733
27335611
27335610
27128158
27128157
27054966
32263222
30979219
27226756
27095729
27040688
27050091
27049960
27049953
26952584
27394576
27048636
27046345
27045764
27044476
27044500
26908159
30931699
30931698
30931697
30931693
30568825
29708665
29232077
29123768
28955566
28955563
28955561
28955560
28879239
28850471
28663992
28453040
28368554
28368553
28166072
28166063
27822241
27703936
27701503
27701502
27701501
27701496
27568156
27552789
27501685
27486293
27486291
27469568
27469564
27469563
27469561
27469560
27469556
27469549
27469547
27469543
27469542
27462897
27461611
27446654
27439274
27439269
27439266
27433055
27433052
27433048
27429729
27429727
27429726
27429723
27413588
27401382
27398012
27365944
27365943
27365939
27365933
27365932
27365931
27365929
27365928
27358157
27358128
27356315
27350711
27348953
27348950
27348941
27340171
27340170
27340169
27340165
27340160
27337934
27337925
27337917
27330710
27330709
27330706
27330705
27329895
27329891
27329879
27329877
27329876
27319047
27319046
27319045
27319040
27319038
27319035
27307963
27307686
27307685
27307681
27307680
27307677
27307676
27307674
27307671
27307670
27307669
27307668
27301233
27295866
27295864
27295863
27274611
27263143
27260818
27249446
27249432
27249431
27247588
27223860
27223857
27195228
27195222
27195221
27190972
27190970
27190968
27190965
27190960
27190956
27190953
27190948
27190941
27186535
27162756
27162755
27147922
27147921
27141261
27141260
27141256
27141226
27141225
27141224
27141223
27141222
27141217
27141216
27141214
27141213
27141172
27136121
27136120
27136119
27127752
27127693
27127691
27124017
27123480
27119767
27119766
27119763
27119761
27119760
27119759
27119757
27116499
27105791
27100445
27100416
27100413
27095910
27095905
27095901
27095900
27095899
27095898
27095897
27095895
27095894
27095892
27095891
27095890
27089527
27088055
27086057
27086056
27086055
27080974
27080972
27080969
27080968
27080966
27080964
27080962
27080960
27080959
27080958
27079351
27076023
27073642
27069577
27062318
27056520
27056502
27052290
27037761
27037454
27034766
27034763
27034754
27034752
27034750
27034749
27034748
27026246
27022647
27021457
27021455
27021450
27000273
26994503
26991897
26987047
26977740
26976744
26972545
26957493
26956363
26949759
26946933
26945598
26945032
26944835
26940996
26936034
26927967
26925520
26923863
26922636
26921370
26920931
26917102
26916062
26915130
26914828
26914543
26912637
26910531
26906243
26906241
26906239
26898567
26898566
26898565
26898564
26898561
26896739
26893260
26888173
26886587
26882508
26880011
26877141
26876234
26874643
26874642
26873567
26871305
26867982
26864705
26861171
26859332
26859286
26856454
26855372
26855030
26852148
26851148
26850688
26850107
26847169
26846622
26845450
26844399
26839288
26836125
26835528
26835525
26835523
26835522
26823235
26823228
26822100
26807997
26803673
26800859
26796707
26796706
26796232
26787357
26783040
26777092
26773691
26768693
26767771
26765505
26763080
26762969
26762510
26759258
26752082
26749526
26745614
26744348
26743216
26739378
26736058
26723175
26723098
26721867
26707428
26706790
26704432
26698579
26696588
26689611
26689340
26688294
26683199
26679496
26667772
26661713
26661271
26659908
26657396
26653863
26613718
26609698
26609695
26597465
26597464
26597463
26590809
26582651
26580310
26573975
26573857
26564646
26561999
26550925
26548886
26548876
26538188
26537367
26511809
26503398
26496249
26463516
26456858
26450763
26449618
26449180
26440476
26420757
26411925
26400828
26389580
26382020
26381857
26370378
26361760
26361080
26348838
26342929
26332999
26323501
26310199
26307375
26293981
26289941
26259868
26254597
26245273
26243457
26243456
26230089
26228904
26223630
26220512
26205067
26205066
26174081
26174031
26172563
26103005
26095539
26095433
26095156
26070923
26033167
26032146
26011008
26010894
25996203
25980480
25961753
25952943
25952758
25950381
25944356
25888533
25877019
25866134
25855655
25840586
25827240
25827199
25818351
25730154
25727337
25726844
25692556
25678366
25655618
25041378
27394548
27031836
27030100
27029801
27099530
27066482
27030456
27028515
27025266
27025265
27025262
27069815
27110179
27099635
27023532
27012332
27394509
27050986
27015268
27009419
26958832
27042033
27009195
28357347
27011174
27011164
27001372
27001253
27001173
27001150
26920510
27020035
26988101
27139579
27139578
28773327
26985035
26984790
26982655
26980084
26936242
27394453
26978064
26977924
26977677
33429538
28824981
26972441
26947092
28773317
26969620
26965521
26964599
26964592
26964591
26797133
29563446
27022270
26964878
27023830
26960436
26960155
26956884
26956144
26954446
27326265
27110164
27047706
27014076
26944936
27119866
26940155
26938294
26938059
27394299
26973538
26936909
26934048
30894952
30894951
30894950
30894947
30894943
30894938
30512643
30146853
30112468
30112466
29539519
28879297
28879295
28390213
28390211
28390210
28390209
27928242
27928237
27928236
27928235
27895347
27688428
27688427
27688424
27688423
27688422
27627567
27534607
27487654
27487653
27487652
27487651
27483564
27483562
27434920
27434918
27434916
27434915
27403385
27394291
27383879
27295917
27276780
27276769
27276767
27275619
27275617
27275615
27275614
27275612
27265991
27244971
27237209
27237208
27237207
27237206
27237202
27237201
27228679
27222632
27213258
27213089
27207208
27207205
27207204
27207200
27207199
27198949
27188158
27188156
27188142
27188130
27188126
27182260
27164741
27164740
27149775
27149770
27149769
27148496
27146935
27143841
27143839
27143828
27141498
27135014
27135013
27135008
27135006
27134999
27134997
27134995
27134991
27134897
27134350
27132562
27132561
27132552
27132551
27114959
27114957
27114952
27114951
27114949
27104197
27099431
27099429
27099427
27099424
27099422
27099420
27099419
27099415
27099413
27097864
27097863
27097854
27097514
27083220
27079767
27076833
27076830
27076829
27076827
27076822
27073611
27070972
27070032
27066425
27066419
27058390
27058388
27058386
27058384
27058383
27058379
27058378
27058374
27053777
27051641
27051635
27051633
27046950
27043669
27039540
27039537
27039534
27039477
27030246
27020873
27019824
27019823
27019821
27012577
27012574
27012573
27012572
27012571
27010269
27004295
27004290
27004285
27004284
27004283
27001032
26990460
26989018
26981608
26981607
26980660
26977899
26977898
26977896
26976465
26975947
26973985
26970766
26968740
26968386
26968285
26967093
26966712
26966710
26966705
26966703
26966657
26963303
26962841
26960108
26954886
26949245
26949244
26949243
26949242
26949241
26949240
26949235
26949234
26949233
26945534
26943099
26943098
26943094
26943091
26943086
26935962
26930605
26930398
26930221
26929957
26929956
26929954
26929953
26929951
26929949
26929948
26929566
26929561
26929559
26929556
26926029
26926028
26926027
26926023
26926021
26926020
26926019
26925471
26923662
26923453
26923452
26923451
26923450
26923448
26923447
26923446
26923445
26923272
26913945
26912820
26908847
26908659
26901518
26901309
26901308
26901306
26901302
26901299
26901297
26899622
26895384
26894777
26893228
26892364
26889344
26889343
26887803
26880630
26880426
26878172
26876429
26876369
26868470
26867035
26865325
26857883
26857785
26856294
26856293
26856289
26854775
26854772
26851728
26850998
26845096
26843121
26842493
26841772
26832811
26831172
26831049
26831048
26830428
26827065
26827063
26826972
26826970
26826965
26826529
26826329
26826328
26823092
26822924
26821699
26820240
26818018
26815224
26813514
26810057
26808157
26806591
26806590
26806398
26805920
26805703
26801680
26801520
26799923
26798059
26797772
26794344
26794343
26794341
26792885
26791335
26790901
26790007
26782960
26782847
26779888
26778404
26778403
26778269
26778266
26778242
26778004
26777115
26777095
26776939
26776448
26775138
26775012
26774744
26774680
26769028
26762303
26752306
26750432
26748948
26748764
26747980
26747334
26745819
26742893
26741830
26728318
26726967
26725928
26725087
26723484
26723016
26721908
26720636
26711862
26710753
26709200
26708557
26706532
26704431
26701322
26692539
26691894
26691322
26689124
26687774
26679551
26679550
26672126
26670682
26669215
26663760
26663344
26659848
26657921
26647391
26647390
26635280
26628486
26620853
26609696
26608601
26608580
26608579
26608454
26603241
26597436
26595837
26592336
26582753
26581769
26581762
26575585
26573112
26572071
26563538
26562731
26561441
26548889
26548888
26548877
26548871
26546844
26542351
26516028
26513265
26511002
26509234
26509230
26509229
26506211
26504907
26487182
26481975
26477876
26465229
26462611
26460083
26458004
26453109
26449592
26449591
26433136
26431672
26426912
26426127
26417618
26408843
26400009
26391094
26388039
26371622
26358636
26320037
26282121
26272703
26266651
26266646
26258897
26241805
26241781
26227336
26194819
26184830
26183211
26179985
26173962
26172317
26154939
26154938
26146865
26105680
26100820
26083055
26082310
26073611
26051836
26036770
26031936
25993250
25989212
25975418
25967636
25957016
25943712
25939782
25931289
25923059
25881567
25864681
25823701
25819748
25819677
25819599
25816847
25809601
25772335
25752442
25726945
25698158
25639687
25630485
25627008
25622651
25622536
25557934
25557855
25420927
25110204
24628483
24612284
24597864
24533634
24494816
24325659
23365018
27006721
27006720
27006719
26928597
26928080
26892895
29563445
27006518
26922793
27394273
27110153
26919258
26917310
26917303
26916132
26966672
26962409
26943307
26913867
26911784
26911778
27394254
26998332
26981152
26912169
26911717
26907866
26906263
27394246
26942172
26908516
26905429
26902394
26955292
26925321
26900852
26899876
26897029
26924989
26896677
26895633
26895178
27538158
27538157
27538156
27538153
27394222
26949651
26887965
26885931
26885924
26885922
26885920
26885918
26885916
26885913
26885911
26901172
26886473
26599234
26958650
26876952
26755699
26754138
26706446
26662798
26662797
27011417
27006524
26997743
26997742
26997741
26997740
26941900
26941898
26941891
26903872
26868801
26868795
27396004
26864565
26865613
26863610
26862892
26842576
26903954
26893959
26857821
26762522
33418633
26985526
26904551
26862510
26862509
26852327
26846440
27395949
27081566
26842864
28491408
26904710
26839960
32689740
29593935
28408950
27548661
27280178
27266206
27266205
27266204
27266189
27207002
27207001
27206999
27206998
27206997
27093774
27093773
27093772
27093769
27063315
27063314
27063312
27063310
27063309
27063308
27063306
27063305
27063301
27063300
27042600
27042593
27042591
27042590
27042585
27042580
27042576
27042504
27000809
26995838
26980352
26953903
26953898
26949490
26949487
26949485
26949467
26932323
26932321
26926197
26926195
26926194
26926193
26926190
26922016
26922012
26916168
26910147
26909629
26906535
26905091
26905089
26905088
26904496
26904494
26900582
26899847
26897026
26896518
26896513
26889000
26877995
26877990
26877989
26877987
26877985
26876390
26871840
26867917
26862694
26862693
26855716
26855707
26855705
26855704
26855702
26855700
26853210
26853209
26853207
26853202
26838083
26837620
26834136
26832150
26831505
26831336
26830979
26830918
26830842
26829735
26829236
26828946
26827985
26827980
26827975
26820299
26820298
26818328
26813418
26813417
26809694
26809144
26800638
26799111
26793312
26781159
26777114
26774360
26773225
26768346
26767084
26756882
26754179
26752767
26747371
26743970
26743968
26743731
26733153
26732946
26725179
26725178
26725177
26725176
26724561
26723486
26723485
26718973
26714449
26714428
26712243
26710892
26707341
26705862
26686824
26686823
26686053
26684542
26683411
26682518
26679718
26678517
26671839
26671785
26662487
26661032
26660735
26660591
26657717
26657191
26655952
26655873
26655328
26654578
26654141
26653935
26651083
26651082
26645395
26631301
26631300
26627596
26626706
26620100
26617332
26614700
26614017
26612623
26610805
26608020
26607784
26607765
26605682
26596502
26589666
26586301
26582076
26574493
26562733
26562728
26559821
26559753
26551300
26548885
26548878
26546393
26545864
26544734
26538168
26515913
26514842
26510178
26504908
26503912
26502894
26496800
26481114
26477993
26472753
26469811
26464398
26460168
26459554
26450013
26447751
26443465
26440584
26430928
26426839
26420263
26411475
26410791
26409208
26393865
26387767
26381860
26376945
26370292
26367494
26358765
26358664
26346743
26346547
26333185
26310138
26294279
26291317
26274352
26264602
26260764
26231569
26230904
26198477
26190360
26187360
26177677
26166429
26159209
26139006
26134932
26108294
26095390
26095129
26095050
26053613
26031712
25995486
25936381
25900347
25872947
25840585
25827437
25820406
25820405
25788331
25781665
25761525
25758100
25744734
25724574
25702704
25693635
25690049
25688929
25682848
25652228
25631153
25623884
25529515
25496243
25490991
25388765
25233290
25195629
25187255
25044486
25040828
24773149
24658211
24529567
26869575
29607060
26824885
26828470
26823362
26823351
27069730
26818898
26815532
28787871
26855868
26814175
26812435
26718575
27395885
26855867
26823650
26808490
26257139
27186336
26799812
26797297
26661295
26819850
26795024
26792285
26909177
26834627
26791407
26787332
26855581
28787856
27395846
26848264
26828032
26828031
26780162
26778110
26775677
26763813
26768464
26768458
26679602
26658319
26604144
26473277
26426374
26409147
26235255
26877671
26764967
26834865
26762641
26762247
26760973
26759063
28955555
28955554
27026778
26759440
26754073
26793622
26752284
26749317
29744143
27395512
26758615
26746720
26743036
26742493
26739600
26735517
27303454
26730714
26727989
27395477
26727334
26700105
26616552
34131580
30787693
30290095
30290093
30289635
30281966
30281963
30204965
30178947
30178944
30178942
30178940
30178939
30178936
30178935
30136802
29847712
29847711
29847069
29799700
29799698
29799697
29799696
29689682
29689675
29688685
29688679
29668162
29599572
29553602
29446579
29336428
29240316
29199618
28980543
28872802
28853795
28853794
28853792
28853791
28853789
28853787
28853786
28853785
28814696
28814692
28814684
28635918
28635843
28547965
28478406
28453169
28402613
28402610
28386487
28386052
28373822
28298806
28216541
28163480
28163479
28163476
28155989
28139592
28139587
28139582
28134604
28133387
28133376
28119788
28119787
28116177
28116174
28116162
28105056
28097136
28097027
28094743
28090209
28078147
28070427
28058120
28058049
28049976
28049975
28049974
28044068
28025444
28025442
28025441
28025437
28018914
28009391
28008431
28008430
28004377
28003916
28002524
27999690
27995226
27995224
27995139
27994892
27994888
27990506
27974977
27974921
27974916
27965901
27965900
27957563
27957562
27957561
27957559
27957486
27957349
27956902
27933323
27930895
27915340
27904542
27904090
27904087
27892450
27891277
27891263
27891261
27882250
27876723
27876722
27876720
27876716
27876715
27874916
27869252
27867678
27857523
27847815
27847653
27846636
27843942
27843652
27840825
27840747
27840745
27840441
27840440
27834413
27834411
27833985
27833965
27833964
27833917
27833055
27830145
27829834
27827470
27822394
27822393
27822392
27819133
27818804
27818690
27812671
27812389
27808349
27807485
27807470
27806364
27805895
27805894
27805893
27805891
27805890
27805889
27805887
27805885
27805884
27805883
27803922
27803819
27800194
27795861
27792801
27766265
27766106
27763440
27763439
27763437
27763432
27761271
27747242
27747220
27738533
27738532
27730223
27730222
27730220
27730219
27730218
27730217
27725932
27725890
27725521
27725515
27725511
27723656
27722224
27722222
27722199
27717925
27705968
27699072
27697071
27695715
27694757
27688777
27688724
27683827
27683777
27672458
27669724
27669720
27669636
27669634
27668099
27665981
27665980
27665977
27665975
27665973
27665972
27665971
27665692
27665690
27660765
27658123
27656218
27656212
27651886
27651554
27650966
27649721
27649614
27648077
27648076
27644178
27643583
27642305
27639918
27636766
27636765
27636763
27636759
27635141
27629972
27622524
27622326
27622220
27622218
27622216
27621538
27620522
27620520
27617384
27617382
27617379
27617378
27617377
27617376
27617375
27617374
27614819
27606624
27599002
27597904
27595263
27585185
27577928
27563616
27563612
27563611
27563600
27557921
27557919
27557918
27557916
27557913
27556111
27555970
27547475
27547048
27544531
27540327
27536330
27536323
27532067
27532066
27529780
27529624
27528873
27528796
27526525
27526523
27526431
27526264
27525269
27525130
27516019
27516014
27516012
27514143
27504845
27493829
27493665
27487543
27487538
27487533
27478442
27477235
27477231
27477220
27472571
27472570
27472569
27472567
27472565
27472564
27472563
27472562
27471814
27471810
27471807
27471804
27471803
27471802
27471662
27464381
27464377
27462611
27462474
27458817
27458722
27453872
27447001
27446993
27446954
27446770
27446636
27446212
27434720
27433162
27430013
27429811
27429810
27419244
27419243
27419242
27419240
27419239
27419202
27419128
27418983
27413732
27413380
27407015
27404405
27403349
27403173
27403039
27402200
27397033
27391888
27386438
27382564
27379251
27377433
27376702
27376084
27375906
27367201
27367200
27367198
27367193
27366149
27356608
27351734
27351732
27351731
27351729
27349553
27349550
27349542
27349540
27349537
27344858
27344646
27344476
27344475
27341469
27341468
27340574
27335901
27332885
27330699
27330697
27330696
27323582
27320300
27320299
27320297
27320295
27319813
27319604
27314127
27314125
27314124
27314123
27314119
27314118
27314117
27314115
27314114
27314113
27314112
27314111
27314110
27313912
27313911
27313628
27313627
27313616
27306248
27306247
27306246
27306245
27306244
27306243
27306242
27306239
27301114
27295932
27295928
27295927
27294136
27293436
27289516
27286713
27284585
27284583
27282028
27274995
27274868
27274754
27274562
27274163
27274160
27274159
27274158
27274157
27274156
27274155
27274150
27274146
27268417
27260784
27259733
27252007
27252004
27251991
27251988
27247808
27246646
27239995
27228251
27218106
27217960
27212948
27212947
27200433
27200432
27200431
27197471
27197466
27197361
27195282
27195156
27194886
27194881
27194868
27194858
27194857
27192892
27190658
27175451
27175450
27175447
27175446
27175445
27169161
27165114
27161350
27154447
27151701
27150099
27148461
27145563
27144072
27144038
27142310
27142130
27139374
27135068
27134431
27134430
27134427
27134426
27134424
27134422
27133082
27127510
27125093
27119585
27119080
27119031
27111668
27110604
27110603
27110563
27102118
27101141
27101002
27100219
27098717
27098715
27098714
27095939
27093689
27092359
27092357
27092215
27092210
27092208
27092181
27087814
27087187
27086436
27085005
27084868
27084863
27084860
27084857
27078868
27074406
27069698
27069697
27069479
27066278
27054870
27054867
27054865
27054862
27054860
27054858
27054857
27051559
27051226
27051221
27051220
27051219
27051218
27051217
27051216
27050940
27050936
27048176
27048012
27043001
27042706
27041914
27041913
27041907
27041906
27041905
27041904
27041900
27041899
27041898
27041896
27041895
27041893
27041850
27041849
27041848
27041847
27041844
27041836
27041833
27041831
27041830
27041023
27041015
27041006
27034903
27034901
27034855
27034854
27031901
27027104
27027103
27027100
27027093
27024899
27024898
27023707
27022644
27021545
27021538
27014718
27014607
27011939
27011935
27011932
27011929
27011928
27011926
27011748
27011740
27011737
27008807
27008262
27008261
27008254
27008088
27007762
27007757
27007354
27007351
27007349
27007348
27007343
27007340
27007339
27007338
27006839
27006661
27004806
27004053
27004037
27003983
27002600
26998476
26998474
26998470
26998367
26989552
26989523
26985980
26985112
26981853
26981757
26981753
26981752
26981750
26980200
26980199
26977451
26975636
26973989
26966798
26965775
26962473
26962322
26962321
26962320
26962316
26962314
26962313
26962309
26961335
26961333
26961332
26960634
26957804
26957801
26957799
26957798
26957797
26957796
26957795
26957791
26957790
26957789
26957788
26957787
26955323
26954290
26953578
26950820
26950818
26950817
26950816
26950814
26950812
26950811
26950810
26950809
26950808
26950207
26949764
26949763
26949761
26949550
26943178
26939412
26939157
26939155
26939154
26937375
26937372
26932335
26930881
26930879
26927644
26925569
26925558
26923007
26919631
26915750
26915626
26915485
26912138
26904313
26904312
26904310
26904121
26899611
26897902
26897901
26894422
26894195
26894192
26894189
26894180
26894176
26894171
26894168
26894166
26892946
26892215
26892214
26892213
26892206
26890899
26884650
26882645
26881226
26881147
26881088
26880930
26877983
26877982
26877977
26870851
26870848
26870846
26866612
26863220
26862746
26862470
26858548
26849231
26847322
26846710
26846060
26843883
26843880
26843878
26843877
26843876
26843875
26843873
26843870
26843869
26839953
26838153
26838152
26838150
26838149
26838146
26838143
26834308
26832373
26830833
26830828
26830827
26830824
26830823
26830820
26830819
26828666
26826991
26824086
26814320
26814157
26808360
26806434
26800178
26800176
26800175
26798366
26798065
26797791
26794521
26792971
26792970
26792964
26792187
26792183
26792182
26791510
26788535
26787023
26787022
26780336
26780333
26779263
26770205
26768788
26767966
26767959
26764300
26764299
26764298
26764297
26764296
26764295
26763602
26763592
26763591
26763329
26763111
26757335
26757333
26757332
26757330
26757327
26757322
26755222
26755219
26755215
26754338
26753551
26753550
26753549
26746202
26745199
26744208
26743797
26742734
26742179
26742176
26742161
26739979
26733337
26731813
26731598
26730209
26730198
26730184
26729690
26729689
26729655
26727608
26725967
26720400
26719165
26718386
26718385
26718384
26718382
26718381
26712358
26711219
26711218
26710045
26708062
26703043
26703040
26701917
26699923
26697561
26697560
26697558
26697556
26697554
26697548
26697547
26696111
26696109
26696107
26696106
26696103
26696101
26696099
26689106
26687672
26685038
26683426
26682489
26680308
26679362
26679359
26676862
26676193
26676192
26676191
26676190
26676189
26675228
26673750
26670605
26669655
26669654
26667118
26666268
26665261
26661340
26660235
26659719
26655206
26651538
26650061
26647730
26647374
26646636
26643447
26643277
26642047
26638148
26634313
26626632
26623945
26621674
26621028
26620099
26615505
26615504
26615474
26614949
26613385
26613250
26609892
26608307
26606191
26603770
26603769
26603699
26602451
26601935
26599291
26599126
26599125
26599124
26599123
26599122
26599121
26599120
26599119
26599118
26599117
26599116
26599115
26599112
26597577
26595831
26590725
26589844
26588111
26585493
26582053
26581835
26580685
26578336
26577873
26577872
26577871
26577469
26571067
26566129
26562738
26562735
26562093
26556829
26549782
26549222
26549221
26549220
26547720
26547699
26547020
26546459
26546266
26545717
26542888
26542601
26542166
26540333
26534939
26530704
26527674
26526961
26526453
26525999
26525553
26525552
26525132
26525128
26525124
26525122
26525120
26525119
26523502
26521148
26519789
26518986
26518358
26518216
26509657
26509231
26503179
26497905
26496464
26490104
26484886
26483519
26478401
26478226
26476746
26476003
26474720
26473494
26466311
26460169
26456742
26456257
26454048
26449589
26447750
26443273
26440664
26424147
26420451
26417617
26417615
26414930
26413977
26412005
26411998
26409809
26407056
26406585
26400664
26393339
26384536
26382971
26381904
26376946
26375897
26371954
26371076
26364739
26361239
26358010
26351730
26343577
26342513
26342288
26335907
26333128
26333037
26331533
26331404
26317151
26303762
26298801
26292999
26282184
26278960
26275929
26270155
26266650
26266649
26266648
26266647
26259200
26250402
26249153
26245272
26244265
26244263
26237637
26235629
26228934
26228382
26225899
26220776
26220009
26218656
26216576
26215490
26194158
26179517
26179397
26179131
26168856
26159208
26156830
26153228
26147214
26135023
26123712
26118545
26117379
26111085
26095924
26086993
26083582
26066062
26065694
26048030
26047162
26037274
26025391
26018844
25993251
25989211
25982519
25976838
25972142
25963721
25950239
25938174
25926667
25924843
25923246
25923245
25922872
25914048
25910472
25899341
25898981
25898896
25898895
25892478
25881783
25877234
25864531
25850958
25847543
25844508
25843053
25830710
25811246
25811245
25805253
25800876
25784387
25765291
25758745
25726857
25678029
25659611
25655480
25648914
25636272
25614929
25611951
25604208
25604081
25597335
25597250
25582870
25565631
25557717
25534135
25523604
25521008
25424595
25424594
25408249
25399962
25395333
25382721
25371100
25352032
25346234
25323220
25248755
25219878
25111051
25005586
24919124
24749979
24081631
