31973447
31968913
31968905
31968903
28305323
18290152
11039049
11039043
11039038
11039036
11039035
10287619
3422669
3422605
3422402
3422393
3422391
3422320
3422305
3422302
3422251
3422248
3422247
3422121
3422120
3422119
3422060
3416587
3414365
3414353
3406363
3393524
3387920
3385799
3384487
3384227
3384224
3379079
3378657
3368908
3365064
3362525
3360198
3356651
3352850
3351451
3341458
3339635
3338968
3338688
3335163
3335132
3335066
3334783
3289282
3283946
3283616
3280250
3279688
3279684
3279013
3278546
3277108
3276746
3276745
3276737
3275501
3275173
3275172
3275171
3273826
3273384
3273293
3273000
3272483
3272482
3272481
3272480
3272476
3272475
3272472
3272468
3272463
3272460
3272451
3272041
3271959
3271899
3271866
3271694
3271690
3271602
3271600
3271584
3270974
3270633
3270577
3270479
3269350
3269347
3269162
3268991
3268948
3268896
3268849
3268088
3267951
3267947
3266265
3266253
3264625
3263820
3262606
3257090
3257087
3257084
3256292
3256290
3255249
3255207
3254846
3254376
3254125
3254122
3253893
3253892
3252774
3252771
3252338
3252337
3252335
3251954
3251950
3251869
3251483
3250849
3249599
3248921
3248394
3245792
3245790
3245785
3245779
3245778
3241884
3241876
3240098
3233658
3233657
3232849
3232107
3232105
3232104
3232050
3230509
3230043
3228388
3228386
3228384
3227273
3222073
3219849
3218708
3216103
3214852
3214846
3214845
3212433
3211234
3209686
3209681
3208509
3206354
3202739
3201386
3198014
3195313
3190523
3190519
3190517
3190515
3190513
3190512
3189842
3189833
3187034
3187033
3185376
3183697
3180697
3180158
3176706
3175527
3175523
3166841
3166613
3166612
3166144
3165950
3165777
3165719
3165568
3165332
3165326
3165323
3165260
3165259
3165258
3165256
3164932
3164916
3164915
3164540
3164520
3163970
3163969
3163950
3163844
3163839
3163527
3163522
3163520
3163518
3163308
3163184
3163170
3163169
3163166
3163162
3163096
3162842
3162665
3162663
3162608
3162261
3162260
3162257
3155416
3155280
3153683
3153678
3152952
3152415
3151537
3151489
3150922
3149890
3147467
3147115
3144989
3144987
3131505
3131014
3124960
3124633
3124494
3122561
3078579
3078578
3078493
3078359
3078358
3078343
3078270
3078269
3078098
3077993
3077937
3077828
3077633
3077521
3076754
3076351
3076350
3076349
3076305
3076055
3075972
3075968
3075451
3075304
3075199
3072126
3068011
3068008
3064333
3064332
3063764
3062037
3062036
3057512
3052845
3052377
3050906
3047856
3045864
2980206
2977912
2977880
2977513
2975796
2975443
2975403
2970724
2968734
2968733
2966524
2966523
2966519
2966514
2966455
2964426
2963848
2963033
2908265
2903789
2902501
2897237
2894479
2893324
2892777
2855931
2855377
2850868
2850297
2846177
2829095
2465757
2465754
2453379
2450079
3483815
3455302
3501291
3483808
2890983
3480721
3692870
3692479
3692397
3683873
3678427
3507959
3507943
3507937
3507935
3506802
3506800
3506723
3506580
3506575
3506137
3506086
3504858
3504841
3504840
3504489
3504178
3504170
3503783
3500830
3484178
3483953
3483731
3483728
3483727
3483374
3483373
3483371
3483064
3481977
3481976
3481975
3481626
3481570
3481156
3480494
3480492
3480476
3480355
3480336
3480311
3480308
3480098
3480094
3479898
3479896
3479476
3479474
3479473
3479471
3479468
3451657
3449303
3433077
3433076
3433075
3433072
3433071
3433070
3425566
3333588
3333586
3333428
3331760
3330383
3329562
3329558
3326842
3324329
3324328
3323462
3320844
3320150
3320147
3320146
3320144
3320058
3318395
3316332
3275250
3270448
3269445
3268561
3134842
3125277
3125267
3125266
3122308
3079427
2904670
2895717
2833883
2449032
2448873
2447140
3483804
3329601
3696487
3118218
3664436
3483797
3331867
29925206
10872406
10872400
10872396
10872392
3695570
3692491
3672308
3665622
3665606
3655324
3507679
3507033
3506739
3504829
3504745
3504659
3483623
3482531
3481397
3481394
3481393
3481391
3481275
3481273
3480350
3480349
3480347
3480298
3480294
3480293
3480245
3479551
3479495
3479009
3479007
3479005
3478645
3478643
3478631
3478439
3478375
3478371
3478370
3444984
3435038
3434541
3433388
3432227
3431883
3427146
3425695
3333972
3333970
3333746
3331755
3331591
3331588
3330289
3326220
3325619
3325173
3325099
3325097
3322035
3320331
3320092
3316608
3312537
3267965
3127559
3121220
2826548
2444625
3452146
20523383
2891148
2891147
3479128
3676786
3695632
3692880
3688472
3685953
3685092
3683447
3674560
3673615
3664338
3663856
3653983
3507736
3507675
3506459
3506458
3505429
3505428
3505427
3504301
3503757
3501003
3484124
3483823
3483822
3483694
3483685
3483683
3483302
3483301
3483299
3483298
3483034
3483031
3483030
3480863
3480861
3480859
3480412
3479456
3479454
3479453
3479358
3479340
3479321
3479196
3478940
3478936
3478488
3478466
3478463
3478089
3477950
3477856
3477852
3477772
3477770
3477765
3477763
3477759
3477364
3477361
3477359
3476562
3476561
3476559
3476550
3476548
3443945
3443380
3440529
3440528
3440525
3434818
3333952
3333839
3333747
3333631
3331840
3331754
3331422
3327898
3325168
3325167
3323099
3322030
3322025
3316296
3314317
3314315
3312584
3312581
3312578
3312567
3312566
3310612
3309000
3305620
3270110
3155278
3143977
3130431
3128512
3123625
3116122
3116113
3114342
2963101
2959770
2908312
2900752
2894301
2890518
2889828
2889463
2822888
2451586
2448213
2444693
2443584
3331996
3445607
3327828
3482389
3688456
3688209
3678193
3677853
3676430
3671918
3670881
3662464
3659858
3659857
3659855
3659786
3655114
3631078
3627890
3626726
3509060
3507970
3507877
3507634
3507633
3507169
3507108
3506776
3506775
3506568
3506517
3506513
3506129
3506126
3498370
3483993
3483988
3483779
3483493
3483367
3483366
3483365
3483363
3483362
3483124
3482963
3482139
3481723
3480944
3480921
3480642
3480638
3480636
3480634
3480624
3480620
3479918
3479544
3478750
3478571
3478570
3478452
3478365
3478360
3478359
3477751
3477749
3477748
3477630
3477576
3477573
3477572
3477309
3477093
3477089
3476738
3476664
3476625
3476623
3476622
3476618
3476617
3428432
3333096
3321574
3317818
3317731
3316314
3316045
3316044
3316043
3316042
3313793
3312541
3312322
3311959
3310855
3308972
3308969
3308968
3307380
3305906
3305898
3305837
3305660
3305640
3269794
3127867
3121825
3121823
3119466
2891180
2852205
2822771
2822211
2457016
2445173
3664275
3614354
28311420
3695864
3692209
3661936
3655872
3654688
3628636
3624445
3609215
3605476
3605464
3507720
3506710
3506510
3506504
3484099
3484095
3483983
3483977
3483763
3483761
3483120
3482087
3481594
3481593
3479963
3478933
3478930
3478287
3478203
3476984
3476982
3476901
3476900
3476899
3476727
3476611
3476610
3476602
3476596
3476520
3476517
3476516
3476251
3476250
3476248
3476247
3476245
3476244
3476241
3476238
3476151
3475969
3475965
3435666
3429314
3333863
3333580
3333320
3331774
3326781
3326774
3317201
3314313
3309743
3306888
3305886
3305885
3305881
3305655
3304412
3302118
3298423
3117992
3117923
3117911
3115550
3114696
2957396
2894299
2889396
2889395
2887602
2833776
2442201
2439290
3476132
3627557
3433765
3600790
28564360
18668881
3667993
3631691
3631690
3629699
3628697
3627947
3615586
3612305
3612077
3580160
3509967
3508999
3508998
3508969
3508001
3507967
3507095
3507090
3506496
3506495
3503962
3503776
3498021
3484235
3483966
3483860
3483755
3483754
3483749
3483568
3482914
3482726
3482137
3481798
3479760
3478870
3478856
3478604
3478602
3478558
3478556
3477970
3477474
3476915
3476718
3476717
3476716
3476715
3476712
3476535
3476533
3476529
3476528
3476509
3476507
3476506
3476505
3475652
3475649
3475467
3475464
3475460
3475370
3475220
3475124
3475122
3475119
3474889
3474885
3474883
3451003
3333979
3333619
3327937
3327936
3327933
3318211
3317384
3315205
3313826
3313819
3307028
3305876
3305875
3305841
3305840
3304944
3304642
3303960
3302245
3302244
3302222
3302221
3302219
3302215
3301437
3300270
3112672
3112207
3037050
2965312
2957488
2888045
2819761
2448682
2444867
3620928
3686997
3108299
3484164
3484162
21263889
10870471
10870470
3622436
3620800
3619483
3619088
3618754
3616563
3616562
3610452
3605006
3599174
3578623
3507840
3507827
3506698
3506696
3506695
3506561
3506556
3506553
3506492
3506491
3506490
3506489
3506162
3506030
3506016
3505563
3504849
3504481
3484285
3484025
3484020
3483962
3483154
3481951
3481946
3481856
3479426
3478600
3476834
3476591
3476588
3476584
3476580
3476303
3476300
3475949
3475684
3475681
3475361
3475360
3475349
3474764
3474761
3474675
3474347
3474343
3474103
3474102
3474097
3474025
3474020
3473928
3473926
3473388
3473233
3473231
3473194
3472915
3472914
3333569
3333568
3333048
3333045
3333041
3332899
3332898
3331596
3316755
3316196
3313077
3306829
3305632
3304986
3304153
3303956
3300755
3299952
3298610
3298609
3297934
3295656
3295204
3295203
3295202
3269792
3269416
3269415
3143964
3112938
3112937
3112271
3112263
3112258
3112257
3078368
2976119
2957401
2885124
2833766
2439677
2438276
3472541
3475258
3690624
3681712
3673179
3669966
3629936
3627088
3619678
3614956
3594271
3592393
3589650
3584165
3580333
3570463
3556226
3555823
3554979
3507964
3507767
3507764
3507751
3507078
3506761
3506486
3505464
3503741
3494641
3484043
3483858
3483673
3483658
3483408
3483094
3483092
3483090
3482794
3478852
3478851
3478268
3475845
3475836
3475735
3475321
3475317
3475315
3475295
3475218
3474577
3474411
3474408
3474401
3474400
3474385
3474273
3474266
3474264
3473382
3473380
3473379
3473374
3473226
3473225
3473179
3473097
3472911
3472457
3472456
3470112
3436273
3333694
3333617
3330880
3328934
3313017
3306539
3303458
3303107
3301914
3301913
3299208
3298629
3298588
3298587
3295185
3270570
3269151
3269149
3116186
3039380
3037904
3036924
3035165
2956301
2906287
2897887
2844131
2440925
2437791
2435784
3311834
3307821
3587396
3475255
3477503
3313627
3580871
3472555
3104794
24254597
24254594
3829750
3671959
3648397
3616853
3594923
3585885
3582805
3582216
3576598
3568111
3565560
3556223
3555888
3555616
3555614
3554095
3553569
3553564
3553561
3552397
3551579
3551578
3507996
3507990
3507733
3507609
3506758
3506687
3506686
3480214
3477039
3475142
3475141
3474854
3474715
3474694
3474601
3474184
3474165
3474140
3474138
3473344
3473213
3473102
3472986
3472881
3472880
3472606
3472150
3471967
3471963
3471957
3471956
3471955
3471954
3471382
3471381
3471380
3471379
3471373
3471284
3471077
3471075
3470908
3470906
3470905
3470450
3470372
3470371
3470362
3447022
3333616
3333562
3333560
3318660
3318655
3299471
3299459
3295184
3295181
3295175
3294955
3294918
3294917
3294915
3294914
3153625
3114454
3113409
3111269
3110323
3110322
3110317
3110316
3110313
3105951
3105043
3036434
2967255
2952790
2952005
2951404
2897345
2883714
2852304
2438020
3297531
3549722
3039458
3470034
3574768
3561539
3612797
16031364
12282681
3826702
3653006
3619599
3592508
3589613
3589612
3589215
3579231
3578204
3577831
3572562
3571456
3570623
3556263
3555742
3554620
3554399
3554311
3553559
3553557
3553554
3553552
3553548
3553547
3552618
3550036
3550016
3550015
3549830
3549795
3549794
3546952
3509574
3507960
3507208
3507067
3506754
3506752
3506467
3506466
3506465
3506109
3506011
3505085
3505079
3504542
3504539
3504536
3504535
3504530
3497183
3493183
3484213
3484208
3483396
3479978
3479975
3477890
3475380
3475379
3475312
3475309
3474688
3474365
3474364
3474121
3473729
3473366
3473356
3473355
3473038
3472383
3472255
3472186
3472185
3472181
3472099
3472052
3471945
3471835
3471832
3471508
3471506
3471505
3471504
3471502
3471498
3471497
3471483
3471482
3471481
3471480
3471479
3471478
3471475
3471474
3471473
3471292
3471291
3471289
3470866
3470502
3470500
3470498
3470356
3470355
3470353
3470327
3470323
3470320
3470318
3470288
3470204
3469910
3469909
3469908
3469907
3469371
3469368
3469364
3469359
3333094
3299457
3107460
3107396
3105842
3040946
3038976
3037586
3035455
3032566
2951399
2906286
2883326
2438998
2435765
2435710
3564312
3822213
3477489
3308534
3101177
3548886
3812593
3646458
3577740
3576615
3571643
3571036
3553534
3551040
3550055
3550049
3547233
3546673
3546458
3546456
3542524
3542360
3506681
3506677
3506150
3497964
3492329
3479303
3479300
3479299
3476568
3476029
3474316
3473726
3472948
3472275
3471788
3471692
3471617
3471512
3471511
3471467
3471035
3471033
3471032
3471031
3471030
3470902
3470898
3470896
3470518
3470516
3470515
3470510
3470507
3470424
3470161
3469610
3469606
3469577
3469266
3469225
3469223
3469221
3469220
3468800
3468795
3468376
3468226
3468214
3467805
3333551
3333548
3333546
3315477
3298500
3295957
3295947
3138590
3119295
3104496
3104494
3104493
3104491
3104487
3040824
3035841
3031923
3029646
2970067
2955148
2955147
2948547
2883667
2441018
3477483
2958371
3552477
3471714
3477248
3468968
3821983
3792506
15092740
3826330
3826327
3825482
3823961
3823630
3817676
3817586
3816994
3795345
3794394
3792475
3689928
3689584
3683066
3679235
3678946
3674455
3659207
3644073
3632654
3630615
3626746
3625082
3624420
3624418
3624417
3623945
3620026
3614456
3609531
3609530
3597724
3595787
3592599
3580551
3575481
3574552
3573930
3572411
3569814
3569637
3566536
3566050
3564890
3564885
3564123
3562449
3562448
3558436
3556140
3554452
3553451
3552867
3546640
3545620
3543317
3543313
3543311
3543285
3543283
3509793
3509746
3509620
3509592
3509584
3507855
3507044
3506327
3506312
3506310
3506308
3506298
3506297
3506287
3505791
3505484
3504793
3504792
3504093
3504045
3503660
3502550
3501172
3501146
3499132
3497504
3495085
3484303
3484277
3484273
3483561
3483530
3483181
3482933
3482540
3482460
3482456
3482455
3482347
3482345
3482254
3482151
3481967
3481966
3481963
3481657
3481656
3481444
3481153
3481137
3481136
3481133
3481127
3481122
3480613
3479828
3479101
3479100
3479098
3479096
3479093
3479090
3479088
3479087
3479086
3479083
3479074
3478806
3478585
3478421
3478040
3478038
3478035
3478032
3478030
3478027
3478022
3478021
3478017
3478016
3478014
3478009
3478008
3477327
3477325
3476543
3476539
3476536
3475175
3474291
3474289
3473710
3473709
3473707
3473706
3473568
3473550
3473538
3473145
3472871
3472694
3472343
3471460
3471458
3471457
3471278
3471276
3471036
3471013
3470983
3470980
3470923
3470889
3469771
3469769
3469410
3469392
3469381
3469379
3469377
3469352
3469301
3469298
3468250
3468233
3468232
3468231
3468170
3468166
3468142
3468140
3468139
3468128
3468125
3468124
3467582
3467580
3466706
3454561
3452836
3451036
3447129
3447065
3445983
3444265
3443418
3441240
3440278
3434844
3429608
3334671
3333851
3333689
3333406
3333404
3331206
3322457
3322146
3321431
3319438
3317395
3313699
3313134
3313133
3310978
3310975
3308095
3305619
3304355
3303321
3296551
3296172
3296143
3273371
3269835
3268684
3144505
3140771
3130039
3115686
3114802
3114705
3113066
3109820
3104414
3103900
3101124
3035692
3029365
3029357
3027024
2980705
2977696
2975820
2975518
2975489
2967605
2965938
2963461
2962459
2960304
2956798
2956789
2954336
2954335
2954334
2952873
2952162
2948844
2896305
2894107
2893371
2893370
2888598
2883698
2833879
2833734
2829165
2825162
2823759
2821975
2449004
2448332
