19555362
36862822
27077056
36913510
23551512
23551506
23762935
22827816
20002682
20030675
20030674
19906268
19843106
19793330
19673957
19673954
19673925
19744198
21601143
19913930
19574270
19574268
19997949
19937074
20016923
19789937
19784712
20039129
20007004
19937075
19902278
19889488
19888611
19830462
19816719
19655179
19617246
20012384
19802717
19727921
19688586
19685196
19664893
19653059
19636663
19593602
19588075
19562404
19548057
24421976
24421974
20816561
20457032
19798521
19795136
19760084
19690902
19688229
19685086
19669175
19609574
23662087
20709271
19702672
19702670
19608221
19560800
19529881
19488675
19455366
19438944
19438943
20620804
19861582
19822530
19685168
19590908
19590907
19568775
19548011
23662083
24421970
20041975
19924428
19897381
19430725
19396579
19330424
19277822
23662081
20018797
20002974
19969525
19967360
19959612
19959610
19917626
19879369
19875744
19859733
19854628
19837747
19793779
19779767
19755534
19752016
19745002
19737135
19729399
19688227
19592261
19557443
19555356
19543927
19536570
19506922
19488796
19285432
19220844
27789992
20045265
20033817
20033791
20033505
20015238
20005075
20003632
19965905
19949810
19644658
19575263
19481765
19438938
19288054
19219484
27458329
19955158
24421965
24421964
24421963
24421962
20040034
20040026
20026403
20026232
20016922
20005290
20004757
20004439
20002631
19962418
19962245
19961894
19945128
19937049
19924139
19913336
19910127
19909406
19891716
19889647
19888301
19882173
19874533
19849806
19805394
19793211
19778325
19778323
19778322
19748923
19744265
19740977
19737789
19721467
19721466
19719885
19698965
19691903
19671887
19664932
19628046
19509345
19504133
19484274
19399539
19343381
20028792
20028791
20006850
19922956
23662078
21386207
20237985
20171379
20050984
20038616
20031288
20022224
20007650
20005025
19969343
19968764
19951984
19945498
19941930
19939646
19931901
19931587
19906417
19892523
19883724
19882100
19861183
19853002
19843105
19840829
19817878
19744195
19744172
19713553
19633868
19580690
19578823
19578804
19545321
19383762
19371391
19186044
23662077
19963328
19942385
19934113
20094673
19570797
20043976
20129433
20129422
20113806
20113805
20113803
20113802
20113801
20113800
20113797
20113793
20113791
20113790
20113786
20113783
20113781
20113777
20113776
20113775
20045179
20042744
20042740
20042737
20042736
20041980
20041978
20040027
20040023
20037587
20037586
20018273
20012111
20004960
20002977
20002972
20002630
19969481
19969480
19969477
19968767
19968676
19955272
19931851
19922495
19922494
19919543
19919542
19919541
19895866
19875316
19857888
19845710
19843497
19843136
19843133
19828592
19819290
19818487
19815349
19811511
19804811
19799959
19797410
19796717
19781594
19781591
19768397
19752017
19736219
19735525
19726491
19705173
19679651
19656634
19618221
19602117
19596090
19574543
19543926
19495814
19487435
19475438
19401356
19333627
19306025
19280233
19241096
19913377
19640887
19586952
19535376
19515665
19386654
20080560
19969528
19846120
20080749
19889629
19766658
19765593
23671397
20018682
20018657
29913935
27625559
27625557
27625556
27625555
27625552
27625551
27625550
27365709
27365704
24778681
24778680
24151406
24151405
24109164
23960473
23285376
23130026
23130024
23113044
23057300
23057299
23022779
22572181
22442555
22442547
22442546
22399835
22238701
22228981
22228980
22114381
22114380
22114379
22114378
22114376
22114375
22114374
22114369
22114368
22053628
21998775
21998774
21998773
21998769
21998768
21918622
21866746
21866743
21794678
21698071
21687561
21673839
21673833
21638967
21638965
21638957
21612045
21548319
21547146
21545030
21528762
21528755
21510091
21491006
21491004
21491001
21491000
21490997
21490996
21490995
21490993
21490992
21490990
21490989
21490988
21490985
21490980
21488825
21473102
21473076
21473003
21471664
21469287
21469286
21469285
21469283
21469267
21467835
21465852
21465851
21448443
21448441
21427819
21427817
21427816
21425708
21417130
21417125
21417124
21417123
21417122
21417120
21417118
21417116
21417114
21417113
21395520
21391183
21387820
21372547
21365798
21350602
21329238
21329237
21325862
21323012
21322432
21322431
21322430
21322429
21322366
21322365
21318180
21314087
21314086
21311445
21311442
21311441
21311435
21306086
21306084
21306083
21299056
21280457
21271046
21271044
21269041
21269040
21269039
21266836
21266835
21266833
21264366
21264361
21264358
21263180
21258276
21243544
21234408
21234381
21229915
21209502
21207919
21207917
21207915
21207302
21203711
21203707
21203703
21197434
21191329
21189989
21189986
21189985
21186653
21186642
21180803
21180797
21180796
21180683
21180681
21180679
21180678
21180669
21180668
21174567
21170019
21170016
21170014
21170010
21167087
21151663
21141433
21141049
21138696
21137668
21124031
21121412
21121411
21118634
21103643
21103642
21103631
21096504
21095979
21095928
21088401
21069110
21069107
21063137
21063135
21057664
21053691
21053683
21053679
21053517
21051892
21051891
21043092
20976961
20976392
20976383
20976380
20976379
20975268
20974454
20974453
20974449
20954457
20948573
20948572
20948569
20943036
20943031
20943029
20938479
20938478
20938474
20938473
20938471
20938469
20938468
20936196
20936193
20936189
20936186
20934966
20931923
20924460
20922084
20922080
20922077
20922075
20886059
20883134
20879465
20879463
20879460
20879215
20877163
20877162
20877157
20873303
20871810
20861631
20861630
20857075
20848007
20848004
20847999
20842290
20838043
20838042
20834054
20834053
20816460
20813087
20809043
20809039
20806545
20801184
20798522
20735266
20720422
20719101
20719098
20717792
20717791
20717784
20717780
20714153
20706536
20706535
20704476
20701218
20701215
20701214
20701213
20699614
20696101
20692318
20689718
20689239
20689238
20689237
20689236
20689235
20687358
20679754
20675274
20672745
20671961
20669816
20669815
20668377
20659524
20652078
20652071
20652044
20645647
20645643
20645637
20640366
20640363
20640360
20640359
20638437
20628510
20628232
20626187
20626136
20623943
20621154
20616552
20616551
20613956
20608033
20606913
20606432
20606407
20600560
20599463
20597319
20597307
20597259
20597258
20597257
20597256
20597052
20593636
20589255
20589245
20582388
20582221
20582219
20582216
20582215
20582213
20582212
20579445
20579440
20578505
20577288
20577286
20577282
20577281
20577278
20574131
20574130
20574128
20571287
20568423
20567068
20562012
20559240
20559226
20556935
20553175
20553132
20545544
20545536
20545533
20545527
20543965
20530964
20527507
20527505
20524253
20517258
20517256
20517255
20517243
20517242
20517241
20517240
20516707
20516691
20516690
20516689
20516687
20514921
20514785
20514558
20509310
20509308
20509307
20509305
20501966
20501964
20500134
20496804
20495758
20495747
20495246
20491635
20490271
20484882
20482478
20481291
20481288
20480059
20480058
20480054
20476665
20476664
20473846
20472020
20467562
20464323
20464319
20464318
20463771
20458147
20454647
20454579
20454445
20453308
20450473
20445755
20445734
20440088
20436411
20436408
20436401
20428327
20428008
20427930
20427928
20427927
20427925
20427916
20427915
20427914
20427913
20427905
20427904
20427903
20426593
20426591
20422908
20420204
20420194
20418986
20414341
20407486
20402828
20402075
20391142
20390814
20389070
20389069
20388311
20388072
20387331
20379687
20379680
20379679
20379366
20379356
20379015
20379012
20379005
20378014
20376261
20372670
20372669
20371434
20362639
20359430
20359428
20359427
20359426
20359424
20359423
20359309
20359064
20359062
20359045
20357443
20355278
20348898
20348895
20348894
20348890
20348889
20348888
20348887
20348886
20344958
20339723
20339722
20339720
20339718
20339715
20339708
20339707
20339518
20339492
20339490
20339489
20298654
20298653
20298648
20238280
20234896
20234892
20234890
20234889
20234888
20234887
20218871
20218870
20218869
20218866
20218865
20218459
20218457
20218267
20217960
20215674
20215673
20215672
20215671
20215670
20215668
20214158
20213939
20212406
20209212
20209197
20204833
20199431
20190505
20178228
20173325
20168052
20166415
20166409
20166406
20166405
20160442
20160423
20159546
20158016
20158012
20158008
20157203
20155700
20151077
20135249
20135247
20135246
20134181
20134179
20131727
20130404
20130403
20129896
20129892
20129891
20129890
20129884
20128187
20126347
20123588
20123389
20123388
20123373
20123368
20122441
20122433
20122428
20122423
20122421
20122418
20122311
20121911
20121910
20117994
20117990
20116657
20105682
20105680
20105676
20105674
20103478
20098972
20098971
20098970
20098969
20098968
20098967
20098966
20098965
20098964
20098963
20098962
20098960
20091929
20090327
20090326
20090044
20089740
20089739
20082587
20078202
20077488
20077486
20072016
20071918
20070750
20070749
20070748
20070745
20068303
20068302
20067418
20067414
20066624
20061967
20059593
20059592
20059591
20059589
20059588
20059587
20059427
20059424
20059421
20059417
20059416
20057173
20056569
20052370
20051070
20051069
20047523
20046484
20046480
20046477
20046476
20046475
20046054
20045828
20045824
20045820
20045819
20045102
20040148
20034071
20013654
20012519
20012408
20008136
20007794
20006172
20006168
20006164
20006163
20004135
20003959
20003956
20003950
20003948
20003947
20003943
20003941
20003940
20003939
20003936
20003934
20003932
20003931
20003930
20003929
20002804
20002802
20002801
20002800
20002269
20001640
19996616
19969285
19966041
19959237
19958253
19949943
19945626
19942210
19940971
19939349
19937642
19932620
19929637
19923784
19922492
19914039
19912483
19912273
19910020
19907734
19907733
19907732
19907730
19907727
19907724
19906096
19903181
19902531
19900183
19899120
19898233
19893324
19891719
19891718
19880335
19879763
19879641
19878909
19878192
19875313
19864171
19854755
19852714
19852661
19852658
19852656
19852652
19852650
19852649
19852646
19852643
19852635
19850027
19849775
19847394
19845708
19837452
19837098
19837024
19828341
19824920
19819013
19818702
19818701
19816704
19813192
19806668
19804957
19804903
19801918
19796801
19793611
19781592
19770815
19767698
19767694
19765911
19765197
19762142
19758404
19754644
19748664
19748548
19747973
19744862
19744171
19737596
19737595
19735454
19735453
19733205
19732352
19719401
19716453
19712044
19709350
19709166
19695785
19692346
19683378
19682916
19682219
19682218
19680605
19680184
19680177
19680172
19672851
19659599
19659474
19653310
19623627
19623212
19603246
19598108
19582441
19574260
19544585
19533607
19530172
19469666
19466395
19435728
19373495
19277818
19230988
18663557
18648868
18600292
18600290
21886733
19954232
20018768
20018740
19928979
20030824
20193560
20193559
20087445
19852065
19893562
19876044
19876043
20066062
19878652
20016823
20015374
20018634
20003510
20003481
19892501
19854595
19834960
19793721
19556012
19551815
20010729
20062756
20009191
19902498
19902497
19902496
19902495
19446592
20459983
20052221
20062651
23139551
23139548
23139544
23139540
22785101
22785097
22785093
22785092
21665845
21509313
21509311
21468183
20690426
20690424
20690423
20690422
20614697
20596853
20458871
20446224
20416635
20415939
20415938
20415937
20415931
20415930
20415928
20400803
20400800
20400798
20397321
20391854
20388961
20383984
20379669
20303922
20303921
20201180
20198993
20193291
20180226
20178218
20178216
20178214
20178213
20178212
20178208
20178207
20166382
20166378
20166377
20166376
20162951
20162950
20162946
20158061
20158059
20158058
20158056
20158055
20158054
20151563
20151561
20151351
20143037
20143033
20143032
20143030
20143029
20143023
20143020
20143012
20121940
20121938
20121934
20121932
20121924
20120209
20112591
20102098
20102091
20102078
20102065
20102064
20102063
20101937
20101936
20101934
20101932
20090148
20090145
20088219
20088216
20087715
20087263
20077901
20077898
20077897
20077896
20077895
20077893
20077892
20077887
20077635
20077634
20076827
20075406
20073547
20073546
20073542
20073541
20072743
20066876
20066874
20055041
20050301
20042151
20040753
20033987
20033366
20032842
20032622
20032617
20032614
20032613
20032612
20032608
20032604
20032603
20032600
20027208
20026711
20026710
20017764
20011770
20011765
20011762
20009602
20009600
20009599
20009460
20008656
20002758
20002756
20000193
20000191
20000190
19995511
19995510
19995507
19995506
19995505
19995504
19962608
19962607
19962606
19962602
19962598
19962592
19961998
19961997
19961995
19961993
19961991
19961457
19961454
19961453
19961452
19961391
19961390
19961387
19961379
19961378
19954737
19954735
19953453
19946083
19942244
19941589
19934246
19934245
19934243
19934241
19932497
19932338
19930094
19930093
19930091
19929956
19925984
19925977
19923516
19923170
19917815
19917027
19917026
19913749
19913741
19913719
19913717
19913716
19913713
19913215
19912384
19912381
19912380
19912379
19912377
19912376
19912375
19906531
19897785
19893903
19890872
19890852
19890850
19883929
19880985
19878925
19877269
19875315
19875312
19875149
19874451
19853838
19850280
19845715
19845712
19845709
19843647
19843135
19843131
19843130
19840975
19839714
19832799
19819697
19818690
19818689
19812251
19811510
19793320
19788428
19788424
19786300
19782751
19782621
19781740
19780768
19760465
19754645
19751184
19748711
19744956
19732947
19731997
19720499
19720140
19719736
19717318
19716170
19716103
19715437
19715433
19709065
19709062
19697380
19694774
19694773
19692255
19682222
19682215
19682214
19681967
19680194
19680188
19680185
19679342
19674824
19665874
19665276
19665275
19660516
19651518
19635744
19635570
19632055
19629567
19619910
19616101
19602122
19572309
19570617
19551709
19548010
19535605
19534606
19525442
19525441
19525367
19502016
19501474
19497757
19487436
19486969
19418029
19352596
19339673
19319579
19281413
19221810
19221809
19214603
19144325
19132414
19131147
19100964
19100963
19076988
19076244
18990363
18783414
18783410
18768169
18760768
18715551
18675390
18657798
18656852
18653171
18644585
23674905
19948030
19942895
19946365
19939240
19892730
19744808
19716244
19946455
19946446
19924225
19917089
19859875
19876931
19876929
19766293
19330777
19170188
19156860
19893563
19665134
19909499
19908197
19946534
19723774
19796647
21165270
20572434
20486101
20431514
20306869
20306868
20306867
20306866
20306863
20306860
20306859
20193444
20184130
20166911
20162121
20162119
20162113
20162106
20143486
20120632
20109998
20108745
20108744
20108738
20108736
20099610
20099606
20079268
20079264
20079263
20069974
20069917
20069915
20059285
20047234
20043553
20043551
20043549
20043547
20043546
20043544
20043543
20043542
20043366
20041570
20035643
20030257
20027438
20027435
20027434
20027433
20027429
20027425
20027130
20020086
20020085
20020083
20020080
20020076
20019425
20019417
20019416
20002045
20001995
19999672
19999670
19999669
19999668
19998730
19998729
19998728
19998727
19998726
19998725
19960292
19959898
19953784
19953783
19953778
19953777
19953776
19953773
19953771
19945080
19945074
19945073
19938746
19936479
19936476
19933027
19925444
19919504
19918596
19918591
19918589
19918588
19913680
19910477
19906614
19906612
19906611
19906610
19906609
19905958
19905956
19905951
19905946
19905941
19903001
19901301
19900356
19898719
19898714
19898713
19898710
19893828
19892291
19892286
19892284
19892282
19892280
19886939
19886938
19884833
19884398
19884392
19883892
19883890
19881373
19880887
19880723
19880027
19876911
19863901
19863900
19863897
19863894
19863892
19861752
19861289
19860501
19857852
19854120
19853550
19853237
19853176
19853174
19853172
19853171
19853169
19853168
19852615
19852611
19852606
19852604
19852603
19852602
19852601
19852600
19852597
19840657
19840656
19840655
19840652
19840650
19840648
19840643
19840642
19840641
19840639
19840638
19840635
19840634
19840283
19840281
19840280
19840225
19837321
19837312
19837260
19837019
19836716
19836709
19836707
19836706
19835754
19835753
19835752
19835750
19835749
19832918
19832917
19832912
19832908
19830468
19828893
19825041
19825040
19825038
19825037
19825036
19825033
19824955
19819507
19811580
19807821
19807820
19804532
19804378
19801889
19799718
19795520
19793231
19786919
19782615
19782342
19781688
19777577
19765876
19765195
19763626
19758405
19749049
19748298
19748297
19748295
19744761
19744264
19744262
19740458
19734073
19734072
19734070
19732273
19732192
19732188
19732179
19726027
19719735
19713218
19704121
19703995
19683377
19680207
19680201
19680200
19666238
19665919
19665354
19654570
19648485
19647864
19646747
19644673
19643523
19639640
19631441
19630060
19628326
19625119
19619227
19619196
19619195
19616883
19616357
19596556
19596422
19595446
19595444
19590966
19589559
19582860
19577288
19572297
19557425
19539764
19536639
19530140
19513772
19447552
19426263
19405785
19383539
19373846
19370548
19370359
19327006
19241087
18980191
18976309
18648869
18536957
19918323
19893763
19893620
19874626
19851377
19851360
19852787
19787132
19678690
19829677
19762599
19748627
19972697
19808793
19838602
19828031
19774294
19805030
19822006
19820259
19816477
19821423
19821412
19821315
19821311
19738306
19810195
19799785
27408288
25389860
24019837
24019836
24019833
23960469
23960468
23285369
23230500
23230498
23230497
22557350
22461872
22129962
22129957
22129956
21650074
21528038
21528034
21528031
21067044
20701100
20642150
20543927
20543926
20543925
20543924
20543923
20502091
20502085
20467631
20467630
20411833
20225476
20225474
20225473
20225468
20225465
20191910
20191909
20157608
20139582
20139575
20139569
20139568
20139567
20139566
20139565
20128140
20081277
20079313
20079309
20079308
20079303
20067056
20043235
20027456
20027453
20027450
20027448
20027442
20027441
20020575
20019902
20017410
20003760
20000200
20000196
19998663
19994619
19961527
19958910
19958908
19958905
19958904
19958903
19958902
19953816
19953814
19953812
19953811
19953810
19953808
19953807
19953805
19953804
19953802
19950517
19950516
19950515
19950514
19943509
19943501
19938675
19928371
19928369
19928362
19927735
19927733
19927724
19927720
19927719
19927718
19927711
19927460
19927457
19927456
19915278
19915277
19915276
19915274
19915272
19915267
19911641
19907863
19907861
19907854
19907850
19907849
19907846
19896887
19895291
19895290
19895161
19894592
19894293
19893471
19893130
19893119
19893118
19891256
19888497
19888495
19888494
19888488
19887730
19886401
19886400
19885431
19885429
19885428
19885425
19885424
19885422
19885420
19884665
19878028
19875280
19864202
19862405
19862404
19862400
19862399
19862398
19862396
19862392
19860243
19846940
19845304
19845300
19845242
19841768
19841766
19841765
19841763
19841760
19841759
19840502
19840500
19838430
19838038
19835186
19830717
19829716
19826607
19826606
19826604
19826602
19826601
19826598
19824567
19824565
19823142
19815164
19815163
19815162
19815161
19815156
19815154
19815153
19815148
19812810
19811708
19805995
19805786
19804850
19802043
19801247
19801245
19801244
19801240
19801239
19801236
19801235
19801230
19801229
19801228
19801227
19801226
19801224
19800048
19799638
19797558
19797557
19797554
19797553
19796517
19796515
19793306
19792859
19792851
19792844
19783806
19783804
19783803
19783798
19783797
19783795
19783520
19782827
19782826
19782825
19782822
19780189
19778746
19778742
19778736
19777590
19775804
19770686
19767519
19767518
19767516
19767515
19767514
19767513
19763401
19761921
19761908
19761898
19758411
19758259
19758258
19758257
19758255
19758251
19758243
19754701
19754700
19754699
19754698
19754696
19754445
19754249
19751357
19751294
19751292
19751291
19751290
19751289
19731096
19723136
19717322
19717292
19716731
19716727
19716723
19715434
19712022
19709132
19709131
19709129
19708799
19704927
19704926
19704925
19704923
19703237
19702961
19702957
19702955
19702682
19700221
19699119
19699113
19695976
19694775
19692244
19683220
19682174
19681984
19680212
19680175
19680125
19679296
19678871
19674739
19651702
19637284
19635589
19631205
19627854
19624699
19624698
19624697
19623537
19616297
19615807
19614935
19614934
19614933
19614932
19608324
19608310
19604612
19596523
19595495
19592324
19582442
19579031
19577835
19576204
19570683
19570614
19560807
19559058
19555781
19553029
19549154
19549149
19548930
19541495
19539358
19538953
19531158
19528161
19523026
19523024
19523023
19519861
19519788
19515165
19507140
19499340
19496799
19496798
19486402
19481246
19464050
19464049
19457649
19453869
19453868
19453862
19447638
19443711
19440658
19433137
19419299
19402146
19399847
19388087
19382140
19378267
19337312
19336630
19299245
19290556
19266350
19261316
19246506
19119032
19107515
18973521
18850288
30256870
19946998
19864206
19596854
19918438
19751168
19591819
19477235
19751519
19749211
19730432
19792379
20157636
19525074
19555657
25206124
25206122
25206120
25206119
25206118
25206117
23966534
23139530
23139521
23139518
23120644
23015901
21769012
20836326
20740427
20441127
20441126
20441124
20391733
20379417
20379414
20334077
20303916
20303914
20205030
20193228
20095214
20095205
20095200
20095198
20095197
20095195
20095194
20095191
20079255
20079250
20079248
20079246
20050376
20034287
20027417
19998801
19998797
19997997
19997996
19997995
19950753
19947141
19947139
19947134
19947133
19947132
19941770
19941769
19941766
19941765
19941764
19941760
19937216
19936535
19936534
19936530
19936527
19936525
19936522
19936518
19936517
19936516
19936514
19930872
19928689
19928455
19928453
19927571
19920374
19903648
19903646
19903645
19903644
19903640
19895146
19895131
19893465
19865633
19865632
19865631
19860114
19842377
19839256
19839190
19839189
19839187
19839186
19839185
19839184
19838616
19838615
19838614
19838613
19838611
19838609
19838606
19835011
19830973
19830971
19830970
19830967
19830965
19830964
19826559
19824535
19822994
19822987
19822986
19816344
19816332
19816326
19816290
19816262
19812419
19810401
19810395
19807966
19802800
19799516
19791493
19780374
19780357
19780354
19780353
19780351
19779267
19778823
19778711
19776519
19776518
19776508
19776504
19776500
19776498
19774314
19772847
19772846
19772844
19772842
19772110
19772109
19772107
19771967
19767582
19767581
19767580
19767579
19767575
19763174
19761399
19761291
19761286
19761284
19761283
19757737
19757733
19754715
19750524
19745222
19744362
19741182
19741180
19740153
19740152
19737270
19737264
19737263
19737261
19732679
19732678
19732677
19732675
19732674
19732664
19732660
19732652
19730686
19726025
19723951
19723947
19723946
19723944
19723943
19723942
19723928
19722808
19722807
19722806
19722795
19722794
19722793
19722786
19722785
19721200
19721085
19720237
19720236
19720230
19720227
19720221
19720219
19720217
19720214
19720213
19720211
19716512
19716510
19716506
19716499
19716488
19716486
19716484
19716482
19716460
19713169
19712901
19712196
19712195
19711461
19711460
19709117
19709110
19709108
19705954
19705947
19705946
19705939
19705937
19705936
19705931
19703630
19703629
19703624
19703622
19703621
19702821
19702820
19700532
19700011
19696575
19692798
19690255
19686933
19686917
19686397
19681156
19681154
19681151
19681142
19681133
19681131
19672184
19668216
19664151
19663961
19663960
19663955
19660781
19660774
19660773
19656551
19653863
19650858
19648170
19647712
19640974
19639625
19639621
19639093
19639091
19639090
19639089
19627378
19625532
19622096
19619199
19614723
19608155
19608154
19602104
19602099
19581032
19580958
19579096
19577493
19576804
19576792
19570696
19570523
19564070
19560118
19559544
19555984
19555966
19555361
19549153
19549150
19549148
19548936
19545937
19545854
19545327
19541363
19540564
19540516
19540034
19539492
19533784
19524348
19523679
19523678
19515419
19504609
19504607
19504606
19486374
19486370
19486369
19484760
19484255
19477572
19447486
19447456
19442566
19433344
19427136
19409717
19395078
19373842
19369226
19368970
19350637
19337779
19327944
19326188
19321466
19294744
19294743
19293842
19293839
19277728
19259128
19189412
19182736
19181481
19150205
19139926
19101739
19085019
19062253
19052029
19034538
19018874
18998173
18985394
18835671
18799333
18783423
18769946
18696174
19718402
19918455
19918401
19706870
19559438
19501361
19696832
19696814
19493899
19546221
19781362
19891924
19501569
19463908
19707289
19666587
19668335
19450941
19662053
19629145
19654807
19646281
21509293
20941698
20738558
20651953
20169219
20169209
20067371
20000018
19961756
19961752
19961751
19961749
19911472
19887757
19887756
19887753
19882844
19877448
19826837
19824561
19824560
19824557
19824554
19824552
19813628
19813596
19795767
19774820
19774802
19769275
19769263
19769262
19769257
19769256
19769251
19769247
19761890
19760024
19760019
19760010
19760009
19760008
19760006
19760004
19760003
19760002
19754475
19753908
19753907
19753883
19753882
19739401
19734467
19734464
19734455
19717864
19715071
19715070
19715066
19703080
19703079
19703077
19703076
19703075
19701513
19701511
19701508
19701505
19694507
19694015
19689355
19688706
19667821
19659714
19656036
19656033
19656031
19656025
19656019
19654968
19654254
19654253
19652040
19651361
19651358
19651351
19651344
19651342
19651334
19651333
19649424
19643226
19643224
19643221
19639064
19639061
19639060
19639059
19639057
19633491
19631855
19631853
19631844
19627844
19627525
19627518
19627359
19627358
19627353
19627349
19627348
19615666
19615651
19615650
19615649
19615648
19615647
19615646
19615645
19615590
19615588
19615587
19615582
19614788
19614739
19614738
19614737
19614719
19610109
19604320
19604282
19604280
19588530
19587002
19586997
19578371
19573968
19573135
19572898
19572895
19572888
19566541
19563519
19563239
19552711
19549155
19549152
19548958
19548957
19548935
19548932
19548929
19542879
19539950
19531967
19531106
19530158
19528801
19528154
19523620
19522006
19519874
19519865
19519864
19519863
19519862
19519860
19519859
19519857
19519710
19515195
19509344
19508341
19500237
19496928
19496801
19496800
19493167
19490510
19486077
19484386
19477570
19476991
19474230
19473767
19467047
19467045
19467043
19467040
19465737
19459923
19459922
19453848
19450697
19443096
19442488
19439426
19435956
19432760
19432756
19431194
19429910
19428185
19427854
19427691
19425091
19406550
19401354
19395370
19394197
19386817
19371944
19365616
19350619
19344946
19336628
19336626
19319540
19300355
19300354
19289539
19285451
19283826
19264424
19235793
19206154
19201631
19154534
18973539
18973522
18973520
18973515
18418724
19647519
19643040
20360889
19829937
19643004
20465900
19672333
19672332
19584252
19629085
19830044
19446816
19582294
19830085
19615094
19531583
19226602
19205028
19165875
19132735
19132733
19101956
19101614
19097166
19097165
19090561
19090534
19561293
19556539
19593442
19590551
19574992
19578120
19056406
19588443
19588400
19588377
19588347
19587293
19564603
19496551
19409914
27408255
24003333
24003329
24003328
24003327
23960466
23960465
23960462
23960460
23285367
23285365
23230494
23230492
23230488
21887010
21887005
21887003
21483307
21165260
20543920
20543919
20543918
20467609
20449224
20329417
20191851
20187552
20187550
20162991
20162990
20162989
20162988
20144343
20140289
20073427
20071878
20039543
20023755
19957581
19949528
19918305
19903631
19903630
19903623
19903622
19903621
19903617
19903610
19902778
19893973
19893972
19893971
19893968
19893965
19893964
19893963
19893958
19885401
19884730
19884722
19884718
19884717
19884714
19884709
19884706
19860288
19860287
19848307
19841551
19841550
19841548
19841547
19841544
19827662
19822099
19785345
19785339
19774870
19774869
19774868
19764589
19764587
19756201
19756199
19756197
19756196
19756194
19756191
19756190
19753799
19743667
19743664
19743663
19743662
19739500
19736542
19736541
19725750
19725242
19725240
19725237
19725236
19725234
19725233
19725232
19725231
19725230
19723433
19722446
19722445
19722444
19722441
19722440
19722435
19721278
19718974
19718973
19718972
19718970
19715013
19715011
19697645
19684368
19684363
19678579
19678573
19678457
19678455
19678452
19678451
19678450
19678449
19678448
19678443
19678441
19678440
19673233
19670942
19668995
19668994
19668993
19668989
19668986
19655652
19655649
19653433
19653405
19653404
19649577
19649576
19644187
19644185
19642775
19642773
19642767
19641152
19641149
19641147
19641146
19639451
19639106
19639077
19639076
19639069
19634218
19633640
19630286
19629171
19627655
19626235
19626234
19626231
19626230
19626229
19626227
19626222
19602614
19584314
19582258
19582257
19582256
19582253
19581542
19577197
19577158
19577157
19577152
19577151
19577147
19577140
19577136
19577132
19576158
19576146
19575061
19575059
19575057
19575056
19575054
19575052
19575051
19575049
19575048
19574676
19573690
19573687
19573062
19573044
19573041
19572247
19567335
19567334
19567332
19567327
19567326
19567324
19567323
19567322
19567321
19567317
19567316
19567315
19567314
19567311
19566985
19566982
19566981
19564765
19564747
19563301
19563297
19563292
19563288
19563285
19563284
19561395
19559398
19559391
19558477
19553853
19543698
19540446
19540445
19540443
19540442
19540441
19540438
19539237
19538332
19538329
19538328
19538327
19537877
19537874
19537869
19537865
19537864
19537863
19537856
19537855
19533793
19533637
19531419
19531407
19531091
19515169
19515060
19506514
19502294
19500985
19490376
19489930
19486466
19486377
19486375
19486270
19484797
19482334
19482123
19476971
19470612
19468922
19467056
19467055
19467054
19467052
19467050
19467048
19467041
19464208
19464207
19463988
19460640
19453870
19451007
19447823
19447253
19443883
19432628
19432625
19427196
19419711
19412620
19410352
19405092
19403230
19398173
19394325
19393987
19389800
19380187
19376653
19376633
19375363
19374708
19374707
19371399
19369098
19356905
19346179
19345663
19329477
19329257
19326395
19320915
19320914
19320910
19320839
19308325
19302320
19300367
19300366
19300360
19300242
19296198
19292994
19286435
19276053
19274435
19268644
19264564
19264422
19254911
19228203
19215975
19201458
19192101
19169817
19145627
19129982
19115397
19107798
19072989
19042111
19028135
18988276
18982401
18829122
18688632
18496863
18427873
18373155
19830068
19557053
19324738
19830049
19543391
19386589
23674903
19739517
19727216
19534778
19400573
19528294
19527502
19344920
19235875
19219933
19206174
19205045
19156674
19156667
19137538
19127565
19127536
19694175
19516364
19557153
19557152
19505294
19652685
19492043
23139499
23120626
22717957
22717956
22717954
22505970
21326843
20865144
20687301
20303909
20140163
20069964
20069963
19953953
19953952
19743619
19740359
19725335
19725333
19722482
19722480
19691535
19663266
19662762
19662761
19655676
19650600
19650595
19650594
19649521
19649520
19649519
19645310
19645308
19645306
19637523
19637522
19637521
19637520
19637494
19637488
19637482
19637481
19637480
19637479
19637478
19637475
19637474
19637466
19627677
19627676
19627674
19627672
19627669
19626745
19626744
19626742
19626738
19626737
19618779
19603588
19603587
19603586
19597308
19591330
19587891
19587890
19587889
19587888
19587887
19587883
19587881
19587164
19587161
19587159
19587157
19585883
19585854
19583764
19583763
19583760
19583754
19583751
19583750
19583582
19583581
19583580
19583579
19583578
19583577
19583576
19583573
19583572
19583570
19583504
19579756
19569955
19566375
19566374
19566373
19554912
19554664
19552883
19552877
19552876
19550102
19550101
19550100
19550097
19550090
19550087
19550085
19550084
19550042
19537473
19537469
19537468
19532113
19530316
19530315
19527870
19527869
19524840
19524839
19524835
19524832
19524821
19517980
19517978
19516234
19515033
19514263
19514262
19514261
19509533
19509529
19508272
19508270
19508269
19508268
19508249
19491851
19491347
19491166
19491164
19491160
19490137
19490136
19490135
19487899
19487740
19487350
19486454
19485830
19485824
19485820
19484132
19482196
19482195
19482193
19482190
19482188
19482187
19482185
19482182
19482177
19482176
19482175
19480024
19478709
19478707
19473155
19473151
19473150
19467847
19467401
19465800
19464650
19464648
19464646
19464639
19464637
19463668
19463666
19463665
19463662
19462458
19460001
19459999
19458545
19458288
19455164
19447469
19446219
19446218
19446209
19433282
19430775
19429790
19427269
19424285
19422437
19422436
19422434
19419743
19416005
19415988
19411073
19409587
19406615
19406393
19397592
19394129
19386522
19383088
19375505
19375149
19368518
19367586
19362703
19359083
19346052
19339099
19339043
19338977
19329223
19328706
19321198
19307245
19305964
19302576
19302575
19302574
19302573
19302389
19302238
19302206
19302205
19302204
19302203
19302202
19302201
19300370
19298576
19298575
19298574
19286384
19277060
19269906
19269731
19260990
19243683
19239484
19239482
19237235
19237189
19234344
19228267
19210551
19210337
19210309
19203786
19201625
19193707
19191823
19185911
19178595
19167052
19150723
19150125
19147214
19141542
19138525
19119051
19109086
19088059
19073952
19054703
19051256
19025406
18979113
18925418
18853203
18850117
18766388
18716800
18704524
18696128
18688676
18671893
18665398
18657153
18657152
18565164
18384399
18274888
20596431
19345363
19345358
28876767
19443306
19461641
21523213
19492084
19829816
19587799
19260011
19259952
19420645
19435501
19434169
19424399
19336696
19365079
25206113
25206112
25206110
25206109
25206106
21466999
20799172
20407657
20141655
20120452
19938252
19938251
19819817
19819815
19819812
19819809
19815997
19815996
19738644
19708438
19708437
19675937
19662731
19662728
19662727
19662724
19642490
19642403
19642402
19634467
19634465
19634463
19634459
19619433
19619430
19619424
19619423
19594076
19588843
19588837
19587874
19587873
19582247
19582242
19582240
19582238
19575994
19575981
19575980
19566654
19566303
19558905
19556648
19556635
19556633
19552231
19552228
19552226
19548415
19548413
19548410
19548409
19548408
19548407
19548405
19548404
19544826
19544824
19544822
19544821
19544820
19544818
19544817
19544815
19544814
19544813
19543414
19538280
19525893
19522974
19518034
19518033
19518031
19507418
19493887
19493884
19493883
19492172
19485522
19484414
19484413
19480524
19480033
19469857
19469852
19469395
19466262
19466259
19466258
19466257
19466255
19466253
19466251
19466249
19466247
19466244
19466243
19466241
19461348
19449291
19443017
19442631
19441740
19438761
19438313
19436253
19436251
19434767
19432743
19432742
19430631
19430629
19430626
19430622
19430621
19430620
19427671
19426923
19426913
19426912
19426911
19426910
19426908
19426901
19425000
19423676
19419457
19419456
19419455
19419454
19419453
19419451
19419450
19419449
19419448
19419447
19419446
19419444
19416093
19416015
19413547
19413395
19413393
19413392
19413390
19413387
19413385
19413381
19413377
19413376
19411530
19410097
19410096
19410092
19410091
19410083
19410081
19410079
19410077
19410075
19410074
19410073
19410072
19410071
19410069
19410068
19410066
19409351
19409350
19409348
19409346
19409343
19409340
19409326
19409158
19405840
19405837
19405836
19405831
19405829
19405828
19405827
19405825
19399983
19399668
19395812
19395806
19394999
19390458
19388178
19388151
19386056
19385999
19383003
19382299
19382242
19375568
19375016
19375008
19372337
19369891
19368627
19356174
19356173
19352346
19349374
19348940
19348725
19348710
19341953
19329989
19303258
19298505
19298381
19297523
19297016
19281503
19277598
19272811
19268913
19268652
19261792
19261487
19260070
19251244
19250731
19246027
19237234
19233534
19231059
19228277
19225803
19221800
19220531
19218906
19218904
19217943
19207877
19207737
19207735
19203820
19201516
19201219
19201217
19199824
19188013
19187252
19187140
19150574
19147216
19136319
19107814
19101716
19059013
19016928
19015893
18673019
18654826
18504640
18472172
18446430
19430566
19203607
19829820
19396208
19396207
19386093
19383133
19333487
19543545
19373307
23674900
19370603
19370602
19369543
19233155
19193385
19156913
19332795
19330014
19141424
19232318
27408221
27408215
23940489
23940487
23940486
23940485
23285358
23230484
21628229
21528030
21528028
21528027
21528025
21495370
21495369
20617071
20617070
20617069
20617068
20617066
20467617
20198821
20162985
20108535
19837996
19809938
19772104
19736509
19736508
19736505
19736504
19736503
19736501
19736500
19684958
19684952
19684951
19684943
19655647
19655644
19655643
19627816
19626977
19626975
19626972
19626971
19626970
19626969
19585913
19585911
19578597
19562902
19553732
19553731
19553730
19553727
19553722
19553720
19553719
19553715
19553714
19553711
19548495
19548490
19544966
19537480
19527367
19518194
19505379
19499885
19499776
19492716
19492713
19492712
19492709
19489289
19489286
19489156
19480107
19480105
19476103
19476099
19476094
19476093
19476091
19476090
19476089
19476087
19476086
19476083
19476082
19472880
19472879
19472876
19472870
19472550
19470232
19467523
19455920
19455918
19455848
19455847
19452676
19452675
19452674
19450227
19438107
19438076
19438073
19431957
19426182
19426181
19426179
19426177
19422427
19422426
19422425
19421396
19421395
19421390
19418768
19417993
19417991
19417989
19417878
19417872
19417869
19417867
19417866
19409835
19408483
19408481
19408479
19408478
19407162
19407161
19407156
19407155
19407153
19407152
19407150
19397070
19392963
19388433
19388429
19388428
19380363
19379665
19369923
19369921
19369920
19366523
19362263
19362261
19361739
19361737
19361735
19361734
19361731
19361730
19361729
19361727
19361726
19361723
19361722
19361721
19356322
19356320
19356318
19350689
19350070
19349656
19347946
19347204
19346736
19345811
19345810
19345808
19345807
19345805
19345802
19345801
19345797
19345794
19345793
19345792
19344278
19340123
19339535
19339533
19339530
19339525
19337286
19335509
19335083
19335077
19335074
19335073
19334295
19328280
19328278
19328277
19327799
19327633
19327630
19320732
19320728
19320724
19320723
19320721
19320719
19320718
19320717
19320048
19320013
19318422
19318073
19304760
19304046
19304044
19304038
19304033
19303624
19303117
19298293
19298292
19292864
19291155
19290907
19290906
19290905
19290904
19290903
19290902
19290901
19290900
19290898
19290897
19290896
19290894
19290893
19290892
19290890
19290889
19290888
19289009
19287390
19284897
19278832
19274500
19272779
19269789
19269400
19261077
19250295
19250294
19243570
19239644
19239641
19239634
19238109
19236595
19226618
19220719
19220716
19220663
19220520
19220517
19220514
19220513
19220512
19220511
19217611
19211138
19210611
19210610
19210609
19210344
19201628
19201622
19201226
19201223
19201220
19201218
19201216
19201057
19200944
19196948
19193387
19192105
19191827
19191824
19191822
19190888
19190002
19185966
19181818
19176866
19175661
19175659
19170211
19167075
19165177
19162383
19159670
19157673
19157671
19155116
19143946
19141052
19135289
19131174
19124839
19121963
19121961
19121957
19101026
19089472
19084518
19083083
19073953
19062088
19060250
19054315
19054314
19054312
19054311
19054310
19051258
19043738
19043736
19041127
19029402
19028672
19028107
19013571
18997073
18973532
18973523
18951812
18929437
18842117
18826755
18801482
18782331
18760953
18675575
18636082
18624943
18482366
19332693
19382340
19329960
19351600
19341604
19321787
19308017
19129109
19444342
19444341
19251658
19236004
19287429
19201557
19226103
21935289
19444339
18055035
23139480
23139477
23139467
23139464
21466998
20690498
20303900
20303899
20033617
20033616
19927688
19824370
19786944
19721998
19711838
19711835
19702100
19702099
19583165
19576023
19576021
19576020
19568854
19563080
19554985
19552367
19552366
19552365
19552364
19542754
19517858
19517857
19517856
19496404
19496403
19496401
19496393
19492652
19492649
19492647
19492643
19488511
19480323
19476041
19472558
19472556
19455977
19455935
19455934
19455933
19455931
19455930
19455929
19455928
19455927
19432087
19418879
19418869
19418863
19418859
19418857
19418856
19418680
19417888
19417881
19417880
19408790
19408619
19408617
19405739
19402575
19402567
19402195
19401069
19401068
19401067
19398881
19397642
19397633
19397632
19391482
19391480
19391330
19388393
19388392
19388391
19388389
19385443
19385439
19385438
19385437
19385436
19385435
19385434
19385349
19382538
19378927
19378621
19378619
19378617
19378615
19366037
19364244
19364240
19364239
19363980
19363976
19363975
19363974
19363973
19363970
19363969
19363967
19359717
19357616
19357615
19357612
19350813
19346864
19346710
19345849
19337793
19335535
19331262
19329464
19329463
19329462
19329459
19329455
19329454
19329453
19326489
19325213
19325210
19325207
19325206
19325205
19325204
19325200
19323324
19323021
19323020
19322532
19319381
19319044
19305256
19305247
19305246
19304530
19301527
19301526
19293042
19291754
19291753
19289730
19284984
19284510
19284505
19283324
19279975
19279974
19279970
19279969
19279968
19279967
19278058
19276820
19276813
19274401
19274392
19274390
19272076
19269619
19269616
19269542
19268839
19268837
19268836
19268834
19268833
19268830
19268829
19268828
19268826
19268824
19268823
19268821
19267966
19267963
19261049
19258687
19255778
19255679
19255185
19255178
19255177
19254137
19254132
19254131
19254128
19254125
19254064
19254062
19254058
19254051
19254050
19253123
19250396
19250393
19249607
19249603
19249601
19249600
19249594
19249593
19249592
19249591
19249590
19249589
19249076
19245551
19242396
19242392
19237130
19237123
19236537
19236535
19236531
19236530
19235731
19232974
19232961
19231788
19231784
19231781
19231776
19231772
19231573
19231570
19231569
19231565
19228218
19228215
19228214
19228212
19228211
19228210
19228209
19228208
19228207
19228135
19228134
19228130
19228129
19228125
19225090
19217956
19217016
19217010
19216613
19216606
19216604
19216597
19216595
19216591
19216590
19216587
19211681
19207736
19207487
19207287
19196382
19193101
19187460
19187451
19187299
19184758
19183824
19170059
19168376
19168374
19167741
19160401
19157921
19157920
19135186
19131153
19124186
19124185
19124184
19124183
19117551
19114047
19111616
19107822
19100612
19078994
19077156
19067730
19059364
19058781
19057888
19054290
19051313
19046622
19038475
19027245
19023604
19013482
18996725
18996033
18976267
18974399
18840541
18835533
18832541
18829096
18817967
18775647
18773466
18691792
18663488
18663460
18637149
18637045
18594879
18536944
18516634
18510564
18386082
18384400
18371171
18329739
18298586
18274815
19459501
19247314
19251632
19244508
19004755
19232125
19135323
19230206
21935290
21935288
19221580
19221568
19221567
19221565
19221560
19221294
19188607
21709804
19201894
19218946
19148189
28085615
19215146
19193239
19192268
27504210
27504209
21299181
20548858
19680884
19622877
19622874
19563045
19563044
19563038
19563037
19543652
19522897
19515023
19489527
19489526
19441525
19418899
19418736
19418735
19410235
19410233
19408689
19402311
19402309
19358475
19347152
19343930
19343928
19343924
19343923
19331239
19323407
19323400
19323399
19323397
19323396
19323394
19323387
19323386
19323307
19317202
19317201
19301521
19290437
19290436
19290432
19290426
19290425
19290423
19290420
19290419
19281512
19281511
19281510
19281123
19281113
19281111
19281109
19281107
19281106
19281105
19280908
19280905
19280888
19278991
19278986
19278984
19278983
19278979
19276468
19275084
19275078
19254301
19254300
19247445
19244878
19239745
19239740
19219757
19219250
19215313
19215312
19215309
19215308
19212239
19208029
19208025
19208024
19208023
19208020
19208019
19208018
19208016
19208014
19208011
19208010
19208009
19208008
19208007
19208006
19208003
19208001
19208000
19207893
19207890
19207886
19207884
19207883
19204657
19201333
19201332
19201330
19201328
19201327
19201326
19201325
19201324
19201323
19201322
19201317
19201312
19200525
19196317
19196316
19196314
19196294
19196104
19191895
19191798
19191792
19186966
19186965
19186962
19186961
19186960
19186959
19183503
19182974
19182972
19182162
19180004
19179952
19179949
19178619
19176651
19169592
19169572
19169447
19169444
19169442
19167889
19167536
19167533
19166793
19166792
19166788
19166786
19166781
19166780
19166773
19166770
19166768
19166767
19166766
19166765
19166764
19166763
19164413
19158810
19154270
19148556
19145658
19141669
19138640
19138616
19138608
19138598
19138595
19138356
19135335
19135000
19134045
19134042
19134040
19134039
19134038
19134037
19128942
19121976
19121066
19121064
19121062
19118867
19115084
19091595
19091452
19088064
19085832
19084380
19084316
19082853
19081585
19077152
19073960
19073959
19073957
19073954
19071038
19071035
19058225
19054810
19054307
19054305
19054303
19054302
19051251
19051250
19051129
19046336
19046333
19046330
19032495
19029300
19028671
19028004
19027989
19019420
19000637
18996635
18996587
18990441
18986772
18985768
18977663
18976743
18976275
18976261
18976258
18973543
18973537
18951727
18951647
18948273
18930302
18926733
18854597
18845257
18837430
18835802
18834691
18823787
18823019
18815885
18782333
18773469
18769927
18755614
18721195
18711731
18683894
18673417
18649987
18629740
18620629
18602316
18546197
18523793
18335432
18314895
17888682
20614625
19117707
19165263
19165261
19148188
19161595
19160225
19158290
19138432
19114651
19138389
19134218
19132029
19057561
19128518
19128568
19056084
19121209
25206103
25206102
25206099
25206098
25206096
23864875
23864872
23864871
23230478
23230477
23230473
23230472
22820753
22467976
22460284
22443638
22303512
22228979
21998493
21966588
21886999
21886998
21886994
21886990
21853003
21731582
21687164
21686698
21564562
21499662
21499653
21495325
21495323
21466996
21274303
21138662
20830984
20823995
20698181
20698179
20698178
20698173
20648765
20545096
20545095
20545093
20545090
20514192
20513981
20481107
20467602
20426205
20379438
20379437
20379436
20376245
20376244
20376243
20376242
20376240
20376235
20375569
20349617
20349616
20349615
20349614
20349613
20349597
20349595
20344885
20344884
20339578
20339570
20339569
20339568
20339467
20339466
20339459
20339457
20339450
20339446
20309409
20309408
20302222
20302221
20302220
20302216
20302215
20302214
20302213
20301907
20301903
20301885
20297711
20297710
20297709
20297708
20297707
20297705
20297704
20297703
20297701
20297699
20225028
20225027
20225026
20225023
20224201
20218118
20216912
20196476
20192021
20192019
20192017
20183939
20179399
20179395
20168032
20162930
20162872
20162871
20131749
20131680
20131679
20131676
20131594
20128321
20128320
20128319
20128318
20128316
20126913
20126911
20126907
20126904
20126903
20126902
20120091
20112640
20112637
20111762
20111761
20111759
20111758
20111757
20108871
20108495
20108492
20101342
20092204
20092200
20081772
20081771
20072754
20072753
20072752
20072750
20072745
20069254
20069253
20069252
20069251
20069250
20069249
20067166
20066886
20063666
20059884
20051721
20037540
20037533
20037532
20037530
20034921
20030440
20023616
20023615
20023614
20023613
20023612
20023610
20020591
20020589
20017648
20016180
20016179
20016176
20011755
20011749
20009383
20007123
20002931
20002927
20002926
20002925
20002923
20002922
19996675
19994563
19994559
19994548
19994547
19994546
19966914
19964997
19964934
19963664
19954130
19940476
19922357
19922348
19921126
19907175
19902638
19885446
19885433
19882818
19882817
19864906
19860085
19859584
19856208
19853250
19852207
19839492
19839490
19839488
19839483
19838560
19838558
19838557
19838556
19838554
19834309
19831167
19831166
19831165
19831164
19830275
19828995
19828994
19828993
19828992
19828991
19828989
19828988
19828987
19828986
19828985
19828983
19828982
19828981
19828980
19828979
19828977
19828976
19828975
19828974
19828973
19828970
19828968
19828967
19828965
19828963
19828962
19826499
19824333
19820741
19820740
19820739
19820737
19820736
19820735
19820733
19816003
19813428
19813425
19811440
19797922
19796303
19796301
19796300
19796299
19796298
19796297
19796294
19787467
19785848
19785809
19785249
19784475
19784474
19784473
19784460
19780438
19780436
19780434
19780433
19780432
19780429
19780427
19777862
19776572
19776571
19773627
19769473
19765321
19756258
19753526
19738950
19738948
19738945
19738583
19738580
19738578
19738572
19738571
19728580
19728579
19721982
19718987
19715151
19715149
19711815
19711812
19711612
19711611
19711608
19711607
19711606
19710081
19707900
19707010
19702075
19701819
19701818
19696898
19694191
19694190
19694189
19692948
19690771
19690764
19689722
19689720
19689717
19681352
19681349
19681348
19663176
19663173
19659443
19657941
19652444
19648746
19648745
19638685
19635419
19627805
19601497
19601496
19601495
19601494
19601491
19591340
19591338
19591337
19591335
19583045
19583044
19583041
19583038
19581720
19581717
19581712
19581711
19579526
19579523
19579141
19579137
19568868
19565368
19561581
19561580
19561579
19561577
19561571
19544203
19539872
19538697
19526864
19523739
19523738
19522316
19522313
19508262
19508256
19506748
19506742
19501446
19494686
19494685
19494684
19494681
19494680
19494675
19494674
19494673
19494490
19493605
19491786
19491777
19489259
19489189
19488477
19488473
19488468
19488467
19483455
19479509
19469441
19466555
19466238
19466235
19466228
19460209
19459580
19456056
19452332
19452331
19449608
19441315
19439951
19439950
19439945
19436946
19434320
19428004
19423967
19423962
19423209
19414980
19414976
19414972
19413270
19413269
19413268
19408843
19408821
19408817
19408816
19408813
19408811
19400062
19400060
19400059
19398056
19396715
19391050
19390190
19382670
19381883
19377202
19377200
19377129
19370965
19370959
19368601
19368599
19368595
19368134
19367547
19367474
19366270
19365352
19365350
19365346
19365120
19349720
19344040
19344039
19344029
19341587
19341586
19341583
19341577
19341576
19341573
19341217
19340299
19336878
19336873
19336871
19336869
19336862
19336860
19336856
19336851
19330621
19323338
19323332
19322228
19322227
19322221
19322219
19322217
19321992
19321991
19321990
19321989
19321988
19321987
19321986
19321985
19320263
19320259
19320257
19318070
19306597
19306247
19301159
19296049
19294830
19288883
19281762
19280977
19280832
19280830
19280827
19279380
19274074
19267899
19266065
19265274
19263626
19263625
19262736
19262735
19262734
19262728
19262726
19260435
19260434
19260433
19260432
19260431
19260430
19260425
19260238
19258218
19254527
19254525
19254523
19254522
19253064
19247853
19246836
19243899
19242828
19241797
19234437
19228102
19228101
19228100
19228087
19227893
19227802
19221651
19215749
19215747
19215745
19214373
19213383
19213367
19213357
19210721
19209223
19207461
19207460
19207457
19207455
19207451
19207369
19204426
19204390
19202780
19202306
19199352
19198786
19197566
19197388
19197133
19195269
19194674
19194673
19194487
19192847
19192845
19192844
19192843
19192842
19192841
19192840
19192839
19192838
19192836
19192835
19192831
19192056
19184299
19184296
19184294
19184293
19180285
19177503
19174994
19169913
19166548
19166547
19166480
19164999
19164992
19161674
19161547
19159025
19159023
19159021
19159020
19159019
19155625
19153315
19151871
19151554
19148410
19148409
19148406
19148401
19148399
19146144
19146139
19143016
19142553
19142261
19142260
19142259
19142258
19142257
19142256
19142255
19142254
19142253
19142252
19142250
19136830
19136829
19136433
19131829
19131322
19131320
19131312
19131311
19126110
19126106
19126105
19125982
19125980
19125979
19125978
19125977
19125889
19124339
19123717
19123716
19123715
19123714
19123713
19123712
19123704
19123702
19123701
19123698
19123696
19123695
19123694
19123693
19123692
19122270
19121511
19121509
19121508
19121498
19121497
19121496
19121495
19121493
19121487
19121194
19120818
19120507
19120506
19120505
19119177
19119174
19119167
19119165
19117468
19115802
19115788
19114956
19114948
19114426
19112145
19109129
19105992
19105990
19105986
19101496
19101495
19101489
19101118
19100674
19091715
19085213
19085189
19084141
19084136
19084130
19084129
19084126
19084122
19084116
19084115
19072236
19070768
19070766
19070759
19070749
19070747
19070743
19070742
19067775
19067027
19066427
19061841
19060491
19060488
19060487
19054656
19054317
19053846
19048404
19046327
19046326
19046325
19039686
19037822
19036806
19035771
19034718
19031159
19027214
19025501
19020069
19017665
19017036
19017035
19013703
19013000
19006469
19005246
18992021
18986683
18986680
18976272
18976262
18976252
18957835
18951121
18949632
18948230
18945422
18941816
18940197
18923970
18854600
18829177
18828986
18819740
18811596
18811594
18798782
18798781
18798780
18797159
18790819
18790474
18778297
18774125
18771513
18761641
18755615
18728357
18728352
18728348
18714142
18706878
18703870
18701815
18701811
18701809
18701806
18698129
18698127
18662257
18662254
18662253
18662252
18656395
18614225
18603289
18602686
18587234
18547693
18538912
18487003
18298542
18296056
18087764
18084810
18080149
18074164
18038180
