28524631
28524307
24924207
22291246
18750857
18267680
16104087
12285733
11618415
10895739
10895734
10149982
10128693
8529150
1741447
1740555
1740554
1740553
1740551
1738832
1738830
1738827
1736672
1733853
1733621
1732311
1732308
1731488
1730746
1730067
1729894
1729887
1639585
1637261
1637260
1631525
1631522
1631274
1631272
1631268
1631267
1631265
1628551
1628487
1628294
1628293
1628292
1628290
1628289
1626271
1626267
1626257
1626188
1626186
1625377
1625044
1624626
1623069
1617082
1615553
1611973
1611972
1611971
1610311
1610309
1610307
1610306
1606870
1605732
1603573
1603554
1603552
1603549
1603548
1600839
1598819
1598557
1598554
1598547
1598544
1598543
1596210
1595446
1594532
1593495
1589898
1583559
1583558
1581113
1577335
1573962
1572940
1572939
1571471
1570121
1570120
1568239
1568235
1565994
1564697
1564696
1564694
1564693
1557067
1555518
1552545
1552540
1552536
1552458
1550893
1548616
1548613
1548612
1548610
1548603
1548602
1548599
1547180
1546161
1545200
1545198
1544039
1541899
1540489
1539418
1537946
1537942
1537940
1537222
1536756
1535311
1534633
1533870
1533175
1531661
1531511
1531509
1531506
1530843
1529318
1528020
1526712
1526709
1525367
1525366
1525215
1524687
1524684
1524683
1523961
1521682
1521681
1521677
1521309
1521308
1521305
1520442
1516468
1514369
1512127
1508917
1508916
1508915
1508914
1508913
1508910
1508908
1508907
1508906
1508905
1508904
1508900
1508899
1508898
1508896
1508894
1508891
1508889
1508888
1508887
1508884
1508881
1508880
1508875
1508872
1508871
1508870
1508869
1508867
1508866
1502113
1502112
1499390
1499240
1499238
1499236
1498054
1498053
1498051
1498048
1498045
1498043
1496461
1496460
1496348
1492308
1492306
1489349
1488454
1488022
1485323
1483537
1481131
1481128
1481126
1480792
1480789
1480060
1478561
1477424
1476885
1475670
1470629
1470628
1470554
1470551
1470548
1470541
1468787
1468107
1468106
1468105
1468097
1468096
1468095
1468094
1463315
1463312
1456476
1456473
1456104
1455356
1455327
1455202
1453865
1453039
1453038
1451712
1450304
1449617
1444898
1441884
1440692
1440681
1439696
1439694
1437685
1437680
1437226
1434108
1434094
1431430
1431394
1428612
1428610
1426112
1423449
1423448
1423447
1423442
1423438
1420660
1420659
1419874
1419220
1419217
1414207
1410931
1410703
1410702
1410700
1410699
1410698
1408439
1405998
1405997
1402564
1402563
1402562
1402560
1402559
1402557
1399051
1399049
1394905
1389246
1387227
1387226
1380716
1380714
1380713
1378778
1376987
1373126
1372960
1370082
1364513
1363961
1362507
1359177
1358446
1354871
1351836
1350451
1350136
1345545
1344276
1344275
1344274
1343996
1343953
1343952
1343950
1343343
1343341
1343012
1343011
1343008
1343007
1342856
1341835
1341749
1340674
1339125
1339072
1335151
1333734
1325873
1324502
1324501
1324500
1323322
1321490
1321001
1320577
1318535
1314241
1313101
1311006
1311005
1310664
1310660
1310651
1308358
1308344
1308338
1306994
1306679
1306677
1306676
1306675
1306673
1306672
1305989
1305986
1305984
1305156
1305155
1305153
1304816
1304813
1304811
1303119
1303113
1302650
1302646
1300136
1300134
1300133
1300132
1300129
1298966
1298965
1298964
1298963
1298961
1298822
1298785
1298736
1298328
1298326
1298325
1298324
1298322
1298320
1298319
1298316
1298315
1295593
1295588
1295336
1294307
1294305
1294302
1294301
1294300
1292620
1291607
1291358
1290917
1290913
1290351
1289560
1289544
1289538
1288650
1283272
1279840
1758499
1776646
1768523
1768513
1814554
15336082
1962606
1962604
1962603
1962602
1955922
1841905
1840796
1839934
1837258
1822567
1822337
1820861
1820860
1820858
1820856
1820840
1820839
1820816
1820815
1820812
1820810
1820556
1820423
1820421
1819287
1819286
1819285
1819281
1819127
1819101
1819069
1818604
1818603
1818602
1818601
1818449
1818445
1818444
1817902
1817898
1817891
1817383
1817380
1817145
1817075
1817070
1815634
1815632
1815631
1815130
1815129
1814354
1814349
1814348
1813917
1813910
1813909
1813481
1812970
1812967
1812455
1812452
1809295
1807479
1807426
1806653
1805782
1805033
1805028
1805025
1805023
1805021
1805019
1803063
1801864
1800386
1800383
1800098
1799085
1795414
1795138
1795137
1795088
1793666
1791169
1791168
1791167
1791166
1790482
1790479
1785972
1785970
1785968
1785966
1783730
1783377
1778527
1778523
1777610
1776405
1776401
1776400
1776148
1774384
1774383
1774381
1774380
1774377
1773836
1765938
1765935
1764900
1764898
1764896
1763286
1763281
1762040
1760778
1760777
1757553
1746552
1726472
1726432
1725680
1724715
1722511
1721895
1721670
1668739
1660421
1659621
1742106
1957295
1951597
1817328
1742120
1742119
1742117
2041972
1960260
1960256
1960255
1960253
1960252
1960249
1955457
1951197
1951194
1951192
1949087
1949082
1843992
1843990
1843987
1840310
1838379
1837052
1820547
1820546
1820366
1820365
1820364
1820363
1820245
1820240
1819451
1819123
1818753
1817977
1817885
1817882
1817880
1817874
1817873
1817529
1817528
1817522
1816906
1816543
1815809
1815808
1815557
1815193
1813202
1812509
1812508
1812506
1812271
1812206
1812203
1811046
1810800
1809873
1808010
1808006
1805015
1805007
1805006
1804997
1804995
1804992
1803668
1803664
1803658
1803656
1803652
1801349
1800542
1796658
1783703
1783699
1783697
1783694
1782575
1782194
1782192
1782190
1781203
1779950
1779160
1778038
1773834
1772260
1769244
1768582
1768361
1766027
1762029
1762028
1762023
1753324
1753319
1753318
1753003
1747975
1747524
1745523
1745520
1745519
1745518
1745508
1745505
1745281
1726565
1725990
1719123
1683644
1683643
1670009
1668196
1666806
1662267
1661333
1661305
1661304
1659932
1369526
1773823
1804270
1818454
1802350
18600805
1910983
1910982
29304610
19283160
10115174
8597618
1960785
1960241
1960236
1960234
1960233
1960232
1941777
1941775
1941773
1941771
1941770
1939835
1939834
1939832
1939824
1937846
1936408
1936407
1931730
1928825
1928419
1927989
1927985
1927981
1923450
1923448
1923447
1923445
1916021
1894349
1886748
1886743
1886741
1886739
1844051
1844050
1844045
1844029
1843795
1843794
1843793
1843792
1843791
1840806
1840230
1839985
1839631
1836723
1824431
1824428
1820831
1820769
1820545
1820539
1819881
1819879
1819801
1819657
1819049
1817863
1817855
1817853
1816719
1816334
1815743
1815741
1815739
1815665
1815156
1814770
1813403
1813401
1813398
1813396
1813395
1813049
1813047
1813046
1813045
1812198
1812197
1812196
1812195
1812194
1812193
1812192
1812191
1812190
1812126
1811071
1810795
1810793
1810718
1810717
1810716
1810715
1810714
1810713
1810712
1810337
1810334
1810333
1810332
1810331
1810329
1810328
1807460
1807459
1807455
1806598
1806597
1806591
1803850
1803221
1802875
1801059
1794650
1791572
1791569
1791567
1791559
1791555
1791549
1786445
1780102
1774170
1770420
1765336
1765203
1761876
1760219
1757022
1757014
1755755
1755754
1754837
1754836
1754835
1752974
1748187
1748184
1745871
1744349
1744347
1742998
1742997
1742995
1742994
1742993
1742992
1742989
1742986
1742985
1742984
1725872
1725871
1725290
1717321
1687388
1687387
1687260
1686465
1683847
1682173
1682172
1681488
1667641
1667525
1667263
1659191
1656357
1656356
1778276
1760747
1962391
1910970
1832915
1824368
1925461
27682780
1931296
1931293
1888724
28184133
10145492
1960660
1958069
1958067
1956064
1955837
1955807
1953935
1952684
1949095
1949094
1949093
1947649
1947064
1946949
1946947
1946945
1946944
1946943
1941498
1939810
1939809
1939803
1939801
1939044
1936354
1933627
1933560
1933559
1933557
1933556
1933554
1933553
1933550
1933549
1930497
1929504
1924917
1923426
1923414
1923410
1918760
1918674
1918671
1918667
1918576
1913304
1910059
1894824
1885820
1877551
1877430
1840005
1839722
1837442
1832454
1824513
1822060
1820829
1820828
1820827
1820683
1820680
1819631
1819320
1819081
1818399
1817948
1817942
1817941
1817937
1817563
1817562
1817395
1817393
1816973
1816607
1816347
1815803
1815802
1815801
1815717
1815716
1815715
1815714
1815713
1815629
1815628
1815625
1815202
1815201
1815200
1814522
1813873
1813870
1813430
1813429
1813427
1813426
1813044
1813043
1813042
1811642
1811044
1811040
1811037
1811036
1810783
1810782
1809956
1808716
1808711
1808709
1800740
1800733
1800731
1800730
1800729
1800728
1800724
1800720
1800695
1800694
1800690
1800689
1799010
1799005
1798999
1798985
1798535
1795058
1795057
1795056
1795053
1792823
1788967
1785050
1785049
1777748
1776988
1766422
1764995
1759724
1758424
1758420
1756455
1751840
1750709
1748965
1748887
1748886
1748885
1748402
1748363
1748356
1745628
1724454
1720648
1679428
1667684
1666126
1665499
1658291
1655848
1653313
1367700
1874744
1838984
1926095
1687836
27522906
10149468
10145480
2072200
1961342
1958773
1954920
1948706
1948705
1945814
1937321
1937320
1937319
1937315
1937314
1936401
1936349
1936346
1931856
1931855
1931853
1931298
1930873
1930844
1930842
1930840
1930839
1928311
1927290
1927283
1923402
1923397
1923146
1917082
1917079
1917077
1916828
1915622
1915617
1915616
1915615
1915614
1915613
1915131
1915130
1915129
1915128
1911675
1895252
1894752
1894751
1894749
1894748
1894747
1894744
1894742
1891292
1889799
1889798
1889195
1889192
1889191
1889190
1889189
1888689
1882062
1882059
1882058
1882055
1867167
1867163
1867161
1858606
1855988
1855987
1838281
1834991
1833711
1831912
1819449
1819447
1818749
1817924
1817384
1817274
1817272
1816541
1816540
1815551
1814962
1814520
1813943
1813939
1813040
1813038
1809804
1809803
1809802
1809801
1809800
1809798
1809512
1809511
1808000
1807995
1807993
1789763
1789761
1787211
1787210
1787209
1787208
1785128
1785124
1782199
1782197
1774683
1774678
1774677
1774675
1771374
1771373
1771372
1769888
1766148
1745615
1726316
1717297
1683373
1668075
1668074
1667907
1655174
1653678
27652754
1677316
1854718
1873098
1873094
2052060
1894080
1950192
1906138
1884653
1715892
2054351
12284391
2069150
2069148
2066487
2066481
2064070
2064069
2060221
2056373
2056367
2052642
1960246
1956626
1954039
1950187
1950183
1950181
1941675
1941673
1941670
1941665
1941661
1939798
1939792
1937311
1936380
1930468
1926191
1920679
1920265
1920013
1920012
1920010
1920008
1920007
1917104
1917095
1916204
1911816
1911449
1911448
1911443
1897607
1897604
1897603
1897602
1897601
1896210
1891250
1891234
1891229
1891228
1891227
1890824
1890665
1890534
1890532
1890232
1890218
1890214
1890212
1889033
1889032
1887855
1886825
1886824
1883564
1882051
1882049
1882048
1882046
1882045
1882044
1879570
1879139
1879057
1878795
1878791
1878790
1876797
1875461
1873747
1862894
1861008
1861006
1843555
1843553
1843552
1843470
1843466
1839898
1839748
1838213
1837030
1834707
1834071
1832943
1832102
1831505
1831504
1831503
1831498
1831497
1829872
1828790
1823024
1823022
1823015
1823014
1823013
1823012
1817991
1817987
1817915
1817913
1817909
1817908
1817906
1817584
1817582
1817578
1817558
1816960
1813344
1813341
1813340
1813338
1811633
1811630
1811629
1811626
1811624
1810777
1810773
1810667
1809983
1809673
1805183
1805181
1805180
1796077
1796074
1784282
1780948
1780945
1780943
1780942
1780940
1780936
1780930
1780926
1780923
1780920
1779220
1779219
1779218
1779215
1761650
1761649
1758282
1753936
1753926
1753925
1753868
1747540
1745311
1717673
1686099
1682127
1680960
1675628
1667859
1658098
1646114
1871744
2069830
1676901
10110989
2059532
2040208
29865512
2072334
2072332
2072331
2072329
2072323
2072322
2072319
2072316
2071535
2070183
2062529
2062526
2062525
2062520
2045580
2045579
2045578
2045574
2045572
2038974
2038973
2038589
2037914
2037911
2037354
2036981
1961907
1958847
1958846
1958843
1958429
1951943
1951939
1951937
1947435
1946981
1945817
1945816
1945815
1945811
1945495
1944057
1944054
1940757
1940756
1940755
1940753
1940752
1940749
1939817
1939814
1939040
1936141
1936139
1936135
1936134
1934168
1933988
1933987
1932872
1921466
1917671
1917588
1915972
1915970
1915969
1915968
1915966
1915965
1908986
1908920
1898219
1894246
1894245
1894244
1894243
1894242
1893885
1888105
1885936
1885935
1885934
1885932
1885930
1884873
1884870
1882986
1882982
1882785
1882782
1882781
1882652
1882647
1882585
1882583
1882043
1882042
1882035
1882034
1882033
1877918
1877916
1877915
1871532
1871529
1870067
1867138
1864069
1864067
1864066
1864065
1863975
1863434
1863430
1863429
1862425
1860723
1860721
1860720
1860090
1860089
1860082
1860081
1860080
1860077
1843544
1843540
1843425
1838330
1838329
1836662
1834474
1831000
1817066
1817065
1817064
1817059
1817057
1814937
1814936
1814935
1814382
1814381
1801997
1796187
1791399
1782905
1782903
1782094
1769592
1745309
1745307
1745306
1745304
1745303
1745301
1726406
1722695
1718765
1688332
1685990
1680755
1679783
1674639
1657902
1653918
1651389
1650285
1645495
1907575
1864424
1680021
1891707
1864420
2049209
17746644
2024122
2072282
2072278
2072245
2072242
2072240
2069760
2067731
2067730
2066872
2066451
2066450
2066449
2066448
2066447
2066446
2066445
2066443
2066441
2066299
2064032
2064029
2063809
2061663
2051400
2051397
2051396
2051395
2051393
2051387
2051385
2051379
2050850
2049680
2047111
2047104
2047103
2047095
2028935
2028932
2028929
2022777
2022774
2019892
1962316
1961896
1961388
1961086
1946064
1944049
1944046
1944042
1944041
1940748
1940747
1940746
1940744
1940743
1940563
1933982
1933399
1931272
1930457
1926220
1926214
1926212
1926206
1924696
1924694
1924693
1924692
1911692
1909025
1909024
1893210
1882579
1882578
1881825
1881824
1881823
1881821
1880204
1879807
1879236
1879230
1879227
1871495
1871493
1870590
1870586
1867925
1863686
1860293
1856778
1856774
1856772
1856647
1854927
1854925
1853941
1853940
1853939
1853292
1834993
1833856
1833855
1832285
1832244
1831891
1830620
1820374
1817055
1817054
1817053
1817052
1817050
1817047
1816945
1816603
1816602
1815795
1815794
1815696
1815695
1810321
1810319
1810316
1810314
1810313
1810312
1805881
1805879
1803337
1803333
1792561
1790558
1778624
1778623
1725698
1714888
1713957
1681565
1675194
1674715
1656056
1652363
1649671
1647263
1646246
1864412
1708391
1878029
1855960
29865508
15278650
10149063
2103910
2103908
2103907
2072878
2072355
2072351
2066883
2066880
2066879
2066877
2066042
2066041
2066035
2061854
2061853
2059881
2059878
2055257
2053735
2053617
2053435
2053433
2053429
2053428
2052896
2052895
2052891
2052336
2052335
2051052
2050894
2050892
2050712
2049929
2049928
2049926
2049925
2049923
2049918
2049916
2049915
2049914
2044009
2039227
2037956
2037955
2037505
2032743
2029835
2022790
2022788
2022787
2012324
2012320
2012318
2009668
2008893
2008888
2008474
2008462
2005492
1962312
1945487
1940737
1940736
1940734
1940732
1936647
1936644
1936639
1931890
1931889
1931888
1931887
1931197
1931196
1925772
1925766
1925765
1920918
1914981
1914978
1914973
1914972
1910743
1906718
1906717
1906441
1904890
1904806
1903805
1896143
1896139
1896000
1893388
1893387
1893207
1893139
1891605
1891603
1891601
1891600
1884037
1882573
1882096
1878330
1878329
1878328
1878326
1877911
1877907
1871393
1871392
1869617
1868234
1861968
1860542
1860541
1857113
1856620
1856308
1856306
1856304
1856303
1855800
1855799
1855796
1855601
1854583
1854448
1854444
1854443
1854441
1853495
1852885
1843499
1843493
1843492
1843491
1843490
1833835
1832130
1828857
1826416
1815941
1815937
1815934
1813600
1812138
1811823
1809403
1809402
1809401
1805707
1796070
1796065
1784725
1782901
1782900
1782899
1782898
1782896
1782895
1782894
1782893
1777672
1777671
1777668
1777667
1777666
1777664
1777662
1777661
1718804
1709619
1681127
1678936
1674726
1659858
1659855
1658440
1651546
1864407
1672395
2071193
2021496
1855139
1853660
2070916
2063897
2019428
2018696
2018694
2018693
28184110
17588079
2070750
2068259
2066634
2066631
2066630
2066629
2066621
2061423
2061422
2061418
2061415
2061414
2057565
2056469
2056467
2056464
2056346
2056344
2056342
2056340
2055399
2053192
2052927
2051453
2051217
2050988
2050885
2050876
2050872
2050871
2050869
2049661
2049657
2049656
2049655
2049654
2049652
2047612
2043998
2043997
2039973
2039972
2037971
2037943
2037938
2037936
2037934
2027075
2027073
2027072
2027070
2027068
2025911
2020777
2013004
2011359
2011358
2000834
1999560
1999558
1999556
1998301
1998299
1998298
1998013
1962310
1962308
1961885
1961328
1961326
1953866
1948715
1948710
1947585
1940729
1940728
1940727
1940725
1940723
1940721
1939619
1917092
1917090
1917089
1915990
1905465
1888899
1888548
1888546
1888545
1888544
1888542
1887079
1886835
1886833
1884032
1879336
1874076
1874073
1874070
1874069
1874064
1872039
1870545
1870544
1867791
1867731
1864865
1864858
1861966
1860532
1860529
1860290
1860128
1859585
1859583
1859577
1858056
1855598
1854264
1853749
1853743
1853741
1853739
1853391
1853390
1853389
1853387
1853373
1853369
1852878
1843789
1843783
1843782
1843779
1843778
1840300
1831296
1831293
1830881
1830648
1829112
1826528
1826527
1826526
1820826
1820432
1820431
1820428
1820427
1820426
1820369
1820367
1816620
1815791
1815790
1815789
1815788
1815787
1814731
1814730
1814721
1814720
1811428
1803331
1803329
1803328
1781878
1781872
1714290
1713185
1707805
1705521
1705387
1677939
1677464
1677175
1673455
1662281
1652747
1652746
1650247
1649501
1648752
1647351
2007088
2007086
2007085
2007083
1816617
1996994
2007070
2007065
2069743
2069742
2069741
19291039
2072273
2072271
2072270
2072268
2070935
2068254
2068251
2068248
2068247
2068245
2054092
2053881
2051372
2051360
2051357
2051354
2051352
2051350
2047747
2046172
2038461
2035171
2034307
2032571
2032570
2032568
2032565
2031852
2029233
2029232
2029230
2029226
2027067
2027064
2027057
2026055
2025499
2024575
2024573
2021893
2021191
2021188
2019091
2019087
2019085
2018065
2017711
2016698
2015692
2012313
2010153
2007256
2007255
2006840
2005232
2005229
2005226
2005225
2005224
2004840
2004838
2004837
2004835
2004775
2004081
2003895
2003892
2003891
2003018
2003017
2003007
2002485
1995923
1990826
1990825
1990091
1987535
1961872
1947332
1947331
1947329
1946205
1936341
1919407
1919402
1915123
1915120
1915119
1912638
1912637
1912630
1912626
1905264
1903373
1901872
1900693
1900603
1899633
1882568
1882565
1873086
1865154
1860122
1854920
1854919
1852872
1848531
1846887
1829840
1826689
1819442
1819441
1814714
1814713
1814705
1814701
1687677
1682868
1680043
1676169
1674129
1673297
1671397
1651827
1650288
2001889
1989679
1994170
2018622
17733288
2038660
1986302
2001298
31952415
28524291
28524287
28524286
28520298
22061969
18621176
18222848
11980069
11623250
11541309
10149143
10149142
10149135
9272990
2072942
2071325
2070383
2070382
2070378
2070377
2070020
2069936
2069935
2064833
2064696
2064695
2064694
2064691
2064551
2060474
2059981
2059980
2059978
2059977
2059972
2059164
2059163
2059162
2058834
2057944
2057942
2057541
2057487
2057478
2053586
2052911
2052209
2052208
2051253
2051252
2051248
2051247
2051245
2045523
2045521
2045519
2045518
2045516
2045515
2042324
2042047
2042045
2041527
2039161
2038725
2035146
2033555
2033552
2033551
2033550
2033547
2033546
2033545
2033541
2033168
2033164
2033160
2032488
2032479
2027103
2027102
2026924
2024138
2022241
2020836
2019656
2018101
2016000
2015999
2015995
2015994
2015992
2014390
2014387
2012675
2012672
2012670
2012669
2012667
2012530
2012525
2012524
2007866
2007503
2005772
2003942
2002441
2002432
2002428
1999258
1998152
1997922
1997740
1997347
1997037
1996422
1996420
1996419
1996417
1994330
1994325
1994318
1994311
1994310
1993404
1993403
1993392
1991863
1991861
1991857
1991856
1991747
1987021
1986528
1986523
1986518
1985123
1984447
1983882
1962306
1962172
1962165
1962161
1960893
1960889
1958584
1957253
1957251
1957250
1953952
1949114
1947973
1947970
1946201
1945986
1945984
1945979
1944704
1938185
1937275
1932434
1932430
1932429
1931747
1931746
1931190
1931186
1927529
1927246
1927244
1924982
1922770
1921645
1918568
1918567
1918566
1917569
1917088
1917087
1917086
1917085
1917083
1913771
1913769
1913768
1913762
1913761
1912079
1910135
1905065
1903895
1901814
1901810
1900111
1900088
1899722
1898271
1898269
1896924
1896805
1896439
1896436
1895039
1895037
1895034
1895033
1895032
1892993
1892991
1892226
1891689
1888463
1887667
1885927
1884283
1882559
1880149
1878917
1877980
1877893
1876980
1876979
1876978
1873894
1873542
1873540
1873406
1873401
1873070
1873069
1873066
1873064
1872734
1872730
1871960
1871661
1871656
1870705
1870466
1867389
1867069
1866611
1866609
1864699
1864329
1863376
1862952
1861972
1861963
1861564
1860282
1860113
1859657
1858443
1856755
1855639
1853182
1853181
1851842
1846884
1846883
1845325
1844261
1843481
1842259
1842256
1842241
1840173
1840092
1838418
1836934
1830174
1827804
1827079
1825329
1824536
1823793
1822787
1822397
1820800
1820409
1820408
1820315
1820170
1820165
1819963
1819954
1819949
1819948
1819944
1819942
1819937
1819934
1819932
1819931
1819927
1819611
1819360
1819355
1819339
1819337
1819307
1819306
1819303
1819302
1819301
1819298
1819294
1819292
1819291
1818642
1818641
1818638
1818637
1818636
1818631
1818630
1818627
1818623
1818622
1817658
1817650
1817596
1817593
1817591
1817354
1817353
1817352
1817351
1816864
1816863
1816855
1816854
1816849
1816847
1816845
1816834
1816833
1816831
1816829
1816824
1816815
1816811
1816808
1815945
1815750
1815748
1815020
1814460
1814458
1814454
1814453
1814451
1814448
1814445
1814444
1813647
1812939
1812938
1812912
1812911
1812908
1812905
1812904
1812902
1812901
1811978
1811966
1811964
1811806
1811805
1811801
1811534
1811066
1811030
1810653
1810652
1810650
1809768
1807421
1804318
1804315
1802054
1801524
1801082
1797055
1793671
1792546
1792542
1792541
1789149
1788518
1785711
1784985
1784867
1784863
1784862
1784861
1784860
1784859
1784858
1784856
1784855
1784854
1784722
1784717
1784715
1784714
1784537
1784533
1782442
1782438
1782437
1782435
1781748
1781745
1781744
1781241
1780608
1777681
1775491
1775489
1775488
1775487
1775482
1775476
1775475
1768234
1768232
1768231
1767622
1767368
1763980
1763978
1763977
1763841
1763839
1763310
1756827
1756809
1756219
1756218
1756216
1755552
1754696
1754695
1754693
1749784
1749783
1749782
1749779
1749619
1749608
1747890
1747888
1747887
1747886
1747885
1747883
1747254
1747077
1745917
1742417
1741712
1741701
1741700
1741698
1741695
1726828
1726827
1726392
1726347
1723589
1720587
1719901
1714998
1713388
1711840
1710794
1705983
1704240
1704020
1688360
1686654
1685370
1684418
1679104
1675780
1670912
1668796
1667399
1667324
1664540
1660791
1652358
1652357
1651694
1649396
1649004
1647780
1646576
1366334
1366105
1365267
1365001
1364985
1364983
1364293
1364290
