32197560
32192245
31995901
31991999
7188229
7188214
7183212
7182733
7181378
7178065
7178062
7174781
7174777
7174775
7169841
7167777
7167776
7163270
7162837
7162296
7160916
7160785
7160452
7158810
7158802
7158787
7158470
7158282
7158028
7156156
7156133
7152227
7148553
7148552
7146089
7139106
7130355
7129251
7128068
7122570
7120348
7118258
7115135
7111374
7103102
7095038
7078142
7073221
7073194
7068317
7068053
7063892
7058259
7055747
7055739
7052031
7051324
7051271
7048396
7042870
7042869
7042864
7042495
7042372
7040152
7039583
7037907
7037865
7035093
7033513
7033512
6984279
6984218
6980411
6978540
6965266
6964935
6964749
6964733
6964443
6963885
6963882
6963880
6963870
6963782
6963781
6963780
6963773
6963770
6963769
6963766
6963765
6963635
6963469
6963103
6963007
6962983
6962981
6962749
6962745
6962668
6962667
6962581
6962360
6961916
6961909
6961907
6961905
6961904
6961902
6961901
6961897
6961896
6961504
6961503
6961501
6961392
6961327
6961231
6960695
6960694
6960693
6960676
6960665
6960662
6960661
6960656
6960634
6960633
6960588
6960578
6960501
6960500
6960499
6960241
6960095
6960086
6959078
6958223
6958171
6958169
6958168
6958167
6958164
6957061
6956642
6956264
6956258
6956255
6956254
6956251
6956250
6956079
6955990
6955985
6955160
6955152
6955147
6955041
6955034
6954832
6954830
6954828
6954230
6954172
6954171
6954132
6954121
6954002
6953951
6953948
6953946
6953944
6953938
6953936
6953935
6953019
6952831
6952828
6952825
6952651
6952597
6951529
6951527
6951525
6951314
6951313
6951305
6950682
6950676
6950645
6950642
6950641
6950557
6950533
6950527
6950258
6950212
6950209
6950075
6949969
6949961
6949926
6949925
6949757
6948949
6948947
6948945
6948903
6948621
6948116
6948111
6897319
6892169
6891381
6890943
6890052
6820758
6818874
6816016
6815318
6814349
6810857
6808655
6805450
6802731
6802465
6799637
6765306
6765184
6764935
6763467
6763298
6762655
6762648
6761885
6760839
6760688
6760165
6760156
6759280
6757921
6755421
6754484
6754384
6753597
6753168
6461105
6460857
6295678
6293679
6274799
6225317
6217538
6216690
6215800
6211865
6211535
6200910
6186161
6183240
6180660
6179899
6177669
6137037
6129268
6126077
6122727
6122459
7337744
7324281
7320625
7317281
7316837
7308379
7051653
7047231
7044721
7043525
7033495
7031110
7030965
7028979
6959760
6955742
6955741
6955125
6954857
6954856
6954852
6954274
6953488
6953147
6953004
6953002
6952997
6952166
6951886
6951246
6950586
6950580
6950008
6950005
6950004
6950003
6949921
6949918
6949491
6948811
6948809
6948808
6948807
6948690
6948594
6948277
6948102
6947190
6947188
6947187
6947186
6947183
6947013
6812237
6809665
6798541
6212657
6176010
6171449
7324486
7309917
7309916
6949863
6174188
7342227
7339561
7330961
7325784
7323363
7316526
7309769
7299825
7198192
7047227
7036384
7032003
7030462
7028968
7028967
7026631
6977927
6975372
6975291
6962348
6957939
6955739
6954036
6953479
6952512
6952511
6950870
6949421
6948744
6948135
6948067
6947900
6947897
6947413
6947329
6947203
6947080
6946711
6946708
6946705
6946381
6946375
6946218
6946209
6946141
6946140
6946138
6946083
6945417
6945409
6945330
6945329
6796660
6756968
6172461
6170659
6119044
7324179
17730223
7344569
7341858
7341848
7335566
7328612
7328044
7328043
7325815
7325215
7322602
7319330
7314929
7307559
7291271
7288500
7277096
7053023
7048607
7047090
7045927
7043719
7036967
7036134
7028955
7028197
7025887
6979458
6976137
6975371
6960688
6953558
6953555
6953472
6952987
6952984
6952981
6952757
6952539
6952538
6952536
6950442
6949916
6949915
6949914
6949530
6949350
6948846
6948844
6948843
6947704
6947458
6947455
6947454
6947453
6947452
6947128
6947127
6946934
6946371
6946368
6946367
6946362
6946359
6946234
6946215
6946214
6946213
6946204
6945811
6945342
6945341
6944343
6944342
6944339
6944337
6807926
6807923
6807920
6756964
6272172
6172003
6118380
6270600
6947872
7284754
7274068
7349294
7333954
7328384
7298325
7294720
7291217
7285473
7285471
7281465
7279314
7279312
7264733
7263975
7045956
7039966
7029962
7028928
7028927
7028640
7028458
7026760
7026757
7026753
7026503
7021805
7021804
6975587
6974183
6962351
6959847
6955328
6953760
6952566
6951156
6949871
6949870
6949822
6949730
6949725
6949719
6948455
6947973
6947970
6947533
6947350
6947349
6947147
6946352
6946199
6946198
6946195
6946047
6945989
6945985
6945545
6945544
6945540
6945537
6945124
6945051
6945049
6944333
6943314
6943283
6943280
6943278
6943157
6800959
6798959
6795729
6793705
6793515
6763439
6753023
6167904
6124022
17789035
7287559
6912084
6912082
7272733
30114856
29538916
15806755
7347789
7347479
7341549
7337139
7337138
7319901
7310662
7310661
7310660
7310303
7307146
7305010
7301387
7292589
7275312
7273229
7272796
7272245
7034907
7030284
7029746
7029744
6975130
6952481
6949673
6949671
6948663
6948654
6948452
6947996
6947994
6947391
6946579
6945982
6944485
6944477
6944475
6943937
6943935
6943488
6943331
6943271
6943170
6942007
6809659
6809656
6798187
6798185
6798184
6798046
6795971
6793902
6460592
6460591
6455511
6455463
6170363
6167927
6167706
6166287
6913185
7346622
7330503
7321188
7319636
7313322
7303379
7276902
7271139
7270665
7270663
7261158
7258149
7251459
7247089
7237883
7039964
7038084
7034106
7031817
7031785
7030808
7028452
7027485
7026301
7024776
7024522
7024520
7024515
7024514
7024512
7023629
7020424
7016944
6977119
6960853
6960852
6960851
6960846
6960844
6960245
6951845
6951145
6950081
6950079
6949207
6949206
6949183
6948825
6948648
6948441
6948440
6947339
6947337
6947333
6947331
6947144
6947141
6946650
6945967
6945963
6945694
6945693
6945690
6945225
6945204
6944684
6944675
6944672
6944670
6944470
6942902
6942891
6942658
6942654
6942170
6942151
6942150
6942090
6942087
6940875
6792582
6791504
6765484
6764423
6459442
6285635
6280665
6174720
6166699
6121021
6789180
7230472
7018523
6941798
6941790
6790295
7237167
7019713
6940714
7016148
7328407
7307648
7299343
7295285
7289043
7279425
7270786
7264702
7262073
7259695
7257885
7036423
7036422
7026626
7026625
7026004
7024487
7021221
7020431
7019099
7019098
7015869
7015868
6973479
6949373
6949178
6947989
6947988
6947984
6947983
6947915
6947715
6947488
6947438
6947386
6947385
6947382
6947381
6947380
6946895
6946894
6945953
6945952
6945950
6945680
6945662
6945661
6945564
6945560
6945400
6945373
6945313
6943577
6943326
6943143
6941934
6941861
6941860
6941125
6941124
6941015
6940716
6940457
6939735
6939719
6800729
6797974
6460088
6457401
6453532
6262472
6171862
6120591
6114041
7015507
6787414
7250313
7031953
6947487
7225851
6115408
6115407
6115402
7016149
7283754
7262951
7259102
7258334
7246547
7246341
7243842
7240918
7235116
7233533
7229662
7196159
7037321
7031882
7025517
7023915
7022765
7021218
7014757
7012326
7012323
7012319
7012213
7012211
6973133
6950857
6950574
6949885
6949691
6949690
6949365
6949363
6949362
6949300
6949294
6947911
6947910
6946868
6945220
6944841
6944805
6944201
6943799
6943778
6943767
6943751
6943750
6943723
6943718
6943625
6943624
6943415
6942139
6942135
6942134
6942133
6941147
6941146
6940887
6940447
6939787
6939727
6938683
6938571
6938569
6938568
6938566
6938563
6793677
6458682
6452518
6452469
6165817
7292677
6790184
6939440
17792091
7226091
7257124
7010321
6164437
21289716
7283289
7268265
7267136
7251515
7248422
7234993
7234989
7216496
7049275
7021771
7019268
7018940
7018939
7018603
7017833
7017447
7016261
7014844
7014840
7014837
7014754
7013492
7011280
6974653
6971849
6948047
6946890
6946889
6946887
6946884
6946883
6946562
6945432
6945430
6945366
6945241
6944942
6944934
6944895
6944836
6944192
6944190
6943665
6943664
6943660
6943659
6943658
6943496
6942889
6941983
6941982
6941981
6941980
6941978
6941907
6941766
6941582
6941333
6941096
6939847
6939846
6939841
6939840
6939507
6939332
6939331
6938925
6938924
6938581
6938575
6937624
6937516
6937513
6797961
6797960
6797959
6792335
6792332
6784050
6452415
6172395
6939665
6940835
7014134
7465631
7266101
7234988
7234985
7234984
7234982
7228408
7036212
7030436
7021233
7021228
7014823
7014822
7014802
7012312
7012306
7012207
7011855
7011039
7010243
7009671
7007468
6972598
6956069
6949197
6947581
6946097
6946096
6945215
6943940
6943709
6943021
6943018
6943008
6943005
6942553
6942550
6942549
6942075
6942066
6941475
6941341
6940929
6940909
6940821
6940705
6940693
6939835
6939834
6939833
6939701
6939698
6939500
6938894
6938890
6938883
6938880
6938676
6938633
6938509
6938418
6938140
6938135
6937512
6937498
6937443
6937441
6908980
6791072
6272907
6171998
6163353
7024072
7011697
7007890
7007889
30139183
10250464
7464382
7316477
7270468
7254183
7252212
7232010
7232006
7228665
7217985
7037479
7023762
7021226
7018475
7014117
7011501
7009844
7009842
7009836
7009834
7009693
6965255
6951373
6951372
6943891
6943697
6943695
6942972
6942969
6942967
6942965
6942509
6942506
6941976
6941975
6941974
6941972
6941875
6941871
6941870
6941758
6941753
6941184
6940683
6940229
6940228
6940227
6939830
6939580
6939560
6939526
6939524
6938626
6938492
6937846
6937653
6937140
6936459
6936452
6936451
6936450
6935558
6792095
6792094
6783786
6782533
6782206
6450780
6265822
6262903
6262699
6169251
6115821
6110684
7461285
6944883
31995917
11630834
11628701
7471157
7451769
7446456
7347009
7344446
7343673
7342897
7342794
7341645
7338553
7338550
7338332
7337357
7337020
7337013
7335645
7331761
7330686
7330685
7329980
7327219
7319423
7314803
7308607
7307062
7293722
7293554
7289873
7274862
7274832
7270296
7270295
7270294
7270293
7270292
7270291
7270290
7270289
7270288
7270048
7257724
7250479
7249039
7236829
7234974
7219654
7216448
7209946
7207863
7200099
7196043
7195392
7051206
7047432
7047429
7046155
7043436
7043431
7041472
7039213
7036127
7035285
7034449
7030491
7027110
7026772
7025810
7025355
7025180
7025179
7024970
7024966
7023200
7023172
7022574
7021372
7020054
7019288
7019287
7019286
7017045
7014690
7011890
7009238
7007936
7007628
7007627
7007626
7007624
7007623
7005409
6985374
6978191
6974045
6973394
6965173
6964746
6964744
6964742
6960937
6959663
6955908
6955902
6955274
6954746
6954596
6953659
6953658
6953649
6952177
6951522
6951521
6951519
6951515
6951509
6951398
6951365
6950985
6950849
6950716
6950712
6950640
6950639
6950638
6950635
6949843
6949525
6949332
6949330
6949329
6948738
6948489
6948488
6948487
6948483
6948482
6948418
6948417
6948344
6948343
6947772
6947769
6947757
6947752
6947751
6947743
6947733
6947726
6947469
6947468
6945999
6945997
6945733
6945731
6945078
6945077
6945075
6944922
6944921
6944919
6944909
6944758
6944757
6944756
6944755
6944434
6944402
6944395
6944386
6944277
6944106
6944102
6944033
6944022
6943905
6943904
6943654
6943533
6943527
6942917
6942523
6942240
6942032
6941894
6941528
6941522
6941518
6941325
6941225
6940899
6940774
6940772
6940667
6939445
6939351
6939074
6939071
6938763
6938337
6938315
6937934
6937650
6937649
6937468
6937466
6937402
6937400
6937399
6937396
6937392
6937268
6937245
6936896
6936882
6936876
6936740
6936693
6936685
6936683
6936556
6936102
6935969
6935399
6935398
6935397
6935391
6935390
6934187
6807915
6807914
6807899
6807897
6807889
6807880
6807869
6803746
6799173
6799172
6798108
6797706
6797705
6797391
6797389
6791067
6789596
6782227
6763664
6761844
6459962
6459701
6457470
6457469
6456629
6456626
6456575
6453965
6307038
6275642
6264813
6264507
6264506
6264061
6260310
6257334
6213113
6211855
6211854
6186779
6184762
6178262
6169808
6163512
6126103
6119144
6112979
