31964014
29865629
17423214
11638123
2930324
2929733
2929190
2928746
2926364
2925450
2924848
2924017
2924013
2924012
2922685
2922224
2921712
2921414
2920385
2920384
2920381
2919511
2918282
2917415
2916751
2915846
2915845
2915404
2915337
2915336
2915334
2915131
2915050
2915048
2915047
2914996
2914462
2913105
2913092
2913090
2911438
2911081
2911078
2911076
2910028
2910026
2910025
2910024
2910022
2819183
2818525
2818522
2818270
2818265
2814829
2814828
2814420
2814418
2814378
2813464
2809074
2807775
2807498
2802174
2801005
2799425
2799354
2799352
2799351
2798981
2798978
2797916
2794007
2794004
2794003
2790855
2787937
2787062
2786650
2786649
2785462
2784073
2783769
2783460
2783431
2783051
2783050
2783048
2783046
2783041
2782607
2782021
2781184
2781182
2779300
2766319
2766316
2766312
2765312
2762859
2762745
2762743
2761331
2761330
2761329
2756467
2749804
2749802
2749799
2749786
2749785
2749224
2749221
2747466
2746518
2746407
2746406
2746404
2746402
2743468
2743379
2736900
2736583
2736577
2736576
2736572
2734701
2734698
2734696
2734284
2727632
2727184
2725789
2723570
2723569
2720110
2718727
2718719
2717905
2717904
2716752
2710073
2702613
2701499
2701496
2701195
2701141
2701132
2701123
2701102
2701077
2701076
2701074
2700648
2700503
2700487
2700429
2700013
2699879
2699764
2699760
2699705
2699704
2699703
2699060
2698399
2697043
2697039
2695965
2695847
2694289
2692960
2692542
2692154
2692006
2692004
2692003
2691999
2691367
2691364
2690478
2690396
2690392
2690390
2690389
2690388
2689830
2689542
2689148
2689145
2688890
2688668
2688667
2688614
2688612
2688611
2688488
2688487
2688486
2686596
2685949
2685948
2685946
2685871
2683595
2683178
2681731
2680457
2680421
2678456
2678454
2678417
2678415
2678301
2678300
2677892
2672077
2669016
2667841
2665341
2665196
2665190
2661000
2659634
2658402
2652364
2648860
2648859
2648858
2647169
2646632
2646421
2645069
2645068
2644421
2644419
2644418
2644415
2644404
2643649
2643646
2643536
2643449
2643448
2643074
2643072
2642966
2642929
2642826
2642825
2642824
2641434
2641428
2641427
2641425
2640762
2640761
2640760
2640756
2640754
2640753
2640751
2640750
2640637
2640636
2640634
2640633
2640630
2640522
2640517
2640365
2640325
2640322
2640212
2640209
2640181
2639866
2639864
2639863
2639602
2639495
2639494
2639493
2639464
2639377
2638888
2638882
2638873
2638866
2638859
2638809
2638489
2638485
2638401
2638176
2638173
2638026
2638021
2638020
2637495
2637399
2637051
2635784
2635783
2635782
2635567
2635341
2635189
2635188
2634918
2634714
2634418
2633286
2633264
2633206
2632291
2632290
2628961
2628941
2628940
2626800
2626797
2626792
2626566
2626565
2625643
2624561
2623968
2623713
2623591
2623169
2623148
2623147
2622494
2613857
2613115
2613113
2610628
2610627
2610624
2610621
2610614
2610611
2610581
2610569
2609907
2607267
2607266
2607265
2607264
2607262
2607261
2606394
2606265
2605818
2603833
2603126
2602718
2602714
2602712
2602711
2602708
2602707
2602706
2602705
2602702
2602700
2602699
2602698
2601603
2601599
2601598
2600738
2600513
2599806
2599781
2599659
2599658
2599657
2599656
2599321
2598857
2598852
2598671
2598663
2598662
2598573
2598231
2598206
2598202
2598201
2597329
2597294
2597054
2597052
2597051
2597050
2597044
2597042
2597040
2597039
2597037
2597036
2597035
2597034
2597031
2597026
2597023
2597021
2597016
2596749
2595531
2594749
2594748
2594746
2594744
2592058
2589638
2587823
2587822
2587821
2577384
2576918
2576324
2575250
2572031
2571269
2570676
2568186
2562278
2561430
2560833
2560592
2560367
2559054
2559053
2559051
2559050
2558643
2558640
2558639
2558464
2557681
2557184
2556987
2556986
2556984
2546095
2540206
2535201
2535166
2535165
2535024
2535012
2534872
2534825
2534813
2534760
2534547
2534436
2534433
2534383
2534010
2534009
2533837
2532827
2532797
2532388
2532247
2530732
2530731
2529716
2529715
2529710
2529409
2528873
2528253
2528252
2528250
2528249
2526439
2526437
2526436
2526435
2526433
2526430
2526428
2526425
2524672
2524573
2524567
2520875
2520873
2520870
2520869
2520868
2520864
2520714
2520349
2520346
2519908
2517874
2517818
2517570
2517011
2516363
2513383
2513166
2512575
2505315
2504493
2503327
2497619
2493662
2492311
2491390
2490793
2490265
2490257
2490252
2490250
2490128
2490127
2490119
2489995
2489993
2489898
2489897
2489893
2489892
2489890
2489884
2489883
2489882
2489881
2489880
2489879
2489878
2489877
2489876
2489875
2489874
2489873
2489872
2489871
2489681
2489679
2489677
2489523
2489390
2489389
2489388
2489386
2489385
2489384
2489383
2489382
2489381
2489380
2489378
2489275
2489187
2489186
2489184
2489183
2488966
2488902
2488898
2488896
2488740
2488737
2488725
2488032
2487330
2487207
2486772
2486756
2486752
2486709
2486699
2486455
2486347
2485649
2484420
2484173
2483064
2481244
2479197
2479118
2475991
2472718
3207424
3214629
3078467
3270146
3223966
3207520
3268544
3268543
3268542
3151894
3212919
29874894
3274628
3274602
3273819
3273815
3273302
3273301
3273300
3273289
3272917
3272914
3272905
3272426
3272392
3272009
3271812
3271408
3270939
3270701
3270675
3270674
3270673
3270671
3270670
3270664
3270657
3270653
3270559
3269856
3269618
3269409
3269197
3268540
3268539
3266630
3266629
3266627
3263994
3255077
3254883
3254547
3254544
3254413
3254298
3254288
3253983
3253981
3253599
3253090
3253069
3245177
3243534
3239581
3236832
3233785
3228202
3225728
3225617
3224424
3223518
3218601
3217968
3215700
3215697
3215601
3215292
3213444
3206515
3206196
3205558
3205556
3205555
3204529
3204527
3203498
3203494
3200074
3198854
3198853
3198852
3198850
3198847
3198846
3196195
3195516
3195515
3195510
3192806
3155334
3155009
3155008
3155005
3155000
3149586
3145957
3144686
3143751
3079421
3079108
3078592
3078591
3078590
3078401
3078400
3078296
3078006
3078004
3077640
3077639
3076234
3076228
3075722
3075547
3074989
3072944
3070734
3069820
3066890
3066889
3066888
3066857
3065376
3065374
3065373
3063664
3060603
3060602
3060601
3060599
3060596
3060595
3060509
3060508
3060309
3060308
3057864
3057147
3057018
2980820
2979012
2974623
2973744
2856149
2856145
2853164
2852241
2851263
2479731
2465363
2464044
2462743
3214622
3214621
3239068
3269819
3271401
3241650
3241649
3054565
3269757
28134188
3273704
3273696
3273472
3273471
3272971
3271737
3271733
3271729
3270925
3270924
3270923
3270921
3270608
3270602
3270471
3270470
3270463
3270387
3265042
3264570
3254350
3254315
3253976
3253971
3252323
3251735
3242317
3238728
3236132
3236131
3236127
3236124
3236123
3227951
3226432
3219607
3213974
3212280
3208844
3206077
3204482
3204342
3204339
3202560
3200561
3198838
3198836
3198835
3192294
3183175
3183169
3183168
3183158
3183157
3183154
3168927
3166762
3150445
3150340
3150332
3079239
3078383
3078311
3078145
3078056
3077996
3077903
3077877
3076058
3075773
3074525
3070840
3069981
3069980
3066818
3060196
3058944
3058939
3058937
3058933
3058932
3056706
3055937
3053819
2976999
2974049
2973227
2906998
2904842
2852448
2848875
2847079
2478675
2478673
2471295
3268384
3196900
3269754
3269752
3269751
3269750
3238423
3179124
3138547
3256058
3179716
3421390
3420482
3417053
3274619
3274615
3274614
3274609
3273759
3271702
3270620
3270596
3270595
3270594
3270593
3270103
3269090
3265041
3264985
3264295
3263255
3263253
3263252
3255884
3255778
3252315
3252311
3248577
3244818
3237222
3233612
3223843
3223842
3213962
3213438
3212019
3211086
3209147
3207213
3203465
3201194
3201120
3201110
3200680
3198785
3198781
3196309
3191236
3191087
3186225
3186223
3186075
3184027
3184026
3183989
3183916
3183915
3182997
3180717
3180716
3180713
3180712
3179756
3177283
3177281
3170915
3170889
3170888
3153707
3153702
3152610
3145123
3143782
3141109
3079115
3078989
3078284
3077792
3077478
3077357
3076622
3076614
3076613
3076612
3076538
3076535
3076060
3073952
3063732
3058278
3054078
3054067
3054060
3053803
3049716
2980241
2978713
2978712
2976070
2972948
2855128
2848873
2465067
3224048
3224047
3073921
27224165
3248418
2908244
3179117
15676665
10316317
3419235
3409580
3274696
3274248
3273806
3273315
3272441
3272440
3272435
3271177
3270650
3270649
3270611
3270610
3270609
3269885
3269606
3269547
3269191
3269190
3268808
3266641
3265150
3263491
3255602
3255599
3254619
3253877
3253875
3253874
3253773
3253770
3253583
3253061
3250278
3248909
3248907
3248906
3248361
3244057
3244056
3244054
3233720
3224501
3212815
3212811
3212810
3203394
3201199
3201198
3201196
3200424
3198589
3189525
3189524
3189523
3189517
3183923
3183254
3183253
3183248
3174227
3174072
3172014
3170875
3170874
3165999
3165998
3165997
3152617
3152285
3146626
3143712
3140276
3078377
3078374
3078150
3078002
3077183
3077177
3076599
3076557
3075640
3074805
3074062
3072393
3067095
3058882
3058686
3054049
3054047
3053859
3053856
3053793
3053462
3053461
3052731
3050710
3050056
3050053
3050050
3050049
3049714
3049713
3046331
3046330
3046328
3045275
3045175
2980813
2978796
2978702
2978642
2975954
2975077
2971690
2908343
2902110
2902109
2484370
2468753
2460409
3406877
21227203
3407616
3293377
3272373
3270432
3270426
3270425
3269882
3269655
3268458
3267998
3267994
3267524
3263400
3263399
3263398
3262368
3261678
3260878
3256967
3255593
3255590
3255587
3255580
3255063
3252779
3222693
3214310
3207923
3207922
3189878
3189873
3189196
3188848
3183149
3183068
3183067
3181306
3181296
3174157
3174153
3174047
3171865
3171864
3171863
3171862
3170751
3166970
3166962
3166197
3165752
3165750
3165749
3165748
3165746
3165403
3165400
3165245
3165238
3165121
3165119
3145966
3142666
3139796
3135272
3079430
3077949
3077707
3077366
3076993
3076552
3076225
3076222
3075192
3065264
3055795
3055794
3055290
3053788
3052234
3050037
3050033
3049678
3047897
3041797
2973203
2901815
2855300
2853416
2853413
3261851
3133768
3246438
3413462
29890793
28563874
28134216
28134213
3414798
3411229
3408236
3394125
3289066
3274162
3274158
3274013
3272052
3270645
3270644
3270415
3270287
3270280
3270277
3269876
3269596
3256962
3255990
3252427
3251999
3251850
3251372
3248661
3248281
3240606
3234125
3234122
3227930
3209978
3203806
3189953
3188107
3188106
3188105
3188094
3188089
3171754
3171511
3166354
3166064
3166060
3166059
3165991
3165989
3165988
3165522
3165520
3165519
3165518
3165516
3165510
3165399
3165398
3165397
3165391
3164583
3164580
3153699
3153696
3152614
3146575
3137494
3137450
3078982
3078859
3078457
3078011
3075333
3074804
3074800
3055437
3055436
3055431
3052241
3052240
3049999
3049998
3049997
3049996
3046373
3045170
3045169
3042988
3042977
3042976
3042814
3042813
3042478
3042474
3042473
2978705
2970481
2968396
2908375
2900159
2856230
2850827
2454670
3165275
3165274
3133564
3417890
2456828
3165011
3165009
3074826
24213594
21253206
21253205
21253195
21253193
16593946
16031449
3420560
3418598
3414982
3411920
3410872
3409931
3406594
3404188
3399851
3398009
3396060
3293190
3292755
3292754
3292026
3287898
3273992
3273779
3273778
3272370
3271861
3271860
3269778
3269518
3269463
3269462
3269457
3268753
3268481
3268358
3260665
3259912
3256952
3256949
3256946
3254954
3254933
3254915
3253576
3253384
3252716
3251991
3251987
3251986
3248279
3233798
3225511
3217506
3209036
3194486
3176776
3173313
3171691
3171088
3170912
3170910
3170907
3170903
3170900
3170532
3166116
3165995
3165993
3165963
3165856
3165583
3165190
3165189
3165177
3165016
3164906
3164904
3164903
3164902
3164901
3164778
3164740
3163966
3163965
3163963
3163884
3163883
3163706
3163703
3152582
3135347
3135346
3131055
3077704
3077681
3077363
3076989
3076217
3076216
3075756
3075719
3075538
3075535
3075420
3074935
3074163
3073858
3064126
3061863
3049720
3048328
3047394
3045011
3045010
3045009
3045008
3044768
3044001
3042960
3041572
3041571
3041569
2978625
2901924
2901470
2855431
2459170
2457251
3250606
3395851
2967966
3287910
20531684
3166308
3069350
3164202
30978890
28134146
3415637
3407755
3398791
3389313
3385474
3385384
3385381
3385375
3384774
3383022
3376134
3364996
3364869
3359375
3292594
3290464
3290450
3290449
3290430
3290298
3288942
3288674
3288672
3284940
3284330
3274205
3274204
3274203
3274201
3274198
3274193
3274192
3271163
3270390
3270365
3270127
3269986
3268962
3267670
3267587
3256791
3252422
3251982
3251980
3248275
3220774
3217495
3217494
3217493
3215500
3215499
3200982
3197343
3187912
3177454
3166556
3166291
3166290
3164729
3164728
3164395
3164391
3164379
3164366
3164365
3164338
3164337
3164322
3164030
3163788
3163787
3163786
3163371
3163356
3163350
3163217
3077838
3077831
3076307
3075779
3052062
2972204
2969009
2968382
2966821
2966818
2899372
2895983
2841442
2480563
2462619
3352711
3246416
3163930
2837261
3074818
3413214
3389198
3373625
3372762
3367757
3366221
3365159
3361869
3355197
3347722
3293018
3290427
3288668
3288516
3288515
3288514
3283322
3282768
3281441
3275260
3273723
3269982
3269377
3268656
3268645
3268634
3267987
3267583
3267532
3256929
3256169
3253724
3253552
3253549
3251760
3200977
3183531
3182687
3166267
3166226
3165838
3165625
3164844
3164597
3164595
3164592
3164567
3164374
3164373
3164372
3164330
3164295
3164290
3164289
3164288
3164286
3164018
3163980
3163493
3163141
3163139
3163137
3163129
3162990
3162863
3162862
3162861
3162858
3162737
3162640
3162639
3162605
3162604
3162598
3162597
3153688
3153686
3151522
3150833
3139904
3135087
3135086
3133425
3133422
3133415
3077789
3077484
3075715
3075712
3074952
3073983
3058567
3052504
3050432
3045870
3045869
3044748
3044310
3042642
2977767
2974819
2965550
2908345
2908333
2839000
3250595
3359296
3280340
3162799
28310838
16031421
3422781
3422778
3422774
3416239
3415480
3389765
3383538
3381992
3373170
3372240
3371011
3367806
3367198
3367197
3364645
3364545
3362570
3356379
3356104
3348553
3340777
3293270
3291477
3290967
3290113
3287078
3280632
3279194
3279189
3279184
3279182
3279180
3274188
3274184
3274181
3274178
3274177
3274176
3273777
3273776
3271829
3269770
3269765
3269761
3269447
3269175
3269173
3268857
3267092
3258803
3256042
3255646
3255142
3254393
3254392
3253816
3251487
3249691
3249689
3249027
3248407
3233352
3228613
3216119
3197486
3166320
3166175
3166174
3165825
3165824
3165822
3165821
3165813
3165808
3165800
3165799
3165798
3165431
3165428
3165092
3165088
3164951
3164950
3164862
3164305
3164301
3164142
3164139
3164130
3164116
3163734
3162583
3162579
3162574
3162521
3162477
3162474
3162470
3162467
3162466
3162464
3162463
3162462
3162282
3162277
3162272
3135373
3135372
3078992
3078990
3077670
3076256
3076255
3075717
3075125
3074106
3049718
3049717
3048240
3045752
3045520
2964197
2895664
2895124
2845373
2844868
2834985
2978510
3363537
3162372
3281658
3267552
3192299
29314878
11039069
11039068
11039066
11039065
11039058
11039056
3422730
3422729
3422727
3422726
3422721
3422688
3422685
3422618
3422612
3422535
3422529
3422509
3422502
3422280
3373731
3362559
3358355
3357453
3355124
3351947
3351573
3351567
3349960
3349932
3347087
3340298
3290966
3290963
3289609
3282345
3279069
3278808
3278267
3278266
3278101
3278094
3277383
3269572
3269571
3268852
3268415
3267603
3260061
3257725
3253546
3253531
3252227
3248401
3166149
3165793
3165790
3164940
3164210
3164161
3163672
3162946
3162942
3162883
3162268
3162266
3162247
3134536
3134533
3129222
3127552
3127493
3127486
3127483
3126081
3077668
3075706
3047096
3044306
2963910
2908358
2908326
2892794
2831250
2830573
2828586
2450626
3267550
3267548
3267546
3240669
2895418
3422155
27414366
31973447
31968913
31968905
31968903
28305323
18290152
11039049
11039043
11039038
11039036
11039035
10287619
3422669
3422605
3422402
3422393
3422391
3422320
3422305
3422302
3422251
3422248
3422247
3422121
3422120
3422119
3422060
3416587
3414365
3414353
3406363
3393524
3387920
3385799
3384487
3384227
3384224
3379079
3378657
3368908
3365064
3362525
3360198
3356651
3352850
3351451
3341458
3339635
3338968
3338688
3335163
3335132
3335066
3334783
3289282
3283946
3283616
3280250
3279688
3279684
3279013
3278546
3277108
3276746
3276745
3276737
3275501
3275173
3275172
3275171
3273826
3273384
3273293
3273000
3272483
3272482
3272481
3272480
3272476
3272475
3272472
3272468
3272463
3272460
3272451
3272041
3271959
3271899
3271866
3271694
3271690
3271602
3271600
3271584
3270974
3270633
3270577
3270479
3269350
3269347
3269162
3268991
3268948
3268896
3268849
3268088
3267951
3267947
3266265
3266253
3264625
3263820
3262606
3257090
3257087
3257084
3256292
3256290
3255249
3255207
3254846
3254376
3254125
3254122
3253893
3253892
3252774
3252771
3252338
3252337
3252335
3251954
3251950
3251869
3251483
3250849
3249599
3248921
3248394
3245792
3245790
3245785
3245779
3245778
3241884
3241876
3240098
3233658
3233657
3232849
3232107
3232105
3232104
3232050
3230509
3230043
3228388
3228386
3228384
3227273
3222073
3219849
3218708
3216103
3214852
3214846
3214845
3212433
3211234
3209686
3209681
3208509
3206354
3202739
3201386
3198014
3195313
3190523
3190519
3190517
3190515
3190513
3190512
3189842
3189833
3187034
3187033
3185376
3183697
3180697
3180158
3176706
3175527
3175523
3166841
3166613
3166612
3166144
3165950
3165777
3165719
3165568
3165332
3165326
3165323
3165260
3165259
3165258
3165256
3164932
3164916
3164915
3164540
3164520
3163970
3163969
3163950
3163844
3163839
3163527
3163522
3163520
3163518
3163308
3163184
3163170
3163169
3163166
3163162
3163096
3162842
3162665
3162663
3162608
3162261
3162260
3162257
3155416
3155280
3153683
3153678
3152952
3152415
3151537
3151489
3150922
3149890
3147467
3147115
3144989
3144987
3131505
3131014
3124960
3124633
3124494
3122561
3078579
3078578
3078493
3078359
3078358
3078343
3078270
3078269
3078098
3077993
3077937
3077828
3077633
3077521
3076754
3076351
3076350
3076349
3076305
3076055
3075972
3075968
3075451
3075304
3075199
3072126
3068011
3068008
3064333
3064332
3063764
3062037
3062036
3057512
3052845
3052377
3050906
3047856
3045864
2980206
2977912
2977880
2977513
2975796
2975443
2975403
2970724
2968734
2968733
2966524
2966523
2966519
2966514
2966455
2964426
2963848
2963033
2908265
2903789
2902501
2897237
2894479
2893324
2892777
2855931
2855377
2850868
2850297
2846177
2829095
2465757
2465754
2453379
2450079
