31952415
28524291
28524287
28524286
28520298
22061969
18621176
18222848
11980069
11623250
11541309
10149143
10149142
10149135
9272990
2072942
2071325
2070383
2070382
2070378
2070377
2070020
2069936
2069935
2064833
2064696
2064695
2064694
2064691
2064551
2060474
2059981
2059980
2059978
2059977
2059972
2059164
2059163
2059162
2058834
2057944
2057942
2057541
2057487
2057478
2053586
2052911
2052209
2052208
2051253
2051252
2051248
2051247
2051245
2045523
2045521
2045519
2045518
2045516
2045515
2042324
2042047
2042045
2041527
2039161
2038725
2035146
2033555
2033552
2033551
2033550
2033547
2033546
2033545
2033541
2033168
2033164
2033160
2032488
2032479
2027103
2027102
2026924
2024138
2022241
2020836
2019656
2018101
2016000
2015999
2015995
2015994
2015992
2014390
2014387
2012675
2012672
2012670
2012669
2012667
2012530
2012525
2012524
2007866
2007503
2005772
2003942
2002441
2002432
2002428
1999258
1998152
1997922
1997740
1997347
1997037
1996422
1996420
1996419
1996417
1994330
1994325
1994318
1994311
1994310
1993404
1993403
1993392
1991863
1991861
1991857
1991856
1991747
1987021
1986528
1986523
1986518
1985123
1984447
1983882
1962306
1962172
1962165
1962161
1960893
1960889
1958584
1957253
1957251
1957250
1953952
1949114
1947973
1947970
1946201
1945986
1945984
1945979
1944704
1938185
1937275
1932434
1932430
1932429
1931747
1931746
1931190
1931186
1927529
1927246
1927244
1924982
1922770
1921645
1918568
1918567
1918566
1917569
1917088
1917087
1917086
1917085
1917083
1913771
1913769
1913768
1913762
1913761
1912079
1910135
1905065
1903895
1901814
1901810
1900111
1900088
1899722
1898271
1898269
1896924
1896805
1896439
1896436
1895039
1895037
1895034
1895033
1895032
1892993
1892991
1892226
1891689
1888463
1887667
1885927
1884283
1882559
1880149
1878917
1877980
1877893
1876980
1876979
1876978
1873894
1873542
1873540
1873406
1873401
1873070
1873069
1873066
1873064
1872734
1872730
1871960
1871661
1871656
1870705
1870466
1867389
1867069
1866611
1866609
1864699
1864329
1863376
1862952
1861972
1861963
1861564
1860282
1860113
1859657
1858443
1856755
1855639
1853182
1853181
1851842
1846884
1846883
1845325
1844261
1843481
1842259
1842256
1842241
1840173
1840092
1838418
1836934
1830174
1827804
1827079
1825329
1824536
1823793
1822787
1822397
1820800
1820409
1820408
1820315
1820170
1820165
1819963
1819954
1819949
1819948
1819944
1819942
1819937
1819934
1819932
1819931
1819927
1819611
1819360
1819355
1819339
1819337
1819307
1819306
1819303
1819302
1819301
1819298
1819294
1819292
1819291
1818642
1818641
1818638
1818637
1818636
1818631
1818630
1818627
1818623
1818622
1817658
1817650
1817596
1817593
1817591
1817354
1817353
1817352
1817351
1816864
1816863
1816855
1816854
1816849
1816847
1816845
1816834
1816833
1816831
1816829
1816824
1816815
1816811
1816808
1815945
1815750
1815748
1815020
1814460
1814458
1814454
1814453
1814451
1814448
1814445
1814444
1813647
1812939
1812938
1812912
1812911
1812908
1812905
1812904
1812902
1812901
1811978
1811966
1811964
1811806
1811805
1811801
1811534
1811066
1811030
1810653
1810652
1810650
1809768
1807421
1804318
1804315
1802054
1801524
1801082
1797055
1793671
1792546
1792542
1792541
1789149
1788518
1785711
1784985
1784867
1784863
1784862
1784861
1784860
1784859
1784858
1784856
1784855
1784854
1784722
1784717
1784715
1784714
1784537
1784533
1782442
1782438
1782437
1782435
1781748
1781745
1781744
1781241
1780608
1777681
1775491
1775489
1775488
1775487
1775482
1775476
1775475
1768234
1768232
1768231
1767622
1767368
1763980
1763978
1763977
1763841
1763839
1763310
1756827
1756809
1756219
1756218
1756216
1755552
1754696
1754695
1754693
1749784
1749783
1749782
1749779
1749619
1749608
1747890
1747888
1747887
1747886
1747885
1747883
1747254
1747077
1745917
1742417
1741712
1741701
1741700
1741698
1741695
1726828
1726827
1726392
1726347
1723589
1720587
1719901
1714998
1713388
1711840
1710794
1705983
1704240
1704020
1688360
1686654
1685370
1684418
1679104
1675780
1670912
1668796
1667399
1667324
1664540
1660791
1652358
1652357
1651694
1649396
1649004
1647780
1646576
1366334
1366105
1365267
1365001
1364985
1364983
1364293
1364290
2076787
2074724
2249205
2275841
2275838
2275837
1711918
16031601
12637966
9187585
2292746
2292069
2292067
2291598
2290692
2289606
2288785
2288211
2288210
2288209
2286353
2286348
2285164
2283141
2283140
2282568
2277160
2277158
2277156
2277057
2276263
2269916
2269914
2269912
2268789
2268788
2268785
2268783
2268782
2266570
2263346
2263345
2263341
2263339
2263338
2260589
2250161
2250091
2250087
2250086
2250084
2248232
2248230
2239969
2231146
2177485
2151820
2151819
2151060
2150657
2149837
2149444
2148943
2135649
2135285
2135283
2135277
2135276
2135274
2135271
2135270
2135267
2135266
2135154
2135146
2134887
2134885
2134883
2134882
2134881
2134878
2134877
2134111
2134104
2133698
2133672
2133667
2133491
2133484
2132118
2132112
2131340
2131106
2131104
2130353
2130349
2130268
2130174
2130171
2130165
2130164
2130106
2130071
2130046
2129597
2129197
2128913
2128827
2127806
2101988
2101617
2100669
2100667
2100448
2099885
2099212
2099211
2099208
2098948
2098795
2098715
2097808
2097727
2097726
2097214
2095808
2095805
2095316
2095313
2095311
2094763
2094762
2094761
2094759
2094758
2094604
2094603
2094601
2094600
2094598
2094013
2092194
2092186
2092184
2091254
2091247
2090383
2090382
2090379
2090085
2090081
2090080
2088797
2088796
2088792
2088361
2085233
2083526
2082831
2082421
2082419
2082418
2082417
2081942
2081936
2079684
2079683
2078397
2078396
2077868
2077865
2077858
2077647
2077579
2077576
2074497
2074495
2074493
2074305
2074302
2074219
1983723
1983722
1983361
1982767
1982766
1981613
1978559
1966830
1966019
1963380
1725294
1710211
1706771
2123310
2261282
2261278
29865768
28567807
2291300
2291299
2290704
2290230
2286928
2285702
2285701
2285695
2283556
2283555
2283553
2283552
2283550
2283549
2283547
2282244
2282153
2281943
2281942
2281118
2279724
2279716
2278131
2269099
2269097
2269096
2269094
2269092
2269091
2269086
2269085
2269082
2268927
2265821
2262587
2262584
2262011
2262010
2261589
2259771
2258505
2258504
2258503
2258502
2254834
2254833
2254832
2241441
2239846
2239845
2239841
2239840
2239837
2236311
2236309
2234887
2234886
2234885
2229744
2229741
2229624
2229618
2229617
2229616
2229615
2227216
2151896
2151422
2150896
2147926
2136424
2135594
2135590
2135549
2135543
2135258
2134575
2133452
2133446
2133204
2133199
2133198
2133197
2132326
2132322
2132321
2130084
2126555
2125406
2104319
2104318
2104317
2104316
2104315
2103045
2102296
2101771
2100681
2100680
2100445
2098937
2098661
2098347
2098346
2097800
2097241
2097238
2097190
2097188
2097187
2095534
2094943
2094942
2090822
2090817
2090813
2090811
2090808
2090807
2087731
2087718
2087713
2087414
2087412
2087408
2086262
2086261
2086257
2086255
2086213
2084793
2084789
2084788
2084530
2084524
2084210
2084209
2084208
2084207
2084206
2083054
2083027
2083023
2083022
2083021
2083019
2077741
2077569
2077567
2077566
2076128
2076125
2076124
2074881
1982745
1982744
1979989
1979158
1966735
1965066
1700354
2279609
2245095
2279594
2173563
2237866
2282488
2126482
2223292
2223290
2223287
28312958
12346030
2401569
2389855
2389854
2293347
2293346
2293344
2288783
2284281
2281032
2280274
2280051
2279363
2279110
2279109
2279075
2272807
2269940
2269080
2269079
2269078
2269073
2269072
2269068
2269066
2269063
2269061
2268641
2268638
2268636
2268629
2268477
2262551
2262549
2262183
2262180
2262178
2259655
2254534
2251924
2251919
2251918
2251725
2250081
2250079
2250077
2250076
2250074
2249863
2249792
2249414
2249409
2249408
2249406
2249159
2248943
2244586
2236026
2236010
2231525
2231523
2231463
2231458
2231455
2231452
2231451
2231450
2231448
2231233
2231229
2231228
2231227
2228266
2228265
2228264
2227043
2227041
2227039
2227038
2227036
2227033
2226378
2220808
2217578
2216396
2216389
2216388
2216387
2216381
2216377
2213293
2213291
2212348
2212344
2212216
2212215
2212210
2212209
2212208
2212207
2209121
2178060
2177024
2170486
2152540
2152539
2150677
2150073
2149924
2148165
2147092
2135447
2135441
2135088
2135087
2134806
2134805
2133460
2133315
2133314
2133313
2133312
2133310
2132455
2132454
2132453
2130347
2130345
2130343
2130267
2130162
2130116
2130113
2129585
2128618
2127533
2127419
2124593
2123598
2123423
2120304
2104309
2104308
2104304
2104303
2104302
2103632
2103628
2103627
2102398
2102397
2102071
2101769
2101533
2101252
2100494
2100488
2100485
2100437
2098932
2098405
2098333
2098330
2098328
2098193
2098087
2098083
2098081
2097790
2097233
2090158
2090157
2088631
2088630
2088629
2088608
2086301
2084204
2084199
2082416
2082415
2082412
2082409
2076437
2076252
2076251
2076250
2076248
2076246
2074865
2074864
2074299
2074036
2073439
2073192
2073191
2073190
2073189
2073186
2073185
2073184
1983467
1980537
1976729
1967107
1964072
1964071
1964070
1963897
1716545
1702686
1702654
1698204
2279591
2206678
2206675
2394421
2219501
2097690
2396156
2245870
2209205
2271044
2206667
2206666
11100226
11100224
2403075
2398590
2398187
2398183
2395049
2395048
2395045
2395037
2392234
2293016
2293006
2292032
2284610
2284550
2284209
2281496
2281493
2281489
2281484
2281480
2280791
2280790
2280787
2270390
2269210
2269207
2269201
2269200
2269198
2269197
2269196
2269193
2269190
2269188
2268777
2268775
2268774
2265499
2261666
2260830
2260777
2258685
2258682
2257554
2254297
2254296
2254293
2254292
2250229
2249944
2244113
2243226
2242404
2240539
2239749
2239418
2239412
2239409
2237247
2237244
2237243
2233870
2231394
2231392
2231391
2231390
2231164
2231162
2231157
2230961
2230960
2230958
2230927
2230696
2227019
2226965
2226962
2226961
2226960
2222908
2221032
2216363
2216362
2216359
2213617
2213470
2213465
2212195
2212193
2212090
2212088
2212087
2212085
2204642
2169237
2150181
2149218
2147681
2145537
2144942
2135772
2135247
2135241
2135142
2135140
2134951
2134949
2134947
2134272
2131276
2130417
2130282
2130077
2130075
2130074
2130066
2130065
2130063
2129918
2129917
2129915
2129913
2129912
2129850
2129125
2128850
2128256
2128252
2128246
2120417
2120303
2104392
2104391
2104384
2104383
2104155
2103626
2103625
2103129
2103128
2103124
2103041
2103040
2103039
2102057
2102001
2100465
2100463
2098729
2098727
2098465
2098464
2098459
2098457
2098344
2098343
2098341
2098340
2098339
2098338
2097252
2097059
2097058
2097057
2096746
2095542
2095540
2095537
2094878
2094874
2094873
2094282
2093068
2093067
2093066
2093059
2092317
2088385
2088382
2088381
2084973
2083047
2083046
2083042
2083041
2081586
2076505
2076501
2076499
1983362
1982929
1725453
1702979
1700648
1699192
2400861
2206652
29865754
29865742
2403413
2401780
2401778
2401777
2401343
2401340
2401339
2401334
2399427
2399425
2399423
2399422
2397955
2397953
2393093
2391668
2391667
2391666
2391665
2391631
2391629
2391626
2389801
2389799
2389542
2388298
2387914
2387140
2387137
2385254
2384630
2384629
2384626
2380820
2380458
2380415
2379362
2378320
2378319
2378315
2370142
2367671
2290653
2290652
2290646
2290642
2290639
2290638
2288794
2287332
2284468
2284463
2275659
2270615
2270614
2270613
2270610
2269183
2269172
2269170
2266607
2263961
2262207
2255930
2230842
2230521
2227742
2227741
2227740
2227735
2227734
2226349
2226202
2224621
2221316
2220336
2212203
2212202
2212201
2212200
2212026
2210953
2209317
2207892
2207225
2207055
2205642
2205517
2205516
2205509
2203795
2202824
2202820
2202819
2202812
2202750
2201705
2200818
2200817
2198800
2198137
2171036
2169491
2167327
2151771
2148868
2144660
2134979
2134970
2134968
2134966
2134965
2134964
2133895
2133894
2133893
2133892
2133889
2133309
2133308
2133307
2133306
2133304
2132281
2132280
2131177
2131176
2130341
2130340
2130334
2130279
2130278
2130275
2129596
2121060
2120368
2120362
2120358
2104374
2104373
2104372
2100659
2100460
2100459
2100458
2100456
2098827
2097220
2097052
2096153
2096152
2096149
2094872
2094871
2094870
2094869
2094866
2094865
2094863
2088787
2088786
2088785
2088781
2088323
2083478
2083477
2083476
2081958
2081954
2081952
2076243
2076241
2076240
1983466
1979771
1966896
1723382
1723381
2390385
2390381
2379503
1699174
1975960
2384322
2355443
2383702
2288573
2256990
2196920
2359138
19287730
16726829
10149088
2401961
2401959
2400765
2398136
2398133
2398132
2398129
2398074
2397254
2395358
2394871
2392645
2391677
2391676
2391675
2391674
2391485
2391478
2391477
2391476
2390995
2390330
2388219
2388142
2388141
2388139
2388138
2387908
2386286
2384899
2375386
2375385
2375382
2375379
2375378
2375377
2373783
2373217
2372040
2371043
2371042
2371041
2371038
2369690
2365358
2363426
2363405
2358955
2358947
2358943
2358942
2354776
2344071
2289802
2286409
2280748
2270605
2270602
2270599
2269164
2269162
2269155
2269151
2269146
2269145
2269144
2269143
2269140
2269139
2269132
2269131
2269130
2257273
2257272
2252696
2251718
2251717
2251716
2251715
2251711
2251709
2251707
2251702
2251700
2251696
2251690
2237108
2237105
2235748
2228600
2224092
2220118
2216907
2216675
2215822
2215821
2215820
2215819
2215818
2215501
2215498
2213360
2213330
2213328
2213326
2213325
2202825
2200879
2200875
2197877
2197306
2197128
2197127
2197125
2197123
2197120
2197119
2197118
2196508
2196503
2196296
2194470
2194391
2194390
2193312
2174685
2169318
2167360
2150978
2142732
2142731
2142728
2142727
2142696
2142694
2135430
2135428
2135420
2134976
2134833
2134829
2134656
2134655
2133457
2133337
2133303
2133302
2133301
2133300
2133295
2133294
2133292
2133000
2132315
2132278
2132274
2131792
2131686
2131684
2131252
2131251
2130137
2129739
2129568
2129566
2129564
2128236
2128231
2128230
2125263
2120112
2117956
2115155
2115154
2103619
2103535
2103038
2103034
2103033
2099496
2098077
2098076
2097977
2097973
2097972
2097839
2097837
2097049
2094860
2094859
2094857
2094853
2094851
2089313
2088372
2088368
2084966
2083432
2081950
2081949
2081947
2081946
2081945
2081944
2081943
2080087
2077789
2077787
2077502
2077501
2076433
2076432
2074362
2074361
2074329
2073430
1966734
1965880
1964618
1964067
1964065
1704758
1704716
1704714
2169953
2361086
2361084
2238939
2402607
2401843
2401841
2398851
2393367
2393359
2393356
2392655
2387425
2387422
2387421
2387233
2379095
2379093
2379092
2379086
2374020
2373506
2373447
2369760
2368615
2368613
2366141
2365480
2364269
2362247
2362243
2361542
2360613
2360610
2356086
2356085
2356083
2355126
2355121
2355119
2353680
2353679
2350952
2350951
2350949
2350948
2350946
2341935
2341174
2289260
2270591
2270589
2270588
2270213
2270211
2269127
2269122
2269119
2269117
2256456
2256453
2247369
2247368
2247365
2247358
2243955
2238383
2237600
2225658
2222654
2222652
2222651
2220116
2220114
2217992
2215817
2215816
2215815
2211584
2211583
2211578
2211577
2211576
2207845
2207844
2207843
2207840
2206684
2206646
2206212
2206207
2205637
2203331
2203330
2202937
2202651
2201575
2198870
2197202
2197201
2196105
2195840
2195839
2195150
2194975
2194973
2194028
2194025
2194021
2194020
2194019
2192334
2191981
2188498
2169390
2167874
2164535
2161557
2142435
2135660
2135616
2135615
2135613
2135609
2135606
2135419
2135418
2135414
2135409
2135407
2135405
2135402
2135321
2135315
2135314
2135311
2135305
2135137
2135135
2135134
2135133
2135128
2135127
2134975
2134774
2134771
2134770
2134769
2134766
2134762
2134758
2134754
2134753
2134268
2134248
2134247
2134246
2134242
2134240
2133882
2133879
2133778
2133775
2133772
2131673
2131672
2131667
2131458
2131455
2130332
2130331
2130134
2130058
2128433
2120805
2120156
2119397
2119073
2114463
2114452
2113767
2104369
2104362
2104287
2104286
2103614
2102664
2102663
2101607
2101605
2098380
2098379
2098209
2098208
2089067
2088019
2083412
2079157
2079155
2079151
2079016
2079014
2076236
2076235
2076234
2076231
2075613
2075612
2074427
2074426
2074423
2074422
2074421
1977868
1977068
1972047
1725464
1725174
1698767
2204566
2204565
2202682
2364293
2346696
2346694
2189472
2399393
2346918
2205011
2357560
29865707
28313251
2399129
2396016
2395777
2395776
2394869
2390250
2389287
2389284
2389274
2389267
2389265
2389264
2387427
2381405
2381402
2381397
2375001
2372811
2372445
2367185
2359039
2359038
2357461
2357460
2355099
2355097
2355096
2355094
2355093
2354546
2352106
2352105
2352102
2351205
2351198
2351197
2348459
2348267
2345217
2345216
2345215
2345211
2339843
2338667
2338666
2338665
2335674
2335672
2335661
2335654
2335649
2335647
2335645
2333858
2333857
2333854
2333853
2333221
2331104
2284460
2284459
2280030
2270586
2270585
2270582
2270578
2270575
2270574
2269114
2269104
2269103
2269100
2247734
2222754
2222671
2222647
2222646
2222645
2220113
2220111
2220109
2219804
2218053
2218049
2218046
2218044
2218042
2215810
2215809
2215490
2209970
2205009
2204085
2202090
2202088
2202086
2199814
2192761
2191976
2191975
2191110
2189973
2189970
2187081
2187080
2187079
2187078
2186075
2186074
2186071
2186070
2185453
2185452
2185449
2184381
2167521
2163445
2145848
2144666
2142269
2141878
2141874
2135534
2134971
2134002
2133932
2132269
2132267
2131681
2131679
2131677
2131169
2131163
2127421
2127420
2120015
2120013
2104354
2104353
2104352
2103541
2103540
2103539
2103029
2103026
2103025
2102722
2100238
2091012
2083018
2083017
2083016
2083012
2083010
2083008
2077496
2077494
2077491
2075611
2074420
2074417
2074415
2074414
2074411
2074326
1694670
1694544
1693925
2330042
2139791
2394294
2203657
2333655
2350687
2203378
2334602
2334594
2242111
2157165
21927451
2400460
2399123
2395973
2393461
2393460
2393459
2392537
2391139
2387479
2387478
2387477
2387241
2384338
2384064
2376107
2376105
2371002
2371001
2365847
2353674
2348763
2348031
2347987
2347949
2347947
2347946
2346404
2346403
2346399
2345187
2343739
2343275
2343274
2343273
2343272
2340634
2338318
2338317
2338316
2338311
2338310
2337567
2335065
2333941
2332254
2332252
2331037
2326039
2324923
2321597
2316908
2316904
2316525
2288980
2288977
2275141
2271805
2270573
2270572
2270559
2257833
2257830
2257828
2257827
2243933
2243926
2220100
2218739
2218738
2207022
2204880
2202671
2202670
2197542
2197539
2195160
2194930
2192989
2189898
2188476
2187631
2186939
2186938
2185159
2184223
2184222
2184220
2182686
2181868
2181867
2181012
2181011
2171024
2171022
2165447
2157335
2151956
2149657
2147895
2147893
2140674
2140465
2135782
2135781
2135780
2135779
2135776
2135498
2135353
2135341
2135340
2134794
2134791
2134785
2134780
2133940
2133937
2133936
2133934
2133874
2133869
2133790
2133456
2133455
2133454
2133453
2132213
2132209
2130359
2130322
2130321
2130133
2130132
2130043
2130042
2130041
2130040
2130038
2129593
2129592
2127755
2127754
2111983
2111576
2110519
2104351
2104349
2104347
2104345
2104344
2103607
2101665
2101656
2101652
2101650
2101649
2101648
2101646
2101272
2101270
2097945
2094735
2081134
2081128
2081025
2079176
2079174
2079173
2079171
2078430
2076457
2076228
2076227
2076226
2076225
2076224
2074407
2074406
2074405
2074404
2073690
1980593
1976747
1966240
1693012
2108499
2379104
2394293
2394292
2203655
2331615
2393539
2317391
2238918
2314884
2203381
33873972
29865734
2407833
2407832
2407825
2402258
2402257
2397118
2392553
2392552
2392530
2391184
2391182
2386100
2386097
2383787
2382079
2382045
2376275
2376273
2376065
2374806
2374804
2374803
2374743
2371736
2371734
2371732
2371724
2371722
2371719
2371718
2370706
2370447
2370445
2370443
2370441
2370438
2365676
2365675
2357610
2345377
2345376
2345374
2342579
2341958
2341953
2338087
2335328
2333751
2331649
2331590
2327600
2327480
2324355
2324353
2324352
2321557
2320667
2319440
2319439
2319200
2319058
2319056
2319006
2319005
2319004
2319002
2319001
2319000
2318367
2317848
2317023
2314870
2314866
2314863
2314854
2313515
2312583
2309669
2309668
2308094
2308086
2307333
2284651
2275366
2257825
2257824
2257823
2257819
2257817
2257816
2222665
2220098
2220095
2209952
2206606
2206603
2202686
2201745
2201174
2200911
2200567
2200566
2197670
2197669
2197667
2197607
2196314
2196313
2192780
2187972
2187971
2187970
2183628
2181110
2181008
2180992
2179803
2179359
2178393
2178392
2173504
2167705
2166996
2165788
2163643
2158643
2156985
2155529
2152004
2147891
2140447
2139124
2137534
2135521
2135520
2135510
2135507
2135123
2135116
2135113
2135112
2135103
2135099
2135098
2134940
2134939
2134938
2134935
2134590
2134585
2134584
2134583
2134582
2133796
2133792
2133743
2133738
2133737
2133735
2133734
2133691
2133690
2133682
2133678
2133676
2133496
2133384
2133383
2133382
2133345
2130055
2130052
2130049
2129103
2119996
2119992
2115820
2109000
2104342
2104341
2104340
2104338
2104337
2104336
2104335
2104334
2103022
2100386
2100384
2100383
2100382
2100381
2096309
2096306
2073363
1975497
1974596
1973319
1968937
1725574
1724271
1724261
1704647
1694801
2397831
2397830
2310629
2387172
2394287
2306405
2306396
2179085
2306473
2201635
2306620
2306614
2136923
29539676
29314974
2407756
2407659
2407326
2406428
2406425
2406423
2406421
2406294
2406291
2405635
2405634
2405121
2404655
2399181
2399178
2393455
2392523
2390966
2390965
2390964
2390962
2388023
2388022
2388021
2387471
2384878
2381787
2381784
2381783
2375849
2375848
2374802
2374800
2352320
2351070
2342455
2342451
2342450
2342448
2341976
2332137
2323175
2322523
2322521
2322170
2322169
2318262
2318261
2318260
2318259
2317251
2314911
2313528
2313527
2312892
2312891
2312890
2312889
2312888
2312017
2312016
2310737
2310736
2307752
2307751
2307524
2304750
2304749
2304026
2304021
2304020
2304019
2303575
2303574
2303573
2303137
2301391
2301299
2299457
2299060
2298487
2297978
2297977
2297409
2284648
2284645
2284644
2284641
2284639
2284637
2284636
2284633
2284456
2265896
2257815
2257812
2257811
2257810
2257809
2257807
2220088
2217718
2215791
2202590
2202588
2201743
2200872
2198107
2198106
2198103
2197665
2197663
2197657
2183347
2183346
2183344
2180727
2180726
2179517
2179342
2179341
2179339
2179337
2179336
2179331
2179330
2179324
2179319
2179317
2179316
2179313
2179077
2179076
2178681
2168248
2161730
2156042
2151826
2137285
2137284
2135093
2134933
2134932
2134930
2134927
2134926
2134925
2134922
2134918
2134917
2134913
2134911
2134910
2134909
2133445
2133440
2133437
2130317
2130316
2130128
2115787
2109348
2108712
2108659
2108658
2107231
2105346
2103600
2103599
2087341
2087340
1968100
1968099
1690283
1690282
2394280
2394279
2337774
2297443
2096581
2294437
2405891
2302357
2137346
1689175
31964001
29865706
29865669
28520191
28520185
28313144
21250078
21250075
11941085
10147515
10147501
2408074
2407942
2406493
2406306
2406305
2406304
2405987
2405691
2405690
2405125
2404229
2404215
2404109
2404106
2404045
2404041
2404033
2403945
2403943
2403940
2400110
2394554
2393925
2393514
2392551
2392549
2391181
2391179
2391178
2391177
2390019
2389116
2388017
2388015
2388014
2388013
2388011
2385579
2382510
2382500
2382087
2382085
2382076
2381781
2378584
2378583
2378579
2378453
2378167
2377962
2377884
2376297
2376296
2375494
2374996
2374797
2374796
2374084
2374080
2373756
2373565
2372252
2372250
2372249
2372244
2372242
2372239
2368606
2367817
2367243
2367242
2366920
2366919
2364401
2364398
2363109
2363032
2361713
2361701
2361700
2360701
2354675
2354673
2354653
2353208
2352351
2350267
2350266
2350263
2349864
2349067
2344293
2344292
2344291
2344286
2343285
2342596
2340871
2340759
2340541
2335527
2334060
2334058
2326826
2326817
2326814
2326805
2326802
2325457
2325456
2321912
2320986
2320985
2316124
2315663
2315661
2315658
2315351
2314320
2313606
2313523
2313522
2313518
2311624
2305485
2305478
2305340
2304952
2304951
2304640
2303602
2303600
2303598
2300724
2299662
2299473
2299421
2296947
2296942
2296913
2296453
2296452
2295999
2295994
2295707
2295354
2295351
2294902
2294757
2293893
2293887
2292599
2291891
2291377
2289593
2289435
2288974
2288972
2288689
2288683
2288004
2287776
2287614
2287613
2287612
2287611
2285644
2282067
2282005
2282001
2282000
2281721
2279825
2279533
2277979
2277978
2277050
2277044
2276168
2276166
2276165
2276158
2276155
2270555
2270548
2270547
2270208
2270205
2269499
2267050
2264797
2264796
2264017
2264015
2264013
2263947
2263937
2263936
2263935
2263934
2263311
2263081
2262538
2261610
2261601
2260405
2257796
2257795
2257793
2256824
2256817
2256814
2256813
2256569
2256568
2256567
2256562
2255996
2247222
2246107
2237365
2237363
2233100
2228455
2228209
2228207
2227061
2224045
2223669
2223668
2223666
2222925
2222256
2222255
2220084
2218432
2218382
2218281
2218276
2215914
2211736
2206408
2204997
2203393
2203390
2202279
2202278
2202277
2201017
2200103
2200099
2199927
2199154
2198670
2198654
2198226
2198181
2197656
2197653
2197399
2196898
2196896
2196893
2196867
2196708
2195368
2194283
2192519
2190761
2188638
2188155
2188148
2186890
2183395
2182701
2181647
2181646
2179516
2179512
2179511
2179176
2178296
2178229
2174199
2173133
2171842
2168732
2165244
2164558
2164466
2158617
2158061
2153852
2151998
2151978
2151976
2151975
2151974
2151964
2151963
2151962
2150460
2150459
2150458
2150457
2150256
2149905
2149902
2149675
2149484
2149481
2149479
2146831
2146826
2146476
2144091
2144090
2144087
2144084
2143340
2140227
2140226
2137170
2136972
2135907
2135900
2135879
2135875
2135874
2135814
2135812
2135793
2135601
2135050
2135042
2135040
2135038
2134897
2134895
2134894
2134817
2134814
2134296
2134286
2134226
2134222
2134134
2134133
2134131
2134129
2134128
2134126
2134124
2134120
2134118
2133976
2133975
2133974
2133972
2133971
2133969
2133964
2133963
2133960
2133959
2133956
2133955
2133954
2133953
2133949
2133948
2133947
2133946
2133945
2133944
2133943
2133942
2133941
2133817
2133814
2133811
2133809
2133808
2133514
2133390
2133388
2133318
2133167
2131758
2131756
2131755
2131754
2131753
2131751
2131749
2131748
2131746
2131665
2131662
2131660
2131658
2131269
2130864
2130820
2130817
2130545
2130544
2130494
2130447
2130108
2130033
2130031
2129621
2128080
2127646
2125873
2124184
2124102
2124006
2122518
2118777
2118672
2118206
2117631
2115852
2115325
2114268
2113826
2111469
2105571
2104882
2104299
2104298
2104297
2104292
2104289
2104065
2104064
2104057
2104055
2104052
2104042
2104041
2103019
2103015
2101623
2101618
2101268
2101264
2101262
2101258
2100231
2100230
2099567
2099564
2099563
2099562
2099561
2099560
2099559
2099557
2099554
2099547
2099546
2099544
2099542
2099539
2099470
2099291
2099284
2099283
2099282
2099280
2098563
2098447
2098445
2098439
2098364
2098348
2098061
2098057
2096957
2096955
2096897
2096890
2096476
2096475
2096315
2095696
2094846
2094786
2094655
2094278
2092680
2091596
2091590
2091516
2089868
2088238
2088234
2088232
2088229
2088227
2088225
2088213
2088212
2085159
2085157
2085155
2085153
2081689
2081443
2079070
2077985
2077979
2077771
2077769
2077765
2077575
2077574
2077572
2077571
2076063
2076061
2076058
2076032
2074597
2074589
2074379
2074316
2074314
2074312
2073392
1983728
1983698
1982203
1979450
1978503
1975459
1973576
1966855
1963055
1963007
1704210
1702287
1700966
1697160
1695923
1695922
1692972
