21634087
21882399
28520343
27027044
25861182
25838672
25838667
25838661
22186388
25018609
22051536
22051537
22186401
22109942
21771805
24431893
24279668
24279657
24279656
24279654
24279653
22103780
21905903
21750240
21332328
22172094
22111874
22103742
22082037
21767213
21767204
24431863
23890264
22172048
22168539
22150807
22145809
22092354
22066915
21985642
21834863
21834860
21834859
21973329
24431842
22204326
22120901
22084202
21905884
21815991
21745330
21626649
21615677
21378093
21367817
23788829
22171595
22126700
22023883
22015823
21967508
21905914
21905912
21767210
21477064
23762935
24431822
24431821
22092773
21914564
22176728
22158610
22092518
22082010
21982635
21828357
21745324
21427171
21414139
21223489
22207501
22198709
22160238
22145978
22145914
21964484
21895556
21683667
23253873
23674925
24293948
24293941
24293940
22205268
22200967
22198596
22194097
22181829
22181668
22180011
22173722
22161016
22160491
22151797
22146891
22143481
22107160
22105745
22102437
22099924
22083239
22070563
22069058
22015821
21911843
21911841
21905890
21811006
21767205
21728818
21414132
21310578
23674924
22499432
22209395
22120471
22116373
22092363
22081959
22080431
22076589
22034398
21740171
24422016
23025313
22209447
22160538
22143480
22124611
22124610
22116593
22113712
22113711
22099624
22092726
22092485
22065245
21808073
21745825
21693681
21478299
21429069
21345928
21303808
22221174
22211737
22211678
22184474
22184471
22181688
22181684
22145806
22137828
22120835
22092676
22084040
22020325
22000635
21968762
21936720
21905913
21905885
21780976
21768604
21411175
21309655
26858852
22908007
22887906
22863135
22863134
22863133
22863129
22863127
22827821
22333975
22209099
22192864
22188219
22166163
22151626
22151580
22145805
22136164
22107132
22107105
22107072
22099726
22098616
22066856
22015462
22009185
22009184
22009183
21979390
21968552
21960301
21947906
21937084
21932023
21887500
21871435
21842145
21833489
21809012
21805053
21789591
21773711
21762427
21750917
21722195
21722194
21633091
21623771
21586598
21531785
21478302
21345927
22866057
22855628
22787455
24422011
24422008
23544773
22732845
22732844
22149662
22149545
22149544
22149540
22141359
22141358
22129151
22122520
22113708
22112631
22105656
22104624
22092748
22092665
22092470
22087803
22074061
22066568
22035237
22019024
22011096
22009290
21990507
21976294
21970342
21962762
21948398
21948118
21915687
21912983
21880500
21862197
21855117
21853319
21845398
21842224
21809070
21800154
21789631
21780983
21773765
21764375
21748323
21739194
21707752
21698350
21692856
21669467
21631598
21621283
22754541
22082264
22177270
22158842
24592023
23858282
23858279
23858277
23730073
23674921
22691084
22691082
22691080
22691078
22691076
22583938
22545912
22192854
22190500
22187971
22153610
22150406
22139529
22138260
22138259
22136614
22131274
22126396
22122519
22117892
22117837
22103270
22099532
22098323
22098294
22098117
22089961
22088564
22074570
22074027
22068731
22066984
22066949
22066894
22066867
22059867
22051142
22051114
22050549
22050546
22050539
22050265
22050214
22049927
22023222
22004157
22004112
21952980
21950522
21942788
21928086
21925257
21923864
21923863
21923714
21916957
21916954
21895971
21883423
21883422
21870975
21830176
21812819
21811005
21790990
21787371
21771051
21771050
21771048
21771047
21732089
21726274
21720749
21718349
21717095
21707743
21707741
21695390
21692834
21681389
21681387
21667171
21667056
21655910
21652539
21647589
21637984
21615784
21615469
21614461
21611728
21607567
21603966
21584693
21573849
21571875
21567661
21564273
21564272
21564271
21558166
21557762
21557761
21545529
21538072
21519883
21519882
21507055
21488969
21474566
21323984
21303809
21235624
21235623
22676989
22583591
22583583
22522953
22522950
22505185
22494307
22286010
22212385
22211829
22211464
22209102
22204915
22198626
22191848
22189210
22188401
22188368
22188327
22173745
22166109
22160387
22150876
22146002
22134060
22117732
22104693
22093076
22093047
22092693
22092654
22085204
22077728
22074868
22070626
22060047
22058014
22041022
22041019
22040165
22024406
22021193
22014174
21998001
21986094
21984771
21966943
21959674
21942792
21942790
21942720
21919826
21918953
21910593
21906751
21905908
21883562
21883561
21861638
21854189
21848406
21843038
21815998
21812808
21797979
21793640
21783294
21780974
21777380
21722191
21692625
21667137
21617972
21614479
21611841
21529182
21504481
21443612
21384131
21298311
22539926
21982686
22005548
21732813
22696041
22676931
22524722
22524720
22524714
22464117
22432825
22414847
22402153
22402152
22394468
22316398
22315949
22211763
22209573
22206640
22200847
22190388
22190356
22188518
22188162
22186941
22180461
22177812
22177781
22169675
22151351
22138351
22134419
22130456
22092769
22092586
22092491
22092445
22086361
22085016
22077915
22074765
22074313
22066678
22066463
22051058
22050962
22050710
22044265
22041021
22040129
22038237
22032698
22032653
22032258
22022978
22022823
22017661
22010835
22007726
21975118
21974715
21972924
21954940
21954873
21951819
21895970
21883356
21870974
21861639
21854545
21815219
21790993
21764490
21752193
21752191
21723804
21703725
21676623
21636189
21624835
21604160
21570312
21547373
21497870
21488966
21478298
21468640
21457351
21453392
21448637
21448635
21435011
21394445
21389075
21384127
21384126
21380502
21344304
21331637
21331635
21320891
21303812
21300729
21287210
21274581
21262931
21228121
21632067
22137145
22074678
22035706
21944776
21940123
21849314
23459117
23450066
23449815
22341082
22341079
22341065
22341063
22341059
22227269
22226978
22213638
22213583
22207164
22205634
22203701
22202124
22201183
22192537
22177816
22176029
22166111
22166110
22166108
22159899
22155971
22155564
22155281
22155037
22153129
22150429
22131286
22128360
22128353
22108586
22104731
22094292
22093080
22088937
22079065
22077958
22074866
22044111
22038595
22036476
22033341
22032933
22032887
22027714
22023293
22023169
22007705
22007644
22007609
22003884
21993596
21981356
21972940
21964673
21960135
21958663
21947631
21942237
21942234
21936873
21932940
21930261
21930260
21930259
21925923
21923888
21920497
21913956
21902706
21902547
21893354
21892769
21890108
21883559
21883558
21883023
21879793
21875316
21867432
21865012
21861640
21859320
21848408
21843042
21830933
21827236
21815955
21815834
21781198
21780971
21780969
21780968
21780903
21771124
21760638
21749166
21740185
21740173
21740169
21701799
21692626
21665855
21544876
21424800
21409396
21375406
21360116
21336680
21318264
21305385
21287219
21279404
21279403
21277660
21274732
22260751
21849310
21775333
22129628
23674920
21733903
22154915
22677744
22677741
22677740
22677738
22677735
22301175
22298525
22298516
22296696
22296690
22288918
22251354
22251345
22251344
22244648
22244647
22244644
22244643
22244640
22244638
22244637
22244635
22244634
22244632
22244628
22244627
22244626
22244624
22230725
22230464
22211817
22209182
22206891
22206643
22197355
22190291
22183740
22166583
22157099
22156917
22150475
22144487
22143910
22139442
22138090
22136592
22133559
22120684
22119657
22117895
22104732
22101859
22101493
22100151
22092723
22091734
22088889
22081938
22079371
22079063
22075030
22070803
22070178
22054477
22050241
22047954
22044733
22044450
22044219
22042093
22036589
21999441
21995296
21992581
21992481
21988960
21985650
21978932
21978185
21963335
21958332
21950246
21940171
21924705
21923891
21920498
21917545
21907971
21902708
21902707
21895972
21895969
21895663
21895662
21854448
21854395
21848952
21848526
21833496
21819441
21809415
21806683
21802814
21796708
21794081
21790986
21773716
21763226
21752194
21752192
21743034
21692633
21692630
21692629
21692628
21692627
21690272
21689373
21684648
21679186
21627462
21617943
21609257
21574830
21574018
21564538
21488971
21443593
21415288
21377294
21336631
21327799
21292732
21291455
21289016
21273285
21271349
21249509
21246386
21228118
22294679
22178281
22001221
22120540
21855309
21652193
21839759
22012984
21872275
22008666
21940122
21821373
22068899
34662961
22014328
27820156
26964131
26339116
25885503
25757859
25756037
25756031
25206143
25206142
25206140
25206139
25206138
25206137
25206130
25206127
25206126
25191403
24987621
24987618
24855586
24749105
24478959
24027383
24006835
24006832
24006826
23964453
23960529
23960528
23960527
23960526
23875381
23875377
23798079
23798078
23798077
23798076
23798074
23798070
23767180
23678331
23586278
23534332
23534330
23534329
23534328
23534327
23534326
23534321
23534320
23534319
23534318
23522125
23508294
23507782
23505790
23505788
23505787
23505786
23505784
23492867
23483095
23470851
23459597
23457901
23457898
23448087
23448085
23448084
23448083
23448082
23448081
23434854
23430854
23425881
23421309
23421307
23421055
23421028
23421027
23420968
23413640
23413639
23413638
23413637
23409533
23409531
23394230
23393673
23378816
23367155
23366102
23346424
23346423
23346422
23346262
23346261
23341848
23341834
23338274
23338273
23338271
23338269
23338264
23338263
23338259
23338256
23338255
23331396
23331387
23326788
23326738
23326716
23320249
23320201
23320200
23320199
23319349
23319192
23318925
23318922
23318756
23318747
23318742
23316397
23316396
23316234
23308086
23308084
23306243
23306241
23306240
23306238
23306234
23306233
23306228
23306227
23306222
23306221
23304692
23304689
23304598
23304567
23304565
23304536
23304146
23303042
23303038
23301453
23301241
23301238
23301237
23301235
23301232
23300674
23300632
23297518
23294654
23291849
23286098
23286041
23285780
23285624
23285602
23285403
23285402
23285075
23284972
23284761
23284591
23272299
23272230
23271836
23268568
23268567
23268222
23268219
23268213
23268212
23264704
23264226
23264220
23264211
23258980
23258979
23258978
23258182
23258181
23258180
23258179
23258177
23258176
23258174
23258172
23257633
23255882
23252221
23252219
23251823
23251811
23251683
23251621
23251068
23251066
23250424
23243521
23243519
23243464
23240044
23239998
23238631
23235787
23230647
23230646
23230645
23230644
23230641
23230640
23230639
23230638
23230636
23227268
23226706
23226260
23226240
23226212
23221163
23221162
23221160
23221159
23221155
23221153
23210419
23210418
23210417
23210416
23209984
23209918
23209614
23209471
23207867
23207863
23207862
23207857
23207856
23207849
23207848
23207212
23207205
23207202
23207200
23207199
23207196
23198166
23198164
23198162
23193381
23188439
23188431
23185576
23185510
23185234
23184365
23175871
23173054
23166472
23166469
23166462
23152922
23152921
23152848
23152682
23150868
23150867
23140178
23140104
23136621
23133660
23133617
23133517
23133453
23128492
23128489
23128488
23125938
23125925
23124304
23124303
23124301
23124300
23119189
23119188
23119172
23118994
23118861
23116779
23115644
23115578
23113208
23112693
23112669
23112657
23109901
23106488
23097140
23095272
23094837
23094274
23094270
23094268
23094267
23094265
23094263
23093977
23091741
23091642
23091576
23091575
23091574
23091493
23091491
23091490
23087582
23087579
23087576
23086422
23086420
23086414
23082576
23082256
23077913
23072844
23071623
23066457
23064625
23060913
23060912
23060910
23060909
23060908
23060907
23060906
23059927
23059923
23059922
23056975
23056963
23056955
23056912
23056160
23056159
23056158
23056050
23056049
23055816
23049864
23049191
23037843
23037785
23032909
23029634
23029519
23029356
23029286
23029012
23028723
23028670
23028214
23011336
23011331
23011326
23011325
23011323
23008785
23008784
23006794
22997592
22997520
22992051
22991875
22991874
22991873
22991872
22991675
22991671
22991631
22991630
22991626
22991492
22991034
22990543
22988528
22985898
22983106
22983105
22983104
22983103
22983064
22979916
22975633
22973312
22973311
22971868
22971867
22970392
22969805
22969804
22968605
22968604
22957060
22953127
22953069
22949889
22947623
22937121
22936871
22934129
22934114
22930948
22930945
22930382
22928384
22928382
22928381
22928374
22928121
22928114
22927855
22927773
22924106
22924104
22924102
22924098
22924097
22924065
22924064
22919548
22919519
22919505
22919387
22919344
22918207
22916138
22908091
22908090
22907409
22907407
22907406
22907403
22907401
22907166
22905069
22900211
22900210
22900091
22900076
22899931
22891415
22891100
22889725
22889507
22888456
22888350
22879891
22876397
22876396
22876393
22870302
22870286
22866281
22865491
22864227
22864225
22864219
22864215
22864210
22864206
22864202
22860076
22855637
22848854
22848360
22844619
22844605
22844287
22842270
22842265
22842251
22842250
22842244
22842240
22837606
22836291
22834215
22834214
22830062
22830061
22830059
22830058
22829828
22822605
22822598
22814696
22814694
22814691
22814687
22814686
22813943
22813889
22810577
22810575
22810573
22810571
22805794
22802862
22799459
22796661
22793043
22792499
22792497
22792168
22792109
22792108
22792106
22790800
22790413
22790410
22790409
22790408
22790407
22790338
22790334
22788094
22783741
22783453
22783451
22783450
22781582
22781519
22779218
22779216
22779215
22778974
22778718
22778705
22778652
22777139
22770248
22768821
22768154
22768035
22763596
22763591
22763588
22759786
22755470
22754572
22754216
22745917
22745896
22744518
22742412
22742070
22739707
22739587
22739064
22737169
22732816
22732815
22729098
22724339
22723950
22723808
22720168
22719763
22715348
22714967
22714964
22708467
22708312
22706682
22702845
22701669
22701484
22701086
22699390
22690531
22690058
22684175
22679389
22678611
22678602
22678523
22677689
22675556
22675358
22675356
22673471
22673461
22673220
22673217
22669069
22666777
22666776
22666775
22666773
22666771
22666770
22666766
22666765
22666615
22666322
22666255
22666253
22666251
22665981
22664124
22654909
22654908
22654616
22645455
22639536
22632386
22629443
22629441
22629353
22629152
22629122
22628982
22628978
22628975
22628971
22628970
22628969
22628967
22628964
22628959
22619504
22617333
22617331
22617329
22615916
22615879
22615719
22615717
22614242
22614169
22611905
22611902
22611900
22586442
22577568
22577567
22577382
22577329
22577313
22572605
22570725
22567659
22567658
22567656
22567654
22567650
22567647
22567644
22567642
22567634
22567633
22567628
22567627
22567626
22567625
22567621
22567620
22567619
22567458
22567457
22567456
22567455
22567453
22567010
22567008
22566056
22566054
22566053
22566052
22566051
22566050
22566049
22566048
22566047
22566044
22566042
22566041
22565522
22565518
22565515
22565513
22565512
22565510
22563528
22563372
22558949
22558396
22558351
22558292
22558041
22557915
22557914
22557909
22557907
22557902
22557898
22557897
22557896
22557895
22557893
22557892
22557891
22557890
22557889
22548183
22548039
22539960
22539906
22538799
22536518
22536243
22536242
22536241
22536239
22529932
22529881
22524927
22519148
22517111
22517055
22517032
22516978
22515039
22513752
22509242
22508519
22508493
22508449
22507328
22507325
22505993
22505908
22505907
22505906
22505897
22505894
22502757
22496722
22496665
22496649
22488298
22488025
22485170
22482025
22481948
22479986
22479985
22479984
22479908
22479781
22475108
22474797
22472706
22472515
22470442
22469112
22467104
22462359
22462343
22461992
22461989
22461985
22460319
22460316
22460310
22460309
22460307
22457623
22457110
22456021
22456019
22456018
22456014
22456013
22456012
22455778
22454609
22452891
22452888
22452885
22449994
22449509
22449508
22449507
22449506
22449505
22449504
22449503
22449502
22448466
22447053
22447051
22447049
22442680
22439523
22439114
22438919
22438652
22438650
22438639
22437104
22436431
22435322
22435321
22435320
22435319
22435317
22435176
22434950
22434949
22434942
22432232
22432178
22432174
22432048
22431965
22431928
22430708
22430707
22430706
22430705
22430704
22430701
22430696
22430695
22430694
22430692
22430689
22430688
22429533
22412850
22411234
22408696
22403079
22399027
22399025
22398411
22397291
22395516
22392784
22380939
22379748
22371815
22368344
22368342
22368341
22368340
22368339
22368337
22368335
22368330
22368329
22368328
22367312
22363835
22363797
22363491
22363372
22363370
22363366
22363363
22363361
22362135
22360497
22360126
22359260
22355375
22353462
22353461
22353459
22353458
22353457
22353456
22353455
22353452
22347541
22347507
22344360
22344342
22344339
22344338
22344333
22343693
22340477
22339660
22337437
22337395
22337371
22335441
22332526
22331330
22327413
22327347
22322737
22322022
22322021
22319623
22319529
22317029
22316214
22316176
22316105
22315609
22315608
22313992
22313991
22313988
22313986
22313981
22313980
22313979
22313323
22300680
22299097
22299095
22292139
22291941
22291715
22291457
22287965
22287964
22287963
22286327
22286298
22285908
22276139
22275255
22275248
22274307
22274305
22259813
22259810
22259808
22259807
22259806
22259804
22259802
22259801
22259799
22259798
22259797
22259794
22259793
22259792
22258438
22253800
22253766
22249477
22249271
22246049
22246048
22244492
22244490
22238037
22237528
22237527
22237516
22237181
22237162
22236124
22234413
22232720
22230917
22230916
22230914
22230911
22230910
22229595
22229594
22229592
22229591
22229015
22229014
22229013
22229012
22229005
22222621
22220891
22220888
22220843
22219005
22216032
22211666
22204278
22201105
22201104
22201101
22201096
22201095
22201094
22196196
22196191
22196188
22196187
22196186
22196184
22196183
22194748
22194747
22192253
22192252
22189569
22189565
22189435
22189427
22184627
22184623
22182593
22179676
22174717
22170401
22159444
22157663
22157662
22157660
22157220
22156738
22156287
22153571
22152635
22152634
22152628
22152625
22152621
22152620
22152619
22152618
22152616
22152615
22152614
22152613
22152612
22152611
22152444
22151309
22147583
22142959
22142950
22141735
22141456
22139963
22139304
22138150
22137477
22134112
22133879
22133152
22129235
22127291
22118969
22117955
22117954
22117943
22116448
22115545
22114601
22113146
22102537
22101732
22100100
22100081
22099313
22099172
22098671
22098533
22094537
22093104
22093052
22093022
22092931
22092913
22092689
22092670
22079283
22077790
22074597
22065540
22062685
22057194
22052982
22049361
22045483
22040467
22040403
22040309
22037296
22034968
22034965
22034127
22028385
22019798
22018665
22009580
22008462
22004279
21993232
21990045
21986390
21984706
21984614
21981748
21979133
21972847
21968522
21965443
21965300
21960029
21959862
21958845
21956569
21954024
21952986
21951555
21948850
21944474
21942288
21942287
21942238
21942236
21940198
21940090
21930181
21924867
21913858
21913857
21912076
21910585
21906087
21902704
21902703
21899567
21899565
21895703
21885032
21883631
21883296
21868198
21855186
21851926
21848894
21848545
21840496
21827524
21827523
21821230
21819468
21815812
21814830
21806466
21806464
21803780
21802810
21793869
21793712
21793638
21789630
21787200
21787199
21782389
21778681
21778014
21750928
21743430
21743427
21740473
21736686
21733310
21718373
21710177
21707698
21705295
21696298
21684233
21668494
21667111
21635557
21613652
21611745
21567120
21563949
21563946
21556728
21556726
21553068
21553067
21545532
21545377
21534842
21504480
21504268
21504267
21500084
21494835
21492235
21492064
21491264
21486180
21476043
21449691
21443587
21435013
21353579
21254371
21227554
21224252
21183521
21069407
21038101
20859649
20842517
20809080
20737181
22343698
22224174
22200116
24432254
22193485
21543396
22187985
21525060
22670010
22188872
22182416
22178839
22237568
22180266
22180265
22180264
21932327
22279869
22131544
22274100
22158197
22158168
22152679
22161448
22161444
22161414
22159091
21471111
22180850
22142280
27264586
29539333
27502628
26761254
25309718
25161491
23408145
23372605
23372604
23372602
23372598
23372586
23205173
23204753
23204737
23113104
22849931
22783715
22737440
22717909
22701876
22645806
22645800
22635002
22570643
22462249
22457991
22457989
22457988
22457987
22423408
22409141
22409140
22409019
22408898
22408892
22408889
22375448
22368796
22363945
22340324
22338203
22338201
22336363
22333358
22333348
22332587
22332584
22332576
22324008
22324005
22320072
22320071
22320069
22320068
22320066
22320063
22320061
22306506
22304052
22276969
22268345
22263338
22263337
22263334
22263333
22263332
22263330
22263329
22259707
22259701
22256725
22243264
22243263
22243258
22243257
22243253
22243250
22243249
22243248
22243247
22243245
22243243
22243232
22243230
22243222
22242325
22241321
22241317
22241315
22241314
22241313
22241304
22241303
22232728
22232727
22232726
22232724
22232722
22216543
22208079
22205592
22200705
22193654
22193651
22185256
22185251
22185250
22185249
22185246
22185244
22185242
22184602
22184272
22183696
22182224
22180123
22176143
22172878
22169849
22169848
22169847
22169843
22169839
22167042
22167039
22167037
22167036
22167035
22167031
22167028
22159376
22156182
22151244
22150095
22149872
22146956
22146953
22144914
22144452
22142301
22142299
22142297
22142295
22142294
22142293
22141883
22139949
22139265
22137034
22134057
22133964
22133960
22133954
22133953
22133951
22133949
22133946
22133944
22133389
22132967
22131320
22130440
22130438
22130435
22127785
22126354
22126353
22126345
22125409
22122852
22122851
22122847
22117790
22117722
22117721
22117717
22117714
22117711
22112035
22112026
22109757
22109697
22105681
22105680
22101124
22101123
22101119
22100774
22100327
22099908
22099906
22099904
22099902
22099900
22099898
22099896
22099893
22099892
22099891
22099860
22099859
22099858
22093766
22092695
22092565
22092509
22092502
22091729
22089654
22087723
22087714
22085623
22078835
22078829
22078824
22077591
22074273
22074271
22067601
22065800
22042738
22042709
22042540
22042518
22032966
22030152
22014998
22014683
22014582
22013203
22012791
22009069
22002901
22001378
22001103
22001066
22000641
21992999
21986880
21983002
21982693
21981814
21978465
21975363
21974965
21974720
21973022
21967484
21962558
21960682
21958473
21953025
21945898
21944280
21940522
21940519
21940517
21935514
21925730
21925721
21921249
21920706
21915893
21915706
21911033
21910743
21909755
21907757
21907756
21906971
21906970
21899989
21895973
21895700
21889261
21883767
21883632
21883295
21873086
21872509
21872503
21862289
21855855
21854544
21851368
21851367
21848615
21810172
21805369
21802823
21790989
21790988
21790987
21790976
21790664
21790483
21785835
21783173
21783172
21774914
21764200
21764032
21762407
21756267
21752351
21752189
21751042
21740457
21734979
21727006
21722306
21714956
21707920
21707919
21707697
21707696
21704696
21704305
21703902
21689955
21671720
21644998
21615863
21595739
21594237
21590273
21587054
21569075
21563951
21563270
21563265
21550585
21537982
21533621
21533604
21513472
21513471
21505851
21503610
21486182
21470746
21465294
21451956
21443608
21441220
21436755
21389074
21382088
21342242
21337038
21282284
21282283
21273286
21246076
21246073
21228117
21208808
21054507
21035293
20967560
20952277
20938795
20936314
20925498
20922439
20838834
20830497
20821262
20703775
20697755
20676908
20609005
20604813
19673925
22131434
22126584
22126237
22084104
22118652
22173441
22116253
22116230
22116223
22114788
22114285
22108000
22103649
21490016
22100158
21945187
21787761
22514571
22075911
22075880
22020075
22027645
22027643
22070470
21985392
22025685
22109167
22051679
22048311
22047141
25426903
25426902
25426897
25426893
23627308
23627306
23554719
23193881
23193880
23074374
23016936
22786861
22774700
22666945
22545178
22484902
22484899
22484893
22484875
22484874
22484870
22484869
22484868
22484866
22439258
22439257
22432388
22379766
22372276
22372275
22372273
22372268
22372264
22353416
22353415
22353413
22353410
22353409
22353406
22338817
22338814
22338466
22335988
22333313
22333304
22333301
22333300
22332555
22332550
22313932
22313931
22313929
22313922
22313920
22313918
22313916
22313915
22277462
22276498
22269246
22269245
22269243
22269241
22269235
22269234
22269232
22269231
22269230
22266887
22263313
22243284
22238995
22238994
22238993
22238990
22235519
22235516
22235515
22231005
22231003
22231002
22231001
22231000
22230997
22216562
22210461
22187806
22167932
22167930
22167927
22167441
22167436
22167433
22167426
22167425
22167421
22163207
22147239
22147235
22147230
22146257
22146256
22146254
22146247
22140673
22140672
22140671
22140668
22140667
22140666
22140664
22140663
22138776
22134329
22134313
22134278
22134275
22134273
22134269
22125984
22124835
22124834
22124507
22118800
22098914
22092476
22092472
22092471
22091748
22078349
22075817
22075813
22074843
22074841
22074836
22074832
22070360
22067873
22067857
22067855
22058394
22057609
22052833
22051498
22051495
22051493
22051492
22051490
22051489
22051486
22051483
22051482
22050521
22043023
22041411
22041410
22025998
22025996
22025719
22024181
22024180
22023611
22023545
22023543
22021688
22018168
22018166
22008304
22008303
22008302
22008301
22008300
22006687
22004856
22001341
22000469
22000467
22000464
22000463
22000458
22000454
22000453
22000452
22000451
21999420
21997759
21990121
21985286
21985210
21982631
21982605
21982602
21981975
21953824
21953490
21939751
21924752
21924317
21923283
21922197
21921250
21921248
21917600
21917599
21913864
21913862
21913859
21911787
21908176
21906086
21902699
21902652
21893061
21889936
21868269
21868227
21868058
21864642
21864128
21864127
21864126
21864123
21864081
21862492
21859317
21855197
21854379
21854378
21849251
21827850
21827459
21824651
21823787
21821447
21821446
21821331
21820389
21819837
21809068
21793955
21787890
21784718
21782307
21778091
21774579
21762456
21762176
21752507
21752506
21744984
21743431
21743422
21743421
21743419
21743418
21743410
21743405
21743404
21743399
21742358
21741240
21740445
21732762
21732412
21729438
21718374
21718338
21718335
21714589
21703595
21702853
21702852
21699367
21696697
21689374
21689177
21689174
21683341
21681747
21671713
21671711
21668343
21658075
21658074
21644837
21640979
21633854
21631293
21623838
21621192
21605117
21592462
21554179
21550587
21549473
21542729
21531473
21524172
21518005
21513474
21513470
21511272
21509617
21507194
21492063
21486179
21486178
21458016
21457348
21449687
21443607
21426267
21382085
21370303
21356026
21342005
21309859
21259377
21251078
21242008
21210265
21196884
21196853
21196844
21196834
21170545
21086189
20971754
20953875
20934291
20832378
20815732
20730468
20615643
20582610
22035324
22035133
21880727
22029896
20301366
22031878
22031326
22013926
21890626
22014519
22008693
22008058
21987823
21924961
22027653
21998380
21998330
21993719
21992604
22675019
21985746
21764231
21723055
21664775
21658870
21979369
22679169
27365850
26322197
25756021
25756015
24551438
24421993
24331130
23960518
23960513
23960512
23738522
23508355
23507744
23193877
23193870
23175898
23175889
23130074
23130072
23130071
23130069
23130068
22991618
22922897
22900453
22900448
22900446
22900439
22900437
22900436
22712087
22710545
22708475
22686106
22686102
22686101
22661849
22654551
22589581
22589580
22529509
22519238
22509461
22509457
22509456
22509454
22471158
22471157
22420390
22400208
22380669
22368371
22368370
22368368
22368363
22368358
22346177
22346174
22346173
22346170
22346165
22346161
22346160
22346156
22321636
22320292
22320290
22320289
22320287
22320284
22309871
22309867
22299524
22281884
22276481
22276480
22248948
22247929
22242401
22223940
22206144
22206140
22168805
22168330
22165460
22165459
22165455
22165453
22165451
22165132
22165130
22165123
22165122
22165113
22165109
22165108
22165107
22144820
22144819
22144818
22144817
22144816
22144812
22144807
22144805
22144801
22144800
22144799
22144798
22144797
22135696
22135694
22135692
22135691
22135689
22135686
22132585
22132584
22128671
22128665
22128645
22128634
22128633
22128630
22128493
22109377
22109374
22109373
22109372
22109368
22109366
22109365
22109361
22109360
22106713
22090689
22087417
22087416
22082857
22082855
22082853
22081200
22076899
22073813
22073810
22073809
22073807
22073806
22069942
22043468
22038364
22031208
22031139
22031135
22029365
22029364
22028665
22025986
22025850
22022696
22022082
22016320
22016319
22016318
22016317
22016316
22016314
22016313
22016312
22016311
22014739
22008929
22005407
22004039
22003881
22003879
22003878
22003877
22003832
22000434
21995375
21995374
21995373
21995372
21993070
21993069
21993068
21993067
21993066
21989873
21987543
21986661
21986657
21986652
21986650
21986649
21983727
21983720
21983498
21977952
21977949
21976346
21975795
21975495
21973367
21971573
21971572
21968045
21968044
21967947
21967945
21967940
21967939
21967934
21967579
21965491
21965487
21962585
21962583
21962582
21960400
21959847
21958972
21957316
21952659
21943819
21936025
21936024
21933737
21933727
21926479
21924417
21924204
21924203
21924202
21924201
21924198
21924192
21924188
21924184
21924182
21924181
21924180
21924179
21922480
21922246
21922123
21916925
21909505
21909501
21909499
21909497
21909495
21907512
21903994
21903212
21899540
21896645
21896056
21896053
21896048
21892080
21887764
21883630
21881517
21879347
21876869
21876867
21876866
21876865
21876864
21855600
21852627
21845293
21844814
21840585
21839566
21833583
21831678
21827819
21820728
21820727
21820483
21819395
21811168
21806704
21802155
21801800
21795026
21792909
21790974
21784516
21783167
21778090
21778088
21778084
21777268
21774982
21770998
21764587
21764203
21762408
21762378
21752458
21752033
21722953
21722307
21718392
21718334
21714074
21702874
21699433
21696818
21687927
21683429
21679183
21668887
21664155
21658175
21658073
21658072
21645241
21624384
21621436
21618593
21618268
21615864
21615862
21615861
21615860
21615410
21612767
21557755
21550588
21540741
21530942
21529776
21514566
21513473
21501233
21495818
21474227
21471325
21470594
21456945
21444261
21440242
21438959
21435634
21417587
21411061
21405979
21397583
21385200
21375560
21320171
21320168
21309858
21309716
21306804
21296639
21296638
21291453
21262933
21251082
21250830
21246075
21246069
21244498
21241351
21241349
21168271
21135034
21127168
21116675
21097991
21097534
21071238
20978644
20978640
20965624
20951663
20947226
20932786
20883114
20809268
20706752
20694567
20661607
20652339
20585815
20553126
20505963
20499116
18246416
21991896
21763757
21943132
21862219
21943059
21941319
21940880
21937973
21968682
21900630
21896733
21923940
21917184
21782213
21462317
22102967
21918263
21910887
21561728
21514079
21905899
21902840
21854758
21888664
21730053
27678239
27678238
27678235
27678234
27678231
27678228
27678227
27678226
25090745
23738993
23477271
23477270
23120958
23032220
22977579
22942948
22942593
22942581
22942580
22942579
22942575
22942573
22645796
22645795
22645792
22645791
22461825
22428524
22406726
22406725
22406719
22406718
22406708
22406704
22406703
22406702
22313834
22313832
22313829
22313822
22313821
22299456
22282578
22269200
22269199
22269198
22269195
22269194
22269193
22269192
22269191
22231792
22207922
22191290
22190900
22190899
22186252
22177364
22177360
22177356
22166776
22164747
22144847
22144846
22144844
22132567
22126932
22126931
22126930
22126929
22126928
22126926
22126924
22104713
22104712
22104708
22104707
22097118
22094574
22094571
22077690
22077689
22077688
22077687
22077686
22077682
22077681
22053618
22053572
22053553
22053249
22053248
22053240
22046914
22046906
22046905
22046904
22043576
22039713
22039712
22031059
22031058
22031057
22031053
22031050
22028581
22026291
22017133
22017117
22010096
22010091
22010090
22010081
22010071
22003943
22003938
22003934
22003930
21995252
21992904
21987070
21980643
21972580
21966241
21959671
21959670
21959669
21959664
21959661
21959658
21959653
21959476
21959468
21959465
21959464
21959408
21957834
21957634
21957633
21957630
21956631
21956630
21956353
21956349
21956348
21950532
21949479
21945768
21936454
21933708
21932712
21931568
21931204
21931203
21916361
21916360
21916358
21916357
21916356
21916355
21916354
21916353
21916352
21914435
21914434
21910363
21910362
21909869
21909489
21909486
21909484
21909483
21909482
21894350
21890859
21890854
21890847
21889089
21889088
21889084
21889082
21889078
21889076
21889063
21889061
21889007
21889006
21889005
21889004
21889001
21889000
21888999
21887625
21887616
21887615
21884151
21884141
21881097
21881058
21881057
21881056
21879290
21875995
21875992
21873135
21872794
21862563
21859318
21859315
21855817
21855813
21855809
21855438
21846559
21846558
21846557
21846555
21846554
21846543
21846542
21846539
21846536
21846535
21846533
21845247
21845244
21845242
21843027
21842010
21842005
21842004
21840889
21834707
21831973
21831972
21830224
21827960
21824888
21819199
21815252
21811787
21809050
21805464
21805386
21803906
21802189
21802102
21783299
21770993
21763390
21762421
21753135
21753131
21750960
21745530
21743417
21741877
21730255
21724962
21722950
21712529
21710656
21707411
21703673
21700327
21699591
21696348
21692833
21688294
21679365
21671948
21668809
21666106
21665263
21664151
21660994
21656295
21643723
21641050
21631614
21630318
21626017
21624638
21615757
21615398
21608012
21602028
21600700
21599707
21598291
21590514
21590479
21571111
21568647
21565931
21564141
21550269
21548712
21545301
21545300
21539907
21538159
21537920
21535022
21531598
21524241
21504437
21503623
21503568
21496018
21489002
21481035
21481034
21477154
21470321
21470234
21463218
21449689
21443745
21419390
21411060
21395472
21392732
21392193
21382610
21375428
21371799
21342001
21342000
21332571
21331452
21314708
21299412
21298500
21284711
21284690
21284553
21211919
21196858
21196856
21196852
21196845
21138466
21080110
20851501
20832327
20815718
20815714
20725757
20719416
20680319
20669038
20635106
20598351
20589404
20532581
19744198
22679052
22679047
21869791
21869781
21869770
21734609
21876532
21862989
21732632
21835745
22678735
21854557
21851641
21806966
21766346
22567060
21601224
21836575
21836574
21820100
21827951
21763761
21827655
21753178
21741622
21803284
21810270
26989596
26500808
25962034
23914134
23198468
23198467
22611455
22506165
22448375
22169747
22132649
22128590
22103215
22103132
22016921
22016919
22016916
22016914
22016913
22016911
21957822
21956587
21954803
21952927
21932675
21932670
21932665
21932658
21932656
21932647
21912506
21912505
21912503
21912498
21912497
21912495
21909616
21909614
21909611
21909607
21909602
21909600
21899023
21898197
21895317
21892236
21878736
21878732
21877005
21872808
21854175
21851353
21851351
21849115
21843228
21829741
21826539
21826538
21822090
21821165
21821164
21821163
21815717
21809253
21806909
21806907
21806902
21806755
21806753
21806751
21806726
21804060
21803267
21803260
21803253
21803236
21803235
21802648
21797832
21787340
21785362
21780246
21779637
21778891
21778885
21777334
21771273
21771272
21771268
21771187
21771186
21771185
21771183
21771182
21770936
21768856
21767692
21763916
21763914
21763911
21763907
21763898
21763897
21763896
21763895
21763894
21763893
21763892
21763891
21762405
21762159
21762152
21753734
21752045
21752044
21741241
21729244
21726597
21726596
21726288
21726286
21726222
21726221
21726220
21710099
21710098
21710095
21710092
21710090
21704669
21704601
21696339
21684808
21684782
21681064
21681059
21680150
21680076
21664848
21657973
21655776
21655774
21645242
21643798
21636654
21635689
21632222
21631726
21631725
21631375
21631374
21631287
21630319
21628717
21628640
21628067
21627675
21626468
21620926
21617848
21615682
21610502
21602466
21601991
21601439
21600200
21596427
21591243
21590711
21586666
21586664
21576336
21574020
21557745
21541924
21535404
21535403
21535402
21535401
21535021
21530335
21530334
21520071
21517856
21507688
21507612
21491990
21481603
21470248
21466946
21463956
21458326
21449989
21448236
21447140
21434979
21421829
21418504
21417716
21404066
21392149
21371732
21360742
21356017
21344413
21336783
21332475
21324436
21316646
21294761
21284552
21246068
21241348
21220360
21219100
21212168
21198897
21198773
21198763
21175736
21173030
21114515
21113806
21104429
21091540
20978649
20978646
20978645
20978639
20966067
20845265
20833686
20711126
20711116
20690855
20652385
20638150
20553161
20553159
20553144
20405184
20393863
20387085
20372949
20223781
20185261
20185260
21730753
21861868
21800264
21798057
21794177
21679952
21737751
21785432
21781301
21777482
21700837
21636852
23674914
21761392
21741611
21627170
21455944
21371836
21752992
21752247
21749712
21715711
21740535
21738189
21738173
21703228
21602615
21592483
21570687
21565347
21123264
23896787
23896785
27365832
27365813
25452959
24778690
24778688
24673943
24478958
24421991
24151420
23960510
23960508
23960506
23738967
23738966
23483109
23483078
23482900
23482647
23482429
23267293
23209974
23198476
23130066
23130065
23130064
23130063
23130062
23130061
22991615
22991612
22991611
22922863
22922855
22639520
22639515
22639505
22586832
22457841
22457838
22408326
22408324
22408322
22346243
22299487
22216654
22216653
22186869
22186866
22186864
22186863
22186856
22136009
22128473
22124075
22124067
22124066
22124065
22124064
22124063
22124060
22124059
22124058
22124057
22124053
22124049
22110779
22090779
22090778
22090777
22090775
22090773
22090772
22090770
22090769
22090767
22090766
22090765
22090761
22090760
22090759
22090757
22090756
22090755
22046813
22046812
22046704
22046703
22046701
22046699
22046698
22046696
22046695
22046694
22046693
22046692
22046690
22046689
22042344
22041631
22041628
22041117
22041116
22041113
22041112
22037071
22028520
22028519
22028514
22028509
22028507
22028504
22025842
22025841
22025837
22025836
22025833
22025832
22025831
22025830
22025828
22025827
22025824
22025823
22025822
22025821
22025820
22025819
22023754
22013474
22013473
22013472
21985887
21985884
21985883
21985882
21985878
21985874
21980651
21976893
21972484
21972463
21970046
21965322
21957777
21939106
21939102
21935837
21935508
21935505
21935504
21935503
21935502
21932633
21916373
21916372
21916370
21913841
21913840
21913603
21905352
21905350
21903563
21903560
21903559
21903558
21903556
21903555
21903553
21903551
21903550
21903004
21903000
21902998
21902997
21902996
21899174
21897694
21897677
21894876
21894873
21888773
21882509
21870475
21861352
21860923
21860920
21857125
21845931
21845818
21845759
21841998
21841997
21841996
21841269
21841267
21841266
21841265
21841263
21837309
21837308
21837307
21837303
21837302
21837300
21834713
21834712
21834708
21827224
21827223
21827056
21819202
21819198
21818041
21817005
21808919
21808760
21806257
21806256
21806255
21806252
21806251
21806250
21806248
21805289
21789962
21789959
21772216
21772207
21772194
21772186
21772176
21772164
21771172
21769280
21769277
21769276
21769275
21769274
21769270
21769268
21769267
21769266
21769265
21744196
21742249
21740509
21734968
21734967
21734966
21734964
21734963
21729122
21726695
21724096
21724095
21724094
21724093
21724092
21724091
21724090
21724086
21724071
21724070
21724067
21723993
21723990
21722120
21719808
21719807
21719806
21716989
21716988
21716986
21716982
21716981
21716980
21716975
21716968
21709654
21709653
21709649
21707791
21705420
21702761
21700161
21697156
21697154
21697153
21689563
21689554
21689552
21689547
21689546
21689545
21689543
21689542
21689541
21684131
21683264
21677089
21677087
21677086
21677085
21677082
21677081
21677079
21677078
21677077
21671993
21671373
21669355
21663865
21658057
21652647
21635580
21634018
21632710
21631631
21631629
21627710
21627709
21626680
21626677
21626673
21621580
21617390
21614593
21607801
21601496
21596648
21592593
21585590
21565726
21565718
21564157
21561647
21554921
21554920
21554306
21549801
21549485
21549419
21541928
21541927
21541920
21538006
21531917
21529922
21529807
21516293
21514654
21508821
21507946
21505204
21504057
21500248
21496183
21493625
21491476
21491101
21491100
21488936
21474331
21474163
21470322
21470320
21470251
21466566
21458324
21458320
21458233
21458067
21457804
21453413
21448219
21447137
21447075
21446866
21440094
21433061
21429473
21426429
21421020
21420145
21419540
21406002
21406000
21404329
21401750
21385096
21377328
21375427
21371203
21366627
21366626
21366625
21361777
21361776
21353572
21352240
21348901
21342251
21341998
21341996
21337320
21332851
21332600
21332377
21323803
21306230
21306223
21299411
21292375
21284546
21265972
21258814
21254955
21247554
21247228
21245413
21235337
21232798
21231816
21227403
21215980
21211791
21208610
21198774
21196874
21196865
21196863
21196859
21196828
21189085
21177129
21168924
21142982
21142981
21142979
21138359
21134786
21133984
21121958
21121943
21118289
21091529
20854719
20801667
20711139
20711123
20711108
20655131
20549280
20532582
20526261
20473775
21055830
23674913
21709707
21670299
21701458
21701457
21592484
21699678
21689415
21672952
21505225
21504905
21678375
21676233
21484985
21208756
21672241
21668968
21668959
21068036
21637256
21552278
23391834
23193864
23193862
23193860
22655120
22654994
22654371
22654361
22654360
22654356
22654355
22654353
22654349
22364094
22364090
22224348
22195380
22066297
22003807
22003804
22003803
21977477
21977476
21914385
21914374
21894832
21894831
21894829
21882477
21874939
21874937
21874936
21874934
21874933
21870559
21870541
21845825
21838176
21834316
21834311
21834310
21830492
21830357
21827039
21818918
21814618
21814617
21814614
21811690
21811688
21811686
21811685
21804619
21789935
21787510
21787509
21787505
21787500
21787499
21787498
21787490
21787489
21787486
21787485
21787484
21787483
21787482
21787481
21780732
21780729
21780361
21780358
21780357
21780356
21780355
21780353
21779747
21779746
21779745
21779744
21779738
21779734
21779732
21779728
21776867
21776859
21776856
21776853
21776851
21776846
21776844
21776842
21776841
21770164
21761797
21761796
21761795
21755894
21755892
21755128
21755115
21741008
21734961
21734960
21734958
21734956
21734955
21734954
21734952
21721818
21721336
21718620
21717228
21712634
21712631
21712628
21712617
21710764
21709994
21705303
21703127
21702120
21698804
21696491
21693317
21692914
21692910
21692908
21692789
21692787
21692785
21692781
21677099
21674838
21674458
21670786
21668285
21668283
21668281
21668280
21668276
21666566
21666564
21666563
21655699
21655538
21655088
21651541
21649834
21649626
21643405
21642526
21642520
21640891
21640889
21640888
21640884
21640883
21640882
21640881
21640880
21640877
21640867
21640865
21640862
21640240
21640238
21640237
21640236
21640064
21640060
21640058
21638265
21631917
21628685
21628684
21628683
21628682
21623815
21623814
21623813
21623812
21623811
21622194
21614629
21613946
21613657
21607969
21606154
21605837
21601143
21585588
21576112
21571202
21569094
21567919
21564520
21564519
21564518
21564517
21564321
21564317
21564313
21564147
21564120
21564118
21564117
21564115
21564114
21564113
21564111
21557575
21556386
21554375
21549654
21544022
21535405
21533547
21531138
21530435
21519583
21514355
21511550
21511320
21510999
21508433
21506857
21505942
21504778
21504540
21499814
21497361
21497001
21496987
21496203
21496201
21492889
21492501
21489618
21488937
21488934
21488933
21488932
21470662
21469080
21469070
21459024
21458327
21456028
21453961
21453746
21452053
21439867
21439864
21439860
21438960
21418206
21412994
21412937
21397892
21397593
21395619
21380723
21376544
21365613
21364090
21357618
21342437
21342436
21342210
21338359
21327736
21316136
21315079
21314828
21306403
21306402
21292367
21288616
21277059
21276020
21276018
21276017
21272053
21272043
21255047
21246078
21214364
21211890
21211883
21185010
21176828
21168446
21138354
21135035
21131666
21117895
21114516
21091754
21091525
21091353
21091345
21073331
21070378
21070328
21070323
21070319
21055978
21052870
21039750
20978650
20960226
20955394
20835760
20819783
20798209
20730577
20729403
20658349
20651043
20638305
20593258
20573534
20457084
20383545
20372951
20238232
19744201
19681926
19681925
21624132
21619664
21617654
21617648
21605452
21320759
21167668
21811542
21587243
21508331
21440894
24765292
21644905
21523736
21420399
21668205
21363966
22696724
27857665
21790069
21562635
21551042
21372139
21239122
21168288
21502515
21456602
32698556
32698551
32698549
32698548
27672261
27672260
27672259
27672258
27672257
27672256
27672255
27672253
27672249
27672247
27672245
27672244
25426609
25426604
25426603
25426601
23738895
23738894
23738893
23193854
22529591
22529581
22186819
22186814
22186810
22186809
22065389
22048606
22048601
22048600
22048599
22048597
22048596
22048592
22048590
22048585
22048576
22048574
22048572
21984957
21948637
21941481
21903547
21903542
21903541
21903538
21903530
21903529
21882594
21866848
21858965
21851256
21839005
21829890
21808400
21786649
21785191
21781555
21755239
21740813
21740242
21740239
21740236
21738991
21736189
21733387
21733384
21733383
21733377
21733376
21733361
21721477
21721476
21721474
21716567
21714408
21714403
21703081
21703076
21703074
21703073
21703072
21703071
21696116
21696115
21696112
21696111
21696107
21693372
21691615
21691612
21691606
21691605
21691604
21691596
21685518
21675687
21670860
21670852
21661661
21661660
21661659
21661658
21656934
21655133
21650123
21650120
21625743
21625740
21625735
21625731
21622060
21614856
21602140
21602131
21601722
21597427
21586976
21586969
21586952
21576422
21563076
21558932
21558929
21558905
21550568
21539523
21536214
21536212
21536208
21536207
21536204
21536202
21536195
21536188
21536184
21532045
21531932
21531931
21530760
21530754
21521217
21521200
21521189
21519574
21519563
21519561
21519560
21519557
21519554
21518073
21514442
21514436
21511477
21503417
21503416
21496677
21496676
21496674
21496671
21496665
21496664
21496662
21496661
21496659
21496658
21496657
21496656
21496655
21496654
21496652
21495857
21493880
21493879
21493876
21492806
21492796
21492345
21492213
21490234
21490069
21487305
21484759
21484260
21481183
21480940
21465174
21457456
21452054
21451531
21451313
21448908
21447550
21442243
21439345
21430263
21425303
21404297
21402782
21397316
21396611
21393032
21392047
21376100
21365284
21362013
21361946
21356014
21356011
21347739
21346770
21345598
21342213
21341975
21339340
21335538
21334416
21333564
21332850
21332717
21330107
21326314
21314830
21314691
21312179
21300330
21299390
21297013
21297012
21297011
21296195
21294735
21285398
21282725
21282040
21276021
21276015
21276014
21261490
21261487
21261484
21256650
21256648
21256252
21255043
21255042
21236369
21232637
21231818
21231815
21227485
21227484
21226625
21224409
21219366
21219365
21216067
21216066
21216063
21204703
21199329
21196877
21196850
21196840
21196833
21196826
21195526
21193170
21176870
21147150
21146154
21146152
21144496
21143533
21127931
21114593
21114589
21107784
21080788
21078081
21074463
21054511
21054226
21041048
21029265
21029149
20961345
20961344
20961342
20952229
20945405
20939845
20936432
20929720
20868433
20836083
20836082
20827678
20801061
20799278
20711137
20711109
20572777
20568035
20526266
20422239
20414707
20393770
21493450
21292267
21527036
21525793
22696673
22696669
21508990
21512030
21217782
21541253
21501526
21464327
21464310
21503128
21503127
21526202
21416527
21371833
21353293
20880643
21541094
19913930
21486431
22750378
22750377
22750375
22750372
21475255
21477320
21220420
20861053
22750369
22750363
21494685
21295015
24765264
21466692
21436034
21811537
27877385
27365787
24800351
24778687
24778686
24421987
24151417
24024023
23960505
23960502
23804741
23130060
23130059
23130058
23130055
23019514
23019513
23019510
22810821
22700604
22408306
22390125
22013471
22013465
22013464
21998814
21998812
21998808
21976845
21976844
21976837
21976831
21970244
21970235
21957390
21957387
21957385
21957382
21957380
21913517
21911962
21911960
21911959
21911957
21911955
21911954
21911953
21911952
21911951
21911950
21911944
21911943
21905366
21905362
21874896
21874894
21874893
21870721
21848031
21848030
21848029
21848027
21814367
21814365
21814363
21814362
21814361
21814359
21814358
21814355
21814354
21814351
21814350
21814346
21814345
21789292
21789291
21789286
21785204
21774138
21774135
21774131
21772703
21772697
21769208
21760690
21748978
21748977
21748975
21739868
21735866
21734816
21706883
21698993
21698989
21698987
21698985
21696125
21696123
21696122
21692235
21678673
21678672
21678671
21678670
21678669
21678668
21678666
21678664
21675680
21675679
21675678
21675676
21675675
21675674
21675539
21667831
21667830
21661590
21661587
21630522
21627023
21627018
21617272
21612715
21612709
21612707
21608285
21608284
21604513
21598504
21598502
21598495
21598491
21598490
21598488
21598487
21598486
21598484
21598483
21598480
21598476
21598475
21594996
21594230
21594228
21594227
21594224
21594223
21585076
21585075
21566880
21566873
21566867
21566865
21566862
21563728
21563725
21561486
21561484
21561483
21561020
21561017
21560744
21560742
21560741
21560739
21556260
21556258
21556257
21556255
21554274
21552710
21543013
21539172
21529099
21528124
21528122
21528121
21528117
21516280
21516279
21516278
21516277
21507764
21505998
21494395
21494394
21494393
21494392
21494391
21494390
21494387
21494386
21494385
21494384
21494383
21494382
21494381
21491018
21491015
21491011
21491010
21485402
21478954
21477035
21477033
21477031
21474001
21473996
21473995
21473994
21473993
21473992
21473991
21473990
21473989
21473841
21473840
21473839
21473836
21473835
21471944
21471942
21471940
21463976
21463382
21459728
21458650
21458646
21458645
21457868
21457865
21457863
21457859
21457858
21457857
21457856
21457842
21457841
21457840
21457838
21457836
21457628
21457626
21455852
21454848
21454844
21454843
21454836
21454835
21454834
21453619
21453129
21448017
21441478
21441202
21438867
21435543
21435541
21435540
21435538
21435537
21435535
21435530
21435529
21435527
21420643
21420632
21419367
21419310
21419309
21419308
21419307
21419306
21419304
21419302
21419300
21419299
21419298
21419297
21419295
21419293
21419291
21418412
21418411
21413154
21410794
21410561
21410560
21410557
21410556
21410550
21404236
21404234
21404231
21403930
21403928
21403927
21403926
21403925
21403924
21393063
21385317
21385313
21371372
21365666
21360164
21351181
21337347
21334704
21324501
21323785
21323645
21319166
21316634
21316620
21316619
21316617
21310684
21310632
21309070
21309064
21308406
21308405
21300130
21299588
21295848
21292515
21291948
21286948
21284765
21284688
21281970
21281444
21281442
21281441
21281440
21281439
21277678
21276016
21272971
21256915
21255895
21255040
21249529
21226737
21225658
21220016
21219360
21212314
21212313
21210833
21199335
21198759
21195473
21194847
21194846
21191126
21182449
21176946
21168501
21167964
21166827
21163516
21159693
21159372
21146640
21144495
21120687
21118415
21115144
21111400
21106132
21070693
21070320
21059875
21054555
21054224
21043803
21043799
21043793
21029264
21029144
20971695
20969613
20965634
20950917
20950914
20949630
20937669
20932909
20890705
20878404
20878157
20868428
20851474
20843235
20841314
20819136
20817349
20796226
20731536
20728296
20709724
20709618
20708944
20678841
20674129
20663781
20660128
20644971
20618350
20558788
20553158
20541237
20511359
20452232
20446027
20403738
20349098
20303242
20221780
20151312
20143243
20143242
20140470
20127378
20094743
20054594
20049493
19574270
19574268
21473038
21566716
23896781
21436818
21436798
21436452
21436427
21241668
21426572
21410991
21687508
21566717
21566691
21411665
21404979
21328527
21218767
21394153
21394152
21394140
21396097
21236248
21288981
21490718
21483728
21385712
21566718
21366912
23738831
23329911
22946383
22946368
22545188
22545185
22445401
22379307
22379301
22379300
22379299
22379298
22186759
22186757
22186756
22186752
22186750
22186749
22034785
21990799
21984459
21977473
21977469
21977467
21942137
21903525
21903524
21903523
21903511
21903509
21891920
21891918
21891917
21891915
21891904
21891903
21891899
21891895
21891893
21891892
21891889
21891886
21891883
21866818
21826383
21777100
21777099
21777098
21777097
21777096
21777095
21735966
21703065
21703064
21703063
21703062
21702678
21702671
21688605
21688603
21678870
21678868
21667538
21667533
21661375
21661357
21657089
21608500
21608499
21598646
21592211
21592210
21586373
21586215
21575444
21575437
21575436
21575434
21568211
21560658
21559188
21556242
21542426
21537640
21537639
21537638
21528686
21528685
21525536
21504505
21504504
21504497
21503854
21503852
21503195
21503192
21503191
21503190
21500616
21495798
21491767
21491766
21491765
21485890
21485884
21485245
21485244
21485241
21485240
21485239
21485238
21485235
21485230
21485227
21485114
21484546
21484545
21484544
21483896
21483895
21483893
21483874
21479279
21479276
21479275
21477546
21471548
21471544
21467825
21467822
21467817
21467813
21467812
21465950
21465014
21465011
21465010
21465008
21465007
21465006
21464548
21453897
21451253
21437389
21437386
21437384
21437377
21437375
21434738
21434735
21434734
21434733
21434731
21434730
21434728
21429074
21429073
21425484
21421500
21421453
21420011
21419740
21419017
21415634
21415633
21415631
21415629
21410872
21403569
21403563
21403556
21403527
21403526
21398203
21393092
21392696
21392694
21392688
21392687
21392686
21392685
21392675
21392672
21392670
21392668
21392666
21392665
21391853
21391845
21387951
21372518
21371066
21371064
21367829
21367823
21366572
21364427
21361773
21357865
21357863
21357573
21357343
21355802
21354011
21353938
21353934
21353933
21346087
21346084
21346079
21346078
21344633
21342159
21340571
21338365
21337711
21335906
21332744
21332742
21332741
21332738
21332735
21329832
21329831
21329830
21329828
21329818
21329816
21329815
21329814
21329813
21329812
21328142
21323715
21323714
21323713
21323710
21323698
21310350
21310349
21310346
21308979
21305705
21302272
21302268
21302267
21302266
21302262
21297014
21292577
21285247
21284733
21277565
21277447
21276601
21270740
21270736
21262576
21257249
21256749
21254890
21254193
21253683
21238567
21238531
21219393
21219391
21219357
21215789
21215664
21214340
21211818
21208089
21208088
21208087
21208086
21208081
21208080
21208078
21208075
21208074
21208072
21208070
21208068
21206275
21198765
21196888
21177072
21176854
21173178
21169038
21168482
21166828
21166825
21156215
21144778
21143530
21142585
21133982
21130183
21121988
21121987
21120558
21118332
21115324
21112411
21112362
21107594
21098475
21091452
21083570
21075442
21074250
21074177
21073982
21068020
21063810
21059105
21056408
21055726
21054199
21050063
21043794
21043792
21039896
21039628
21039626
21039623
21035111
20970308
20955149
20953743
20949282
20949276
20934794
20932158
20931227
20923449
20923441
20880325
20880136
20878431
20873996
20852088
20831373
20831371
20817890
20809864
20796227
20796225
20738432
20738431
20731735
20731734
20731733
20722774
20712437
20711144
20711132
20711130
20711127
20678100
20674407
20673636
20673296
20661123
20659257
20652770
20577772
20553166
20545550
20506048
20433248
20413167
20338971
20336494
20309597
20309596
20221781
20162317
20157753
20151169
20148278
20142299
20107826
19863666
19681930
21352577
21448314
21350529
21350505
23674910
21364886
20605076
21146824
21373203
21342536
21329851
21364748
21321639
21321638
21321633
21321630
21321625
21321624
21321622
21321618
21321617
21321616
21321615
21321614
21255557
21403823
21324167
21147086
21320343
21366967
21311530
21317840
21131362
21213344
21347420
21303563
21559187
21344018
21296229
21291557
21129747
21284551
28348657
25427329
25427324
23196317
22737448
22701345
21516985
21510173
21510171
21500139
21485188
21469409
21469401
21469399
21451908
21451898
21451894
21451893
21438359
21438358
21438357
21428209
21427914
21427912
21427905
21427901
21427900
21427899
21427841
21426779
21426777
21413548
21412843
21410470
21403939
21403936
21403934
21403933
21394296
21394294
21394292
21387621
21382031
21382030
21382029
21382028
21382027
21365032
21365031
21365030
21365029
21365027
21365025
21365024
21365022
21359251
21359246
21359245
21359243
21359241
21354524
21342626
21337505
21332691
21323833
21323832
21323831
21315299
21301762
21300257
21300255
21300248
21300247
21300245
21300230
21300229
21300223
21299946
21299945
21299943
21299940
21292289
21284759
21284758
21282684
21282680
21282593
21281776
21278531
21270321
21268265
21268066
21263394
21262410
21262409
21262407
21262405
21262403
21261777
21252112
21246660
21244631
21244630
21244629
21244628
21244627
21244626
21244624
21244623
21244512
21244510
21244508
21244505
21244137
21239849
21239571
21238845
21238816
21238815
21238813
21238809
21238808
21238807
21238806
21238805
21238802
21238797
21238795
21238794
21238793
21238792
21238791
21238790
21237433
21237432
21237427
21235007
21227568
21226856
21226855
21226853
21226851
21226848
21226847
21226844
21219243
21216399
21214195
21213027
21210488
21210486
21205165
21205164
21199334
21198899
21198753
21194947
21193943
21182947
21177012
21169333
21168349
21168252
21167759
21155997
21153807
21149859
21149858
21145637
21143392
21143391
21143390
21132275
21129835
21129160
21129159
21129158
21127961
21126556
21125213
21122971
21122968
21120652
21118796
21115117
21111521
21111042
21109278
21108643
21108641
21093629
21093622
21093527
21091514
21091495
21087294
21083830
21083575
21083573
21083571
21082281
21080241
21078847
21069871
21067889
21044166
21044162
21041035
21039627
21029145
20971154
20970963
20970176
20951420
20951041
20947064
20943212
20943210
20940068
20937388
20937384
20934744
20931254
20922645
20922394
20878537
20878533
20876521
20860592
20860591
20857133
20854943
20853439
20848442
20843298
20843232
20833511
20831368
20809865
20809861
20795795
20740658
20722529
20707872
20692675
20690933
20690932
20681813
20678102
20660130
20656532
20653435
20631083
20631082
20573712
20571843
20564522
20558591
20558589
20518758
20500522
20440633
20393883
20364310
20337984
20305054
20157680
20157679
20149925
20084416
20054595
20049497
20049495
19997949
19937074
19912440
25586699
21304986
21114966
20869825
20869824
20846802
20558019
21276215
21272356
21298087
21304472
21261944
21785532
20974199
21191101
21235821
21288841
21175430
21034733
20922775
21235747
21228873
21594138
21130736
21364835
21208107
21208437
21205289
21141834
27616861
27616858
27616852
26549917
24778685
24478951
24478950
24421982
24363696
24155537
24151412
24031639
23960500
23875398
23875397
23875396
23738859
23738858
23569611
23484474
23482829
23482677
23393529
23386883
23383552
23383551
23376760
23286643
23285398
23209960
23209949
23130053
23130051
23130049
23130048
23113094
23019506
23019505
23019504
23019502
23002676
23002674
22937378
22937364
22830149
22766021
22661791
22606509
22594001
22593997
22568273
22567450
22567447
22567446
22567442
22567441
22567439
22567438
22567435
22567431
22567294
22553623
22550881
22550823
22550821
22550818
22550816
22550814
22524086
22524085
22524084
22524082
22524079
22524074
22524073
22524071
22524070
22470234
22470232
22448410
22442617
22442612
22442611
22439344
22439330
22433649
22433648
22433647
22433646
22433643
22433641
22416623
22416621
22403989
22403988
22403987
22403986
22403981
22403979
22403976
22403972
22399837
22399836
22393983
22372307
22372304
22372187
22372186
22371663
22362338
22362337
22360086
22360077
22360076
22347683
22338967
22338822
22338785
22338784
22338287
22338281
22332387
22332383
22332381
22324222
22319759
22319756
22319754
22319753
22319750
22303604
22299115
22299112
22299110
22299107
22299105
22299104
22296348
22293591
22293590
22293589
22287910
22287893
22283107
22282731
22282730
22260808
22260802
22255609
22255484
22254188
22252492
22238839
22238739
22238737
22238732
22238730
22238728
22238727
22238726
22238725
22238724
22238723
22238719
22238718
22238717
22238715
22235654
22233305
22219655
22216256
22216093
22215951
22207889
22207878
22206013
22203951
22203931
22203929
22203909
22203853
22200995
22200993
22195013
22195003
22194962
22190932
22189731
22189644
22189643
22189641
22189639
22189202
22186693
22186692
22186691
22186687
22186686
22186685
22180994
22174868
22166148
22165322
22165317
22165315
22165313
22165312
22163299
22156664
22145005
22145004
22145003
22145000
22141234
22141231
22141229
22139713
22135947
22135946
22135945
22135727
22135613
22132334
22132012
22132011
22132010
22132009
22132008
22125647
22125437
22123022
22123012
22123004
22123001
22119837
22114597
22114595
22114594
22114457
22114455
22114454
22114453
22114449
22114447
22114445
22112987
22112427
22101687
22101686
22096584
22096511
22087335
22084705
22074600
22071638
22071417
22071415
22068187
22068186
22068184
22068179
22067411
22067068
22054964
22046099
22043655
22041015
22041014
22041013
22041011
22041008
22041006
22041002
22041001
22039479
22030820
22030817
22029166
22028714
22027459
22024919
22024792
22022138
22022136
22022134
22022133
22022132
22022130
22014874
22011892
22011890
22010416
22010415
22010411
22010410
22010407
22010400
22007218
22002215
22001627
21998806
21996638
21991484
21991481
21991471
21991466
21991464
21991462
21991460
21991459
21991458
21991457
21991456
21987376
21987358
21987305
21986398
21986394
21986015
21986013
21986012
21985895
21984897
21983610
21981635
21979772
21979768
21979766
21979765
21979764
21979762
21978782
21977088
21976989
21975074
21975072
21970260
21961002
21957645
21949664
21946498
21946496
21946494
21946482
21941550
21941549
21940263
21931743
21929947
21927546
21919311
21918739
21915526
21915522
21915521
21915517
21915515
21915514
21915227
21915226
21913541
21913423
21909352
21905401
21901625
21897734
21892543
21892540
21892365
21877378
21877268
21877267
21877266
21876971
21876339
21876251
21869538
21865737
21865689
21863585
21861250
21861037
21861030
21861028
21861027
21860242
21860241
21860240
21858167
21857887
21853142
21849786
21848004
21846990
21846460
21846458
21846244
21845783
21842022
21842021
21842020
21842018
21842017
21842016
21842015
21830350
21829688
21829526
21827018
21827017
21827016
21827014
21826260
21822195
21822194
21822048
21822047
21822044
21822041
21822038
21822015
21809720
21804736
21778724
21778723
21778722
21778610
21778606
21778598
21774875
21774874
21772728
21772726
21772724
21772722
21772721
21772718
21772715
21768749
21765925
21765907
21765896
21760864
21760863
21757792
21755050
21754930
21753900
21750641
21748004
21747855
21747846
21747709
21744740
21739834
21738646
21736863
21736862
21734947
21734944
21731287
21731282
21731281
21731272
21720160
21716828
21716242
21716239
21716233
21708313
21702327
21702326
21702325
21702324
21702323
21701548
21701547
21701542
21701540
21701198
21701197
21701196
21701194
21701193
21701188
21701141
21701123
21701118
21691588
21691516
21691515
21691512
21691508
21691506
21691505
21691500
21691499
21691498
21691497
21691496
21688580
21687564
21683027
21681703
21671222
21667563
21667562
21667561
21660656
21657125
21657123
21656389
21656388
21656385
21655658
21654929
21654171
21654063
21627869
21625429
21625134
21625132
21625131
21625128
21625126
21625063
21614940
21613043
21613040
21613039
21613031
21613030
21613029
21613026
21613024
21597270
21597266
21597208
21597206
21594206
21594203
21594201
21591595
21586105
21584253
21577000
21576990
21576960
21576958
21576957
21576913
21576911
21576905
21568078
21563449
21558787
21558786
21557097
21555859
21555858
21550598
21548264
21546779
21546760
21546759
21542418
21542250
21537591
21537586
21537585
21537584
21537583
21537580
21528724
21525751
21525718
21525705
21525700
21525694
21525690
21525687
21525686
21525682
21525681
21525676
21525674
21525672
21525670
21521923
21521920
21521919
21521916
21521913
21521911
21521910
21519655
21519654
21519653
21519652
21519645
21519641
21515236
21513656
21513655
21512473
21512472
21512470
21512469
21512467
21507285
21504629
21503465
21503447
21500765
21496636
21488738
21488730
21488727
21488726
21488725
21488724
21488723
21486510
21485963
21485954
21485616
21471690
21467782
21462624
21462622
21456473
21449213
21449211
21437474
21437468
21437466
21437463
21436861
21436858
21436857
21436856
21436855
21436852
21434585
21431602
21431514
21430961
21430382
21430381
21429315
21425080
21424105
21424090
21424087
21424046
21422669
21422667
21418949
21417165
21417161
21415550
21413453
21413173
21412003
21412002
21412000
21409770
21409762
21409760
21406150
21406143
21406142
21396263
21396170
21389699
21389671
21387981
21385536
21382210
21378719
21378718
21372465
21370772
21370765
21366156
21366155
21366152
21365053
21359454
21359451
21359445
21340203
21340116
21340110
21339303
21337861
21337860
21335990
21335886
21335874
21333807
21331345
21325845
21322387
21319726
21319654
21319417
21319416
21319415
21311610
21311609
21311608
21311146
21306074
21306072
21291015
21290981
21290979
21282895
21282883
21282882
21282879
21280073
21280068
21276378
21271787
21271331
21271327
21271322
21271321
21271319
21271178
21270003
21269979
21266802
21254239
21252846
21252474
21251117
21239932
21235613
21233746
21229419
21228963
21228962
21228961
21228960
21228953
21228952
21228593
21228022
21221114
21214977
21214975
21214974
21214973
21212699
21212451
21210008
21210007
21210005
21210003
21210002
21210001
21209999
21209998
21206935
21206934
21206933
21206930
21206927
21206926
21205734
21198621
21196691
21196499
21196351
21196346
21196326
21195286
21195283
21195282
21195280
21195278
21195275
21195274
21195261
21195258
21195253
21194587
21194583
21194581
21193770
21193769
21193768
21188849
21187758
21182523
21181706
21176827
21176825
21176810
21175291
21159912
21159911
21158932
21158931
21158857
21153784
21147974
21146791
21146088
21146087
21146086
21146085
21146082
21146079
21146076
21146075
21146074
21146070
21146069
21146066
21143467
21122905
21122903
21115624
21110188
21108317
21107517
21106229
21094721
21094718
21094717
21093034
21092053
21091792
21091693
21091539
21091538
21087341
21083576
21082683
21082283
21079930
21078857
21074996
21071064
21070426
21070326
21070243
21061280
21057036
21055980
21054950
21054144
21050648
21050642
21050641
21050638
21035876
21035516
21035310
21028990
20979233
20976668
20974901
20971693
20971137
20969438
20969432
20960463
20955754
20953898
20952240
20952219
20951042
20940364
20940359
20940358
20940355
20937350
20936966
20936965
20934401
20933489
20933046
20888884
20888883
20887975
20880030
20880027
20875853
20864802
20863148
20860429
20858779
20858776
20855172
20855059
20854361
20849849
20831759
20831669
20813785
20809866
20809859
20809079
20800834
20735705
20735703
20735698
20733498
20731736
20728311
20726945
20722772
20722535
20722531
20721947
20721946
20719084
20711166
20711162
20711157
20711147
20711131
20695775
20681963
20681815
20659265
20659259
20659182
20659181
20659179
20658440
20653433
20646079
20635397
20634416
20630736
20626573
20626251
20625993
20623604
20604872
20586999
20584094
20580286
20545534
20507240
20500067
20482598
20458622
20453499
20453484
20408905
20171767
20099071
20084534
20016923
19793345
19789937
19784712
19596745
