20301456
20301711
20301366
21473038
20641385
20641395
16214485
16139112
16157866
15592678
15950107
15935265
15959829
15833401
15833397
15833395
15833394
15833391
15833390
15829302
15824861
15823321
15777534
15777528
15722141
15791466
15781141
15781140
15781138
15781135
15763281
15748697
15748693
15748692
15616824
15563554
15725524
15725523
15725520
15725519
15725518
15449114
15309565
15133687
15721162
15721161
15721156
15721152
15721148
15721147
15721146
15721145
15721143
15721140
15701528
15695172
15683898
15683897
15683896
15683895
15683894
15683891
15647828
15647818
15592686
15565283
15558350
15549640
15459801
15537650
15537641
24227935
22557166
22073067
18771150
18557215
17633000
17632990
17300028
17282267
17281869
17281197
17281152
17153182
17153171
17029066
16761400
16758789
16755789
16689045
16686054
16685904
16685867
16673793
16612089
16612088
16612087
16612086
16612085
16612084
16612080
16597557
16583597
16583593
16572928
16546825
16544852
16544851
16541910
16521956
16521454
16521453
16519096
16501315
16496607
16496606
16496604
16491976
16491975
16491969
16491966
16491963
16491961
16491960
16475614
16475611
16475610
16475600
16475454
16463570
16463569
16457494
16447901
16440879
16430015
16430014
16430013
16430011
16430009
16430007
16429194
16429190
16429187
16429184
16429182
16417835
16417833
16417831
16417829
16417827
16417825
16411298
16408822
16408821
16403956
16393136
16393133
16393132
16393130
16379209
16379208
16375235
16375231
16358677
16358676
16358674
16355650
16355648
16355647
16355646
16355241
16355240
16355235
16353036
16353035
16353032
16353029
16351980
16342645
16342644
16342643
16342640
16340272
16340271
16336914
16336913
16336911
16335030
16327271
16325560
16308463
16305009
16305007
16305006
16305005
16305004
16302457
16302456
16302455
16295710
16295709
16286999
16285089
16276428
16276427
16270700
16265853
16257347
16255355
16255352
16254473
16254471
16254469
16254467
16254464
16247398
16247396
16247388
16238758
16231749
16231497
16231493
16231491
16229359
16229355
16229354
16229353
16229352
16229351
16229350
16229349
16227732
16225798
16225795
16225791
16225790
16223099
16219248
16219242
16208389
16208388
16208387
16208386
16208385
16208384
16184158
16184157
16184155
16184154
16182542
16173518
16173390
16173388
16173387
16173386
16173384
16173383
16170978
16170976
16170975
16170973
16167607
16167606
16167605
16167604
16158514
16155736
16147855
16145845
16140465
16137097
16137096
16137095
16137094
16137088
16137085
16137084
16134716
16130836
16130835
16119880
16119675
16119575
16119158
16119070
16113933
16113931
16113928
16113927
16091713
16091709
16091707
16091698
16091697
16089295
16088133
16054676
16036128
16036124
16036123
16035348
16035347
16026297
16019412
16013416
16012907
16010040
16010033
16007015
16007011
16007005
16004254
16004253
16004252
16004250
16001730
16001686
15996387
15996383
15995598
15981023
15977342
15974221
15974220
15974219
15974218
15974217
15974216
15973969
15971824
15960746
15960452
15957236
15947527
15947526
15945493
15945449
15943493
15943059
15943058
15943056
15934684
15934683
15934682
15934680
15921337
15921334
15921040
15921035
15915571
15915004
15906524
15906503
15903171
15902066
15902061
15901040
15901039
15898362
15898361
15898359
15898358
15892527
15892525
15892524
15892521
15891786
15884635
15871529
15871528
15871527
15866858
15866285
15865257
15847582
15844783
15839399
15839398
15839396
15839391
15839390
15830651
15830649
15830639
15830632
15830631
15828610
15828604
15822485
15822481
15822479
15807140
15805076
15805073
15803772
15803768
15798758
15798748
15789050
15789048
15789039
15779662
15779660
15779536
15779230
15779228
15779226
15779222
15779221
15774158
15774145
15771335
15771333
15768490
15765965
15765963
15765957
15765955
15765952
15765950
15762376
15762169
15757212
15754895
15754892
15754140
15754137
15752108
15752103
15752093
15751495
15751493
15750688
15747828
15747827
15747825
15747824
15747823
15747817
15747811
15747684
15747681
15747675
15747672
15747523
15740581
15739663
15739584
15736893
15730963
15730447
15730446
15727316
15726232
15719922
15719921
15719919
15719918
15719917
15719916
15719915
15719912
15719910
15719880
15715319
15715175
15714832
15714830
15714829
15711899
15711898
15711897
15709500
15709499
15709497
15709496
15709495
15709493
15709492
15709109
15709103
15702778
15702777
15702710
15702708
15700016
15699976
15693605
15693563
15693504
15693499
15693496
15692638
15688241
15682702
15681003
15679067
15674508
15672344
15664461
15663448
15663447
15663446
15663445
15663444
15663443
15663439
15663034
15655061
15652295
15652172
15652171
15652170
15652168
15652167
15652166
15652165
15652162
15649337
15649199
15647971
15644087
15643923
15643418
15643417
15643410
15642860
15642792
15642387
15642087
15642065
15642064
15642062
15642061
15642060
15642059
15642056
15642054
15641967
15641959
15639624
15639119
15635554
15635549
15634302
15634301
15634299
15634295
15632915
15632069
15629967
15627910
15627908
15627903
15623998
15623997
15623993
15623992
15623991
15623990
15622514
15619669
15618533
15618171
15617967
15616304
15615883
15615882
15615880
15615876
15615874
15615871
15614011
15614010
15614009
15614008
15614001
15613379
15610704
15608417
15606822
15606818
15606816
15604101
15599360
15599359
15599358
15599357
15599355
15598421
15598419
15598417
15597369
15592752
15591739
15591734
15591733
15591732
15591731
15591730
15583062
15580782
15580639
15576917
15572397
15549395
15543606
15540242
15538611
15538610
15517401
15509667
15477997
15472923
15386257
15365799
15289965
15262468
14999421
15494408
15608740
15608727
15588581
15598921
15561466
15533417
15592552
15592551
15592542
15583034
15639599
20976413
20976410
20976407
20976399
20976396
20976395
16223018
16223017
15977433
15901072
15901070
15901069
15901066
15901065
15853276
15853275
15853274
15853273
15853270
15848980
15848978
15848974
15848973
15848972
15838103
15818017
15818014
15818012
15818010
15818008
15818007
15818005
15818003
15818000
15787133
15771355
15765946
15765945
15762342
15762339
15757181
15754781
15747185
15744376
15736843
15736842
15736841
15736839
15736837
15732880
15732879
15732875
15732872
15732862
15732861
15732860
15732859
15732858
15732856
15726757
15724760
15724757
15724756
15724754
15724751
15724750
15724749
15724747
15724746
15715378
15715375
15715374
15711475
15707204
15707203
15704655
15699910
15696788
15691191
15691187
15690851
15688735
15688730
15688722
15688719
15688714
15688713
15688706
15684757
15684756
15684749
15684748
15683220
15683219
15683217
15682905
15678992
15678888
15675433
15673150
15673143
15673142
15673141
15673138
15673137
15673132
15671952
15666621
15666618
15665440
15663226
15662620
15662618
15656538
15656529
15656524
15656523
15656433
15656076
15656075
15656074
15654495
15651257
15650068
15650067
15650066
15650065
15650064
15648986
15648848
15646607
15646604
15646602
15646599
15646352
15646288
15646282
15646271
15646270
15646183
15645911
15644611
15644595
15633799
15633798
15633499
15633497
15631103
15631098
15631097
15627162
15626318
15626317
15619705
15619693
15619690
15619688
15619685
15617567
15617415
15610545
15608957
15608349
15608348
15608346
15608345
15606412
15606322
15606317
15606060
15606059
15603276
15602696
15602373
15600270
15598299
15597190
15592602
15592225
15592220
15592218
15592215
15591997
15591995
15591989
15588553
15588551
15587248
15583567
15583562
15583560
15583559
15583557
15583556
15583555
15583553
15583551
15583550
15583548
15583541
15583276
15582301
15582167
15579432
15578967
15576811
15576767
15574605
15574563
15574163
15573343
15569288
15569047
15567702
15564875
15564874
15564872
15564871
15564870
15564866
15564861
15563930
15560832
15560831
15560830
15560828
15560816
15560813
15560812
15560811
15560810
15560809
15560807
15560804
15558347
15557402
15557398
15557394
15548876
15548276
15548275
15548274
15548273
15548272
15548270
15544655
15544649
15541188
15541162
15541159
15539951
15533127
15533126
15533125
15522638
15522057
15522056
15522053
15522052
15521986
15507363
15501328
15501319
15499554
15491465
15491462
15491461
15491345
15491341
15487016
15485643
15485642
15386277
15386274
15386248
15384099
15365696
15168172
15611743
15605535
15566567
15557122
15556883
15569103
15558099
15558095
15558092
15558091
15552663
15538180
15468153
15389701
15386395
15543110
15543097
15538368
15538367
18088753
16451492
16429882
16429881
16429880
16429879
16107002
15960159
15960158
15938227
15894944
15894943
15894938
15868971
15868967
15854327
15854326
15854324
15854323
15854321
15854315
15854313
15777064
15739921
15739919
15739913
15729983
15729866
15717726
15712153
15712152
15700803
15696735
15696734
15686280
15686278
15686094
15686093
15675661
15674775
15666502
15665434
15665237
15665230
15665228
15651463
15646917
15646915
15646913
15646911
15646229
15646226
15646225
15646221
15646220
15646216
15646215
15646214
15643772
15643769
15636356
15636282
15636277
15636273
15633331
15633326
15633321
15633320
15633319
15626135
15626132
15626131
15623068
15623065
15623061
15623060
15623056
15623053
15622660
15621128
15615335
15612971
15612461
15605936
15595723
15586581
15583924
15583419
15580119
15580117
15580115
15574677
15574234
15571184
15570409
15568951
15568706
15568705
15562584
15562583
15562346
15557081
15557071
15554486
15553287
15553285
15550149
15545545
15542948
15542035
15539701
15533220
15533217
15533215
15533213
15533207
15530352
15530350
15530269
15529135
15529134
15529132
15529123
15528913
15528911
15528908
15528907
15528906
15528904
15525533
15525395
15525393
15525392
15525384
15525382
15525381
15525316
15525314
15525313
15525312
15525311
15525310
15525309
15525308
15523341
15523339
15523337
15523334
15523333
15523331
15523329
15520698
15520697
15520694
15520686
15520238
15520234
15520094
15518599
15516733
15516168
15516166
15510357
15509533
15505513
15505512
15505510
15505508
15505506
15505505
15505504
15505239
15505235
15505234
15505231
15502558
15495240
15494968
15491321
15491320
15491318
15491316
15491312
15491311
15491309
15491306
15491305
15485487
15479262
15479261
15479259
15479258
15479255
15476961
15476960
15476957
15476956
15476955
15473994
15470753
15469949
15469444
15469443
15467312
15465456
15454262
15451245
15451243
15451242
15451241
15451239
15451238
15451165
15388525
15386251
15372323
15368082
15353251
15353249
15353248
15353243
15241573
15215286
15541780
15514342
15514638
15511295
15505188
15505184
15547608
15547600
15495132
15530300
15368232
15368226
15368222
15477569
15476561
15475905
15475904
15475894
19484055
28876734
21678631
16429589
16388251
16197752
16197748
16124506
16124503
16089265
16089263
16089262
16089260
16004239
16004238
15902917
15855717
15855714
15855713
15855712
15841817
15841816
15789982
15789981
15789980
15789979
15789977
15789976
15777050
15777049
15768117
15729763
15678833
15678734
15672640
15672609
15641653
15637979
15631213
15631048
15628997
15621650
15612345
15612341
15612339
15605124
15597532
15597531
15597529
15597527
15597525
15580682
15575452
15575444
15575443
15575442
15575441
15575439
15575437
15562949
15562948
15562945
15562944
15562943
15562942
15562940
15562918
15562916
15562654
15562651
15562650
15559459
15554410
15554403
15554402
15554401
15554400
15554399
15554396
15554053
15554048
15553979
15553978
15551992
15551980
15550888
15536856
15536855
15536852
15536851
15536850
15536849
15536848
15536845
15536842
15536837
15536836
15536834
15536833
15536785
15533758
15531872
15531870
15529510
15529508
15529507
15529506
15529502
15529501
15529495
15527656
15524327
15523858
15523129
15515980
15514883
15514881
15514880
15514879
15514864
15514856
15507911
15507907
15507905
15506030
15506027
15506026
15506024
15506022
15503848
15502356
15501848
15499444
15494935
15486365
15485534
15485524
15481526
15480490
15475483
15473174
15472668
15472667
15472665
15470993
15470992
15470991
15470354
15470348
15470346
15470345
15461953
15458677
15458508
15458507
15458504
15458503
15456545
15455439
15455170
15454333
15454107
15448467
15448461
15448460
15388949
15387844
15387843
15387841
15387840
15387839
15387838
15387837
15387836
15385152
15384970
15382281
15381785
15381720
15381718
15381717
15381714
15380242
15377708
15377707
15373768
15372530
15371307
15369493
15367862
15367861
15367198
15367196
15367193
15367192
15367191
15367189
15367188
15367184
15367183
15366021
15365981
15365457
15363446
15362350
15362347
15361317
15358725
15355794
15355405
15355402
15355396
15355395
15355390
15355389
15355387
15355386
15355385
15355383
15355382
15352933
15351927
15347297
15347294
15347292
15347291
15347290
15342465
15342462
15341622
15341619
15341618
15341617
15341616
15337352
15336770
15327646
15327641
15325728
15324354
15324352
15308429
15308427
15308426
15308425
15302454
15292199
15282209
15130729
14991229
15344193
15327909
15546808
15455000
15454999
15454990
15342266
15366866
15358518
15481353
15300788
15359327
15359325
15361258
15353775
15345059
21049262
21049257
21049253
21049250
21049248
20803433
20086424
20086422
17361540
15900821
15900819
15900817
15871456
15871455
15871454
15871452
15819462
15762537
15651210
15645907
15645906
15645905
15645904
15645903
15645902
15645901
15615493
15597821
15585808
15584347
15580825
15580824
15580823
15580822
15573666
15573663
15573660
15573659
15573658
15559915
15559913
15557731
15554446
15553960
15553886
15552345
15552343
15550228
15544218
15543916
15543915
15543913
15543909
15543908
15543907
15543696
15543690
15526900
15521672
15521391
15521390
15517037
15515742
15515347
15515345
15515344
15515343
15515341
15515340
15515334
15515333
15515332
15512999
15510877
15510875
15510860
15510858
15510850
15509088
15508989
15508987
15508986
15508985
15508979
15508753
15508751
15508747
15508745
15499303
15498458
15498354
15498352
15498349
15498348
15498347
15498342
15497361
15497356
15497355
15495505
15495504
15495456
15495452
15495451
15494684
15493395
15493393
15493391
15490409
15490308
15490305
15490298
15489367
15485123
15485121
15478731
15478669
15478003
15471527
15471526
15471524
15471520
15471519
15471067
15471065
15470881
15470879
15470878
15470873
15470872
15470871
15470830
15470829
15470266
15470265
15469626
15467499
15467167
15461765
15461112
15461110
15460419
15460303
15460302
15460298
15460297
15460294
15460292
15458342
15454874
15453615
15386865
15386863
15378196
15369474
15369471
15369467
15369465
15369462
15369461
15369460
15369019
15369018
15369015
15367146
15366533
15366530
15366524
15366522
15366521
15365557
15364699
15363215
15363214
15363066
15359157
15359156
15357795
15356503
15356501
15356500
15356499
15356497
15356496
15356495
15356486
15356480
15356465
15356463
15356409
15352860
15347342
15347331
15346366
15346365
15346364
15346020
15345345
15345016
15345015
15343169
15343161
15343159
15343157
15343156
15343152
15337415
15332186
15332184
15332176
15331004
15331002
15330999
15330998
15329576
15329575
15329573
15329572
15329569
15329567
15329565
15329380
15329373
15324608
15317566
15317563
15317560
15316189
15316184
15315640
15312103
15312097
15312096
15312095
15312091
15312070
15312067
15308395
15305290
15304297
15301762
15293327
15293322
15281057
15275863
15275858
15265539
15261838
15256677
15248053
15243787
15236942
15236939
15236936
15221658
15210277
15205993
15109872
15109869
15109860
15029483
15014923
15337630
15329685
15326256
15384511
15384510
15303141
15318269
15318263
15318261
15318260
15318258
15318256
15318255
15304601
15357386
15246856
15240181
15295597
15272073
16451477
16451475
16451473
16134611
15779459
15704702
15663255
15645893
15645892
15645891
15645890
15645889
15645888
15570834
15553797
15552007
15543856
15537035
15513419
15513418
15513416
15508681
15508680
15495541
15495540
15485738
15485160
15481844
15478495
15478494
15478489
15478487
15478486
15478484
15478483
15478482
15478481
15478480
15477193
15473654
15473570
15471333
15457143
15456123
15456121
15455745
15455738
15455732
15446409
15446407
15446405
15387327
15387051
15387049
15387037
15387036
15387035
15387034
15387032
15387029
15387027
15387021
15384925
15379321
15379319
15379311
15379308
15379302
15378976
15378975
15378974
15378973
15378972
15378971
15366389
15366385
15363005
15359503
15359502
15357446
15354917
15354712
15354706
15354705
15352360
15349689
15349685
15349683
15349682
15349679
15349675
15349673
15349670
15349662
15349657
15345178
15345172
15345170
15335091
15335090
15335089
15335088
15333960
15321033
15316551
15316549
15316482
15316479
15316477
15316476
15316475
15316473
15316472
15316471
15316470
15315541
15295743
15295326
15295325
15295322
15295317
15290746
15286111
15286110
15286106
15286105
15279657
15279655
15279654
15278949
15278943
15273644
15273642
15273641
15273640
15273639
15273638
15273637
15272893
15271973
15271968
15271966
15271944
15271931
15268910
15265220
15265219
15265212
15265211
15265209
15264286
15262251
15262250
15261606
15257747
15257745
15257744
15257740
15257739
15257738
15257736
15255897
15254906
15250835
15248886
15248876
15245524
15245523
15245521
15245520
15245519
15245518
15241803
15241798
15241678
15240067
15240064
15240061
15239783
15239778
15230909
15230908
15230907
15230905
15225962
15223039
15212928
15209999
15196985
15196981
15196980
15161982
15155698
15147714
15120496
15007618
15183266
15251193
15254316
15249646
15246727
15243610
15243609
15196643
15240779
22973126
17929742
15915629
15833002
15756951
15756945
15645886
15645885
15645883
15637972
15637966
15629007
15626286
15619884
15619882
15619881
15619880
15619878
15619869
15615177
15615137
15615135
15615132
15615130
15608365
15552542
15533983
15533978
15533977
15533976
15508871
15503979
15468542
15462552
15462551
15457910
15454020
15454015
15454009
15453653
15453648
15453439
15389303
15387417
15382786
15382785
15382780
15382431
15378969
15378865
15376720
15376715
15368873
15366626
15366620
15366617
15366616
15366615
15366614
15366612
15366304
15366300
15366299
15354903
15354902
15354901
15354900
15354899
15347095
15346760
15346756
15346752
15346750
15346749
15344633
15344630
15344629
15344626
15344625
15344622
15341364
15341363
15341361
15341358
15341356
15341348
15341143
15341142
15341137
15341135
15318606
15318281
15317196
15317195
15317194
15316152
15315113
15300298
15296014
15293780
15293716
15293426
15293425
15293423
15293422
15293421
15293420
15293419
15293123
15291180
15291115
15289926
15289924
15289923
15288524
15288523
15287433
15283787
15279491
15279489
15279488
15279487
15279485
15279484
15279479
15279478
15279477
15279476
15279474
15279473
15278024
15273907
15265007
15262741
15261803
15261800
15261799
15261798
15261796
15261795
15259976
15259971
15259970
15259969
15259965
15256578
15250769
15249788
15248185
15247863
15246325
15245686
15244001
15243481
15243476
15243468
15243465
15243054
15242565
15242562
15242388
15242387
15242386
15242384
15242381
15241956
15241775
15236382
15235704
15234687
15229586
15229562
15224211
15224057
15222788
15221889
15221881
15220655
15220654
15220649
15220647
15220639
15218565
15218555
15218047
15218045
15218040
15218039
15218038
15213155
15213036
15211352
15210036
15210029
15210028
15210024
15210021
15210020
15207759
15200487
15200485
15197818
15193791
15193789
15193786
15193785
15193784
15193781
15191594
15191591
15191581
15191580
15191423
15189442
15189441
15189440
15189439
15189438
15189437
15189436
15189435
15189433
15183406
15181334
15181332
15181322
15146389
15138899
15134943
15134941
15118864
15100712
15193375
15196595
15220983
15210903
15281303
15283012
15192726
15123526
15184399
15178627
15187031
21365138
21365134
21365133
21365131
21365130
21365128
19078738
16167681
16130922
15706922
15691156
15652080
15651236
15640899
15636103
15636073
15584589
15577068
15577051
15577049
15577048
15565930
15536721
15536720
15536719
15536717
15508522
15508519
15491087
15491086
15491083
15473333
15457977
15455548
15449440
15370638
15370633
15370631
15370630
15370628
15366355
15366354
15356439
15346872
15346870
15344589
15344583
15344440
15344439
15318990
15315729
15315727
15315725
15315723
15301276
15301221
15301216
15301210
15301209
15301208
15296943
15295959
15295957
15295954
15295952
15295950
15295948
15295947
15295943
15295942
15293820
15293818
15293816
15293814
15293474
15293473
15293472
15293471
15293468
15293467
15293462
15293461
15293435
15287565
15287549
15287545
15286827
15283036
15282979
15282978
15282977
15270161
15270156
15269893
15269873
15269872
15269871
15269870
15269867
15269865
15269860
15267189
15266740
15266294
15266293
15264658
15264657
15264656
15264655
15264654
15264651
15264650
15264647
15264644
15264643
15264641
15264639
15255298
15255218
15253177
15251887
15250169
15244007
15243677
15243676
15242258
15240941
15233511
15231140
15228471
15228208
15228203
15228199
15227773
15227772
15227770
15226588
15224639
15224582
15224442
15223997
15222721
15222712
15222711
15222709
15222706
15221625
15218898
15218897
15215040
15214472
15211306
15211298
15211297
15210003
15207283
15206409
15202926
15202925
15202592
15202588
15202587
15200519
15198629
15198628
15198627
15198626
15198623
15197668
15193538
15192818
15189318
15189316
15189313
15189312
15189310
15189308
15189307
15189306
15187428
15186721
15186249
15186248
15186246
15186245
15186244
15186229
15185992
15185990
15185989
15185988
15185987
15185985
15184858
15184857
15184854
15183671
15183668
15179398
15179396
15179393
15179391
15179390
15179092
15179091
15179087
15175872
15175117
15173244
15170864
15170620
15170279
15170272
15167478
15167477
15167476
15167475
15167474
15167473
15167472
15167471
15167470
15167467
15167466
15167464
15167463
15167462
15161450
15160364
15155656
15154930
15154929
15154920
15154919
15153461
15153452
15153451
15151988
15151692
15151691
15151690
15151687
15151685
15150710
15148598
15148298
15145048
15145042
15145038
15145033
15144501
15144452
15144450
15144449
15144448
15144447
15144444
15144443
15142215
15142213
15142102
15142088
15142087
15136142
15122254
15121208
15120388
15117916
15113575
15110101
15107065
15102047
15099803
15099802
15099800
15099799
15081553
15081552
15081549
15044394
14986069
14962556
14767777
14767696
14760541
14745590
14714196
14691677
15148307
15153977
15153976
15153975
15156210
15211686
15150640
15150638
15150637
15108359
15103722
15141676
15136675
15062943
15135602
15200917
16451465
16451464
16335622
16134679
15587106
15587105
15587104
15587102
15587101
15587098
15587097
15587095
15587092
15587091
15536858
15508337
15493585
15468833
15468800
15371318
15371316
15371314
15371313
15366816
15332565
15319794
15300315
15298082
15279242
15279241
15279239
15279238
15279231
15279088
15263998
15263994
15263885
15263881
15248560
15247888
15240977
15237888
15237885
15237878
15237877
15237876
15237874
15237873
15237872
15233586
15225849
15225812
15218685
15217655
15215661
15214233
15214232
15214229
15212361
15212359
15212357
15212354
15212350
15212349
15212345
15206256
15206251
15202761
15202759
15202756
15202754
15202752
15202751
15196398
15196397
15196395
15196386
15196383
15195731
15195730
15195728
15195725
15195724
15188528
15188527
15188526
15186069
15185997
15185812
15185809
15185807
15185806
15185805
15185801
15181835
15181778
15181717
15181714
15181713
15180385
15180090
15180089
15180088
15180087
15176598
15171172
15165204
15164483
15164479
15161544
15160975
15160249
15153878
15153866
15153860
15153856
15153855
15153850
15153849
15153846
15153705
15153704
15153701
15153700
15153696
15153693
15153692
15153687
15152601
15151847
15151653
15151453
15151452
15142462
15140178
15140177
15140175
15140173
15140168
15140165
15139959
15139957
15139955
15139953
15139952
15138853
15138647
15138172
15135429
15135428
15130579
15130169
15130083
15130081
15130077
15130075
15128393
15127034
15127031
15127030
15127027
15122712
15122559
15122128
15122127
15122126
15122124
15120269
15120268
15120267
15117687
15117369
15111635
15111632
15111628
15109890
15108322
15107652
15107651
15107647
15107644
15107642
15107641
15107640
15107639
15105969
15104634
15102710
15100592
15100590
15099592
15099590
15099588
15098235
15086754
15086752
15086751
15086750
15086749
15086623
15086619
15086614
15086613
15085548
15082788
15078490
15068456
15064763
15059084
15058001
15053914
15053913
15053912
15053911
15042511
15041488
15041484
15021985
15019457
15019445
15001995
14994104
14741633
14738847
15281455
15054838
14966118
14769788
15118725
15118713
15118692
15063188
15111691
15105878
15122546
15050444
15098826
15071525
15128211
15020244
16180296
16145921
15751781
15516098
15516097
15503549
15503547
15503546
15503543
15503542
15481159
15376468
15362817
15332622
15311321
15311317
15311316
15287313
15270311
15266732
15266731
15256067
15255074
15250430
15239197
15233356
15214310
15214216
15211223
15199699
15199693
15198393
15198389
15198387
15198386
15193181
15193008
15193007
15190802
15190795
15180083
15180080
15180074
15172616
15172615
15172613
15172610
15172608
15172607
15172606
15172605
15172604
15165388
15165383
15165381
15165061
15164676
15164675
15164674
15163159
15163157
15163156
15163150
15163148
15163147
15163144
15160677
15157382
15157132
15152826
15151343
15151339
15151335
15151333
15151330
15145446
15134409
15133570
15133565
15133557
15133555
15133553
15133552
15133550
15132457
15132456
15132454
15132451
15132445
15132443
15132227
15130042
15130041
15130039
15130037
15130036
15130033
15129558
15129557
15129555
15127868
15127315
15119888
15119885
15119884
15119883
15119795
15119721
15119720
15119718
15119714
15119713
15119710
15119590
15119586
15119584
15119582
15119095
15116907
15116906
15116905
15116904
15116484
15116483
15116482
15116043
15116038
15116034
15116033
15116031
15116030
15116029
15112919
15112597
15110049
15107776
15100745
15093182
15090327
15090036
15089948
15089947
15089946
15089942
15089941
15089940
15089938
15089937
15089934
15088040
15088037
15088036
15088035
15088029
15085515
15085510
15085453
15085056
15085053
15085050
15085045
15085044
15084876
15083299
15083021
15083010
15081499
15074863
15074859
15072375
15067265
15067257
15067256
15066377
15064067
15061862
15061859
15061857
15061714
15061508
15060208
15060101
15056354
15056353
15056350
15056119
15056118
15056117
15056115
15056114
15056112
15056111
15056110
15056108
15056107
15052661
15052618
15052592
15051859
15050556
15047676
15044501
15042709
15042696
15042627
15041003
15037370
15034573
15031115
15027953
15025694
15025692
15025691
15025690
15025689
15025687
15022360
15019704
15019624
15016261
15016258
15016253
15016252
15016117
15016116
15016115
15016114
15016113
15016112
15013611
15010324
15010056
15009519
15009517
15008934
15008926
15003548
15003547
15003545
15003543
14999766
14871350
14871344
14758537
14693675
15044992
15044991
15044983
15037700
15070054
15035464
14986328
15017418
15017417
15017408
14681233
15368425
15001775
14987924
21365158
21365155
21365153
21365149
21365147
19248262
18181448
18181440
15641327
15641324
15513022
15314009
15314006
15314004
15314000
15307307
15301354
15281301
15255444
15255443
15255442
15255438
15255437
15254573
15254571
15244373
15244372
15214424
15209235
15209011
15206097
15206093
15200228
15181701
15164921
15148761
15141723
15141721
15141717
15137629
15137472
15137469
15137468
15137467
15137465
15134330
15131728
15128061
15125024
15125018
15119876
15119873
15119867
15119864
15119862
15119684
15119680
15119679
15119678
15119674
15119565
15119560
15119482
15119443
15108871
15108402
15108398
15108397
15108396
15108385
15107780
15107777
15106077
15104133
15104132
15104131
15104130
15103956
15101604
15101600
15101598
15101597
15101596
15101313
15101310
15101309
15101306
15101305
15088888
15088887
15088885
15088882
15088879
15088876
15088871
15088736
15088734
15088729
15088727
15088724
15087095
15086790
15078360
15074872
15074539
15074538
15074537
15074536
15074535
15073645
15073642
15073641
15072481
15072479
15072478
15072476
15071151
15071150
15065375
15065373
15065371
15061890
15061889
15060502
15060497
15060495
15060494
15060493
15060490
15060487
15058619
15058618
15058456
15058244
15058243
15058181
15058177
15058176
15055438
15055434
15055433
15055431
15055429
15055428
15055427
15054906
15050069
15046302
15042971
15041551
15038790
15038788
15038787
15037479
15037142
15036333
15032908
15032906
15032894
15032891
15032797
15032229
15032228
15029484
15027553
15027528
15026981
15025660
15025654
15025652
15025650
15025085
15024366
15024364
15024354
15022122
15017300
15017299
15016025
15016024
15016022
15016018
15015170
15015166
15015159
15014419
15014417
15014416
15014414
15014413
15014411
15014410
15014409
15014408
15014407
15014406
15014404
15013991
15012942
15009407
15009406
15009405
15009316
15006706
15005702
15005698
15005697
15003163
15001291
15001288
15001284
14998694
14996279
14996275
14990881
14990875
14989680
14989679
14988916
14987265
14985381
14984783
14982574
14981712
14981711
14981132
14981127
14981125
14977646
14975645
14968420
14968419
14871449
14871447
14767172
14767171
14767170
14767166
14767165
14762922
14747058
14725815
14725813
14725812
14725808
14722749
14714197
14624350
14583837
15039746
15039732
15039731
15039723
15036636
14973565
14973562
14973561
14973560
14973559
14973556
14706229
14967136
14963304
14725976
14607846
18088714
18088712
18088709
16451451
16451446
15645871
15645869
15576991
15346882
15346881
15314352
15314347
15241910
15241909
15241907
15241904
15241902
15228870
15195375
15127832
15124784
15124781
15124780
15124776
15124338
15117487
15117481
15107692
15068122
15068112
15068111
15068109
15067891
15067887
15058793
15057660
15052427
15040629
15039921
15038503
15038498
15038497
15038496
15038490
15038486
15034475
15027960
15027957
15024934
15024794
15022708
15022706
15017705
15017703
15017693
15016037
15016036
15016035
15016033
15009604
15009603
15009602
15009601
15009600
15009599
15009595
15009594
15009592
15007490
15007487
15007479
15007476
15007473
15007470
15005468
15005440
15005438
15005436
15005435
15005434
15005432
15000640
15000635
15000632
14998416
14998415
14998414
14998413
14998411
14998408
14994917
14994911
14994910
14994889
14991915
14991421
14991359
14989756
14989753
14989752
14989751
14989750
14984148
14984144
14984142
14984141
14977312
14977310
14977309
14977307
14977306
14977304
14977302
14977301
14977300
14977299
14977298
14975215
14972061
14970790
14970789
14970784
14970782
14970781
14970778
14970760
14970755
14969387
14967851
14961842
14961841
14961840
14961836
14961834
14960276
14871202
14871199
14871197
14871194
14871187
14871186
14871181
14871180
14871179
14871178
14871177
14766912
14766813
14766698
14765060
14765055
14765054
14765050
14764280
14762750
14757858
14757257
14755191
14749376
14749088
14749087
14749081
14744045
14743450
14742660
14742659
14742654
14742652
14742650
14742648
14742601
14742521
14733962
14731301
14731178
14731176
14731175
14731172
14730650
14730646
14722494
14720194
14717685
14714184
14713404
14711881
14707235
14706453
14706304
14706294
14704976
14693205
14687229
14687227
14687226
14687224
14678474
14668967
14609671
14586770
14525772
14749830
14733532
14745088
14765915
14699617
14689493
14709030
14966494
14578349
14654274
14551215
29539104
28247377
27820001
20959944
19003229
18248223
18248203
18084870
16892592
16892581
16892576
16871751
16871749
16868626
16859022
16296256
16296254
16296253
16211991
16146123
16146088
16146069
16146004
16145994
16145981
16145960
16145959
16145955
16106622
16027487
15959993
15887366
15844655
15841925
15841903
15841901
15841582
15841578
15801342
15798832
15798830
15798822
15798821
15798820
15798819
15794458
15794457
15794456
15794455
15794273
15794269
15782477
15779494
15779493
15779317
15779316
15779313
15779312
15779311
15776618
15776200
15776198
15776196
15776194
15776192
15776191
15763932
15763930
15750579
15745052
15726850
15726848
15726798
15726797
15715143
15690776
15690775
15690773
15690772
15690765
15688964
15688963
15688962
15688960
15688756
15684731
15682793
15675423
15675259
15674997
15672619
15672617
15672616
15672615
15672614
15671636
15656447
15646944
15646943
15646941
15646673
15646671
15646592
15646591
15646587
15646586
15646585
15646389
15646261
15646259
15645880
15645877
15645085
15641766
15641762
15641761
15641625
15641624
15641622
15641456
15641454
15641320
15638366
15635949
15635945
15635944
15635942
15633382
15633380
15633378
15633376
15631190
15630224
15625576
15617434
15617431
15611956
15602475
15602468
15597640
15597639
15595703
15587600
15587599
15587598
15580139
15580138
15580135
15580132
15580129
15576977
15571099
15571082
15559212
15553268
15546422
15546015
15546013
15544300
15535039
15530548
15529809
15529655
15529654
15526648
15526646
15526645
15526643
15526642
15517530
15515818
15512772
15509895
15509084
15506690
15506321
15503463
15500062
15500060
15500058
15497654
15497297
15493581
15490263
15478274
15477843
15477842
15477832
15473387
15467353
15448743
15382727
15370615
15359544
15359543
15359542
15359541
15359348
15353709
15353687
15340308
15340307
15340299
15340295
15334614
15334612
15322647
15322645
15322643
15322641
15322640
15322639
15317307
15315218
15307634
15305058
15299264
15299243
15298493
15295939
15293708
15287421
15287386
15286132
15286131
15286127
15286124
15286123
15286121
15286119
15278724
15273791
15273789
15273788
15273783
15273781
15272664
15272663
15272661
15272660
15272659
15272658
15272657
15272656
15272652
15272651
15272650
15272509
15272390
15272380
15266519
15266505
15266503
15266471
15266455
15261887
15259849
15259543
15259541
15259540
15259539
15255397
15255395
15255394
15255392
15255389
15250175
15250174
15244166
15224640
15224592
15218714
15218713
15218710
15218709
15216668
15211991
15209163
15197604
15185481
15159750
15157057
15157055
15156056
15143484
15142654
15140821
15140817
15129604
15129602
15125604
15125602
15125598
15125595
15125592
15125591
15119780
15119779
15119456
15111957
15111950
15108813
15108059
15108058
15106687
15106501
15106499
15103060
15096683
15094849
15090931
15085696
15083703
15083586
15083490
15080508
15080365
15080362
15080357
15080354
15080353
15080352
15078060
15078059
15078056
15078055
15073442
15066517
15065387
15065385
15059946
15059037
15058376
15058373
15058370
15058369
15058368
15058367
15058366
15055666
15055665
15051154
15049227
15049225
15049224
15049164
15043121
15042795
15029311
15026856
15025230
15025225
15025224
15025221
15025217
15025216
15025214
15025212
15022535
15022253
15022252
15021877
15021871
15021867
15008449
15008239
15008236
15008231
15008230
15008229
15008228
15008226
15008095
15005587
15002362
15000007
15000004
15000003
14999915
14998051
14998050
14998047
14996294
14996292
14996288
14989880
14989876
14989872
14989870
14989868
14987124
14984754
14982366
14982361
14982354
14981828
14981801
14979356
14978398
14977229
14975508
14974971
14974066
14973992
14973991
14973985
14970743
14969381
14969379
14969377
14969375
14969374
14969373
14969370
14969369
14969368
14969367
14969365
14964489
14964411
14962042
14960772
14959882
14959875
14871043
14870762
14870760
14768241
14768238
14768236
14768207
14765642
14765638
14765637
14765636
14765635
14761899
14761173
14761168
14760910
14760909
14760908
14760905
14760904
14760903
14760900
14760899
14757958
14753342
14753339
14753337
14753336
14753333
14753332
14753328
14753325
14751569
14749886
14749849
14749669
14745894
14745241
14745232
14744744
14740099
14739894
14739893
14739892
14739891
14739888
14739887
14739886
14738835
14738834
14738833
14738832
14738831
14738830
14738829
14735645
14728976
14725714
14718886
14718885
14718884
14718882
14718881
14718879
14718877
14718874
14718057
14718054
14718053
14718052
14717860
14716269
14716266
14716265
14716264
14716263
14716262
14716256
14716251
14715749
14709254
14709252
14706470
14706032
14706031
14706025
14706024
14706023
14704620
14704618
14704604
14702085
14702018
14699584
14699573
14699552
14699540
14698931
14698779
14698683
14698391
14697064
14694495
14693612
14693200
14693199
14693198
14693197
14693195
14693194
14691681
14691563
14691118
14691115
14691113
14691112
14691110
14691106
14690660
14690657
14690655
14688224
14687898
14685022
14685018
14684977
14684976
14684975
14684974
14684973
14678503
14675285
14675140
14673660
14659722
14659721
14659718
14659716
14659714
14659712
14657228
14656652
14607795
14607794
14607793
14598376
14595091
14586692
14585710
14565969
14530961
12955523
