20301578
20301464
20301668
37616435
35696511
25905388
29360318
11116156
27365573
21370146
18493565
16894681
16193851
16193850
15354496
15354490
15354489
15354485
15354484
15354482
15354481
15354480
15354479
15354476
15354475
15354474
15354472
15354471
15354467
15354466
15354464
15354463
15354462
15354457
15348375
15208934
15208931
15208929
14564066
12818150
12811910
12666973
12572048
12571972
12524892
12524886
12500879
12500878
12500877
12500876
12500871
12500870
12498438
12498429
12390003
12233269
12092143
12092119
12061017
12050704
12004679
12004675
12002824
12002823
12002820
11977372
11977356
11977297
11977296
11968218
11961855
11936189
11924851
11913773
11912864
11911061
11901561
11898503
11893052
11893051
11893049
11893047
11893044
11891615
11890039
11890035
11889649
11889647
11887677
11887674
11887658
11881466
11881464
11881463
11881456
11862940
11842913
11842911
11842908
11842907
11842843
11838046
11838044
11831312
11831309
11831308
11831307
11822412
11819949
11819944
11817478
11817453
11813666
11813664
11813663
11813450
11812306
11812303
11812295
11812291
11806517
11803646
11802566
11801201
11801183
11799850
11799837
11799725
11799722
11799705
11799702
11799701
11795453
11795447
11794563
11794561
11794560
11786990
11778856
11778855
11778667
11778584
11764638
11763998
11760160
11759814
11757406
11746110
11743703
11729819
11708286
11706736
11705319
11705313
11699584
11699583
11699582
11699581
11699579
11697155
11696987
11696958
11696954
11696951
11696920
11696918
11686409
11676220
11665366
11665365
11603830
11603820
11592682
11590707
11586739
11585977
11582871
11579905
11573223
11572637
11572508
11572507
11572506
11565448
11563394
11563352
11561541
11561530
11561525
11561497
11556096
11548351
11548298
11548295
11548291
11543691
11534777
11534310
11534168
11534166
11534162
11534159
11534157
11528981
11528980
11528979
11528790
11528150
11521760
11517875
11516838
11515397
11508131
11508117
11507922
11507920
11507919
11507918
11505966
11505965
11505964
11505962
11505891
11499769
11499768
11499451
11499448
11499446
11499444
11497377
11495405
11494947
11494945
11487170
11487169
11487168
11487167
11487166
11487165
11487164
11487163
11487162
11487161
11487158
11487157
11476015
11476014
11476013
11475709
11475708
11475707
11475706
11472657
11472656
11472654
11472651
11471970
11471969
11471967
11460763
11460761
11452908
11451323
11450685
11450419
11450410
11450370
11448020
11448016
11445919
11445918
11445917
11445915
11445913
11445912
11441801
11441797
11441568
11441539
11438991
11437131
11433771
11419399
11417498
11410894
11407331
11407330
11405030
11405026
11393532
11392603
11388314
11383277
11378639
11378636
11374781
11372468
11359061
11359055
11359050
11357809
11352266
11344707
11344519
11341697
11336225
11334168
11324413
11324412
11324411
11324410
11324407
11324406
11324402
11324401
11324195
11323952
11319841
11317604
11314222
11314220
11314218
11314213
11314211
11314210
11314208
11314187
11314184
11309876
11309874
11309873
11309872
11309870
11309869
11309867
11307381
11307379
11307376
11307375
11307374
11301528
11296895
11291961
11288682
11280368
11280366
11280363
11280356
11279699
11276594
11272387
11272384
11271456
11270602
11269734
11269726
11269723
11244233
11242735
11242734
11242732
11242731
11242729
11242728
11242727
11242726
11242724
11241938
11241744
11236157
11236151
11236138
11236008
11234796
11227207
11227205
11227204
11227203
11223334
11219817
11212455
11210907
11210897
11210702
11210700
11210696
11210694
11210693
11210692
11210688
11210246
11210077
11210073
11210072
11210066
11209503
11209502
11207974
11206982
11204676
11204674
11204405
11204121
11203783
11203781
11203780
11203779
11203778
11203775
11203774
11203773
11203770
11197570
11197106
11194397
11194389
11193235
11191613
11191610
11182278
11177219
11175273
11175269
11174686
11174681
11174678
11174673
11174671
11174578
11174543
11174542
11174540
11174539
11174538
11174536
11174501
11167338
11166163
11163597
11163593
11163592
11163591
11157584
11155185
11155181
11152993
11152187
11152144
11144243
11142918
11142673
11142671
11142670
11142669
11142668
11142665
11142663
11142662
11142660
11140898
11139357
11137641
11137640
11137639
11137634
11137347
11133603
11125200
11125198
11125197
11125194
11125192
11125190
11125189
11124413
11120479
11118899
11118262
11112660
11077406
10998415
11191176
11121045
11121009
11194143
11146468
11135185
11132894
11118506
11033563
11033560
11132690
11132689
11130069
11104742
15092823
15014776
15014773
15014765
15014763
15014754
12608242
12608241
12539475
12539471
12539470
12539464
12524838
12524835
12524834
11968918
11908382
11908379
11885186
11885184
11885168
11842922
11816362
11808060
11808058
11764128
11764125
11764124
11764120
11764119
11732532
11699368
11699360
11699358
11699356
11692996
11692993
11601186
11601184
11601182
11572223
11572221
11471646
11471644
11471643
11471642
11471640
11471636
11464662
11428393
11416901
11383261
11359251
11359249
11359248
11324269
11324268
11324266
11323948
11320470
11316040
11314092
11310249
11310248
11310245
11310244
11310243
11310242
11310241
11289696
11270834
11269382
11269379
11253354
11251781
11251777
11251774
11251771
11243890
11239673
11225538
11225533
11225531
11225530
11225525
11219667
11218922
11218491
11218489
11218488
11216417
11216416
11215013
11212607
11212606
11212605
11212603
11212602
11212601
11212599
11211597
11206617
11203599
11203598
11203596
11202898
11202897
11202895
11202894
11202893
11202892
11202761
11201197
11201195
11201049
11201047
11201046
11201042
11199524
11199522
11199465
11199404
11199200
11197946
11197745
11197200
11197198
11197194
11196406
11196404
11196398
11196227
11196225
11195135
11191197
11179850
11168253
11168251
11168245
11164559
11159923
11156045
11156044
11156040
11153933
11153927
11153921
11148157
11147182
11147037
11143739
11143738
11143735
11143734
11140699
11140563
11140561
11140559
11140556
11140554
11140553
11138652
11138647
11138645
11138644
11130998
11128701
11127198
11122350
11117700
11117696
11117684
11114263
11114256
11113824
11113821
11113820
11113818
11113817
11113806
11113802
11113800
11113793
11113792
11113791
11111808
11108282
11106273
11106018
11106017
11106015
11106014
11106013
11102267
11099591
11099572
11099569
11099567
11092773
11092770
11091071
11084648
11084150
11084149
11084146
11084142
11080237
11074400
11071745
11053687
11047757
11024604
11094113
11102930
11086005
11086371
12167954
12167950
12167948
11752619
11078565
11104100
11058154
10931843
11062007
20877112
18481413
12608226
12608223
12524778
12476500
12004668
12004666
12004656
11968144
11811235
11811234
11811233
11811232
11806256
11780540
11763920
11763919
11763918
11763916
11553076
11553074
11553073
11469300
11469298
11469297
11469296
11469295
11469292
11469291
11469290
11413608
11405025
11405023
11405020
11345686
11345682
11332364
11314543
11314493
11307351
11307254
11307253
11307252
11307251
11294063
11272810
11270001
11269997
11269995
11259931
11221675
11218600
11218599
11204070
11204063
11204061
11204060
11204000
11203999
11203998
11203997
11203866
11203864
11203862
11203861
11203859
11203857
11203677
11203673
11203672
11203670
11203669
11202495
11200729
11196145
11196144
11196138
11190561
11185578
11168479
11151701
11151584
11151582
11151578
11151345
11145363
11145361
11145360
11145356
11144835
11140948
11140841
11136540
11135025
11132515
11132512
11132511
11132510
11132508
11132507
11132505
11131499
11131133
11131132
11130787
11130174
11130169
11128919
11128918
11128917
11128916
11128915
11127283
11113379
11110529
11110192
11109740
11108527
11108177
11106994
11106991
11106988
11106987
11105012
11105010
11105005
11105004
11104201
11103766
11103584
11103579
11103576
11103574
11103569
11102303
11094364
11094362
11093026
11093025
11093021
11093020
11093018
11093017
11092395
11082529
11082528
11082526
11078135
11077389
11077380
11077378
11075315
11073331
11073330
11073329
11073325
11073323
11066089
11064402
11062483
11062345
11061801
11058901
11057686
11050030
11048966
11045666
11044629
11044393
11041990
11036251
11036094
11029439
11027440
11023873
11023871
11000387
11000386
11000384
11000381
11000378
11000377
10978843
10967193
10967190
12212135
11110491
11039935
11111313
11081948
11072981
11021861
11021844
11091369
11032131
16032144
15988889
15988886
15988885
15988882
15988880
12666969
12666968
12666967
12539659
12539658
12539656
12539649
12524812
12524807
12240696
12040561
11941683
11908368
11908364
11908352
11908351
11764116
11764115
11764113
11764112
11764110
11764109
11764107
11709987
11709971
11709966
11709964
11709960
11709959
11709950
11709947
11709946
11709945
11709944
11709941
11709939
11709938
11709922
11709921
11709920
11709919
11709918
11572240
11572238
11432105
11410975
11410972
11405017
11404951
11404874
11404872
11404871
11404870
11383232
11354515
11354512
11326519
11326518
11317397
11317396
11317395
11317394
11317393
11317391
11314360
11314356
11314355
11314354
11314353
11314352
11314350
11314349
11314347
11307638
11307637
11307270
11296364
11243056
11243052
11243051
11243048
11218535
11203993
11203992
11203987
11203986
11203588
11203587
11203586
11203584
11203583
11203582
11202888
11202887
11202885
11202884
11202883
11202882
11202881
11202848
11199805
11199802
11199801
11199800
11199799
11199797
11191950
11154427
11144874
11144868
11141969
11130632
11128504
11111377
11105412
11105409
11105404
11092457
11092270
11085436
11084775
11077997
11077993
11077991
11073068
11071233
11070629
11065023
11065022
11065019
11063399
11063398
11063393
11063391
11063385
11063384
11062965
11059354
11059350
11059346
11054980
11052871
11048282
11048281
11048280
11048275
11044857
11044856
11044852
11044850
11044849
11044848
11044846
11044843
11044265
11042989
11042988
11042985
11042976
11039555
11039388
11037760
11037757
11037752
11037751
11036994
11034125
11034122
11034121
11034120
11034118
11033518
11029743
11029742
11029741
11029740
11028444
11027390
11027389
11027387
11025226
11024208
11023144
11021730
11021704
11021702
11021701
11017934
11016689
11015117
11014510
11010786
11010778
11005156
11005154
11004123
11003785
11003500
11002206
10998431
10998145
10996785
10992496
10992465
10973564
10973563
10973559
10973557
10941920
10996152
10995466
10984520
11060953
11060951
11001925
10995576
10880113
10859305
10978607
10978606
11048394
11048393
10880094
19078599
17264622
15014806
15014804
15014798
15014786
12944763
12608210
12197360
12197358
12116427
11968939
11968938
11968937
11780246
11780245
11780238
11714004
11714002
11713999
11442172
11413614
11404996
11404994
11372135
11324203
11324200
11324199
11324048
11314070
11310119
11310118
11310114
11310112
11310111
11310110
11307566
11307565
11307564
11307563
11307467
11307465
11307464
11307463
11307461
11307459
11307458
11285849
11277046
11257785
11256205
11256202
11256199
11249489
11218526
11212552
11210856
11208425
11203980
11203979
11203975
11203974
11203973
11203899
11203898
11203896
11203855
11203849
11203848
11203847
11203846
11203845
11203666
11203663
11203660
11203659
11203658
11199796
11199794
11199793
11199788
11199785
11199652
11199646
11199644
11199642
11199632
11182937
11179464
11179463
11169306
11143147
11126804
11124515
11111324
11111323
11108403
11108399
11103297
11099559
11099558
11099555
11098293
11098291
11095146
11093037
11085599
11082786
11081809
11077912
11076365
11070956
11070955
11068671
11068664
11068663
11062939
11062937
11062936
11062933
11057025
11057024
11055140
11055137
11055136
11055132
11049008
11048313
11048312
11048303
11048301
11040528
11040527
11040526
11040525
11039272
11039271
11035635
11035634
11035562
11035458
11035453
11034026
11026520
11023270
11023269
11023268
11023266
11023265
11023257
11022782
11022781
11022776
11022775
11022772
11022769
11021441
11018828
11016866
11014910
11014907
11014906
11014903
11014902
11012857
11012854
11012852
11012103
11008964
11008428
11005913
11005912
11005910
11005903
11005901
11005900
11005896
11005180
11004789
11001497
11000325
11000324
11000323
11000321
11000319
11000317
10995794
10994783
10990281
10989859
10986997
10986832
10986830
10986829
10986828
10986827
10986307
10983603
10983598
10983597
10983595
10982960
10982959
10982958
10982952
10982950
10982933
10982932
10982931
10982929
10982927
10982926
10982925
10982389
10981979
10981975
10980418
10972349
10971805
10970390
10967538
10965800
10964059
10962051
10960754
10960751
10960750
10960749
10957659
10954627
10952878
10952702
10947771
10947770
10945938
10944413
10915896
10915613
10869490
10869489
10869484
10954731
11036750
11036741
10952716
10948036
10840032
12167886
10930757
10946350
10938058
10985735
12608201
12539542
12539541
12539534
12539526
12539525
12524750
12524739
12524738
12026448
11763937
11763934
11763933
11763930
11763929
11763928
11763925
11763924
11573514
11573511
11573509
11404909
11383021
11359290
11359287
11314517
11314514
11314513
11220611
11212585
11212573
11203581
11203578
11203577
11202879
11202878
11202877
11202874
11202873
11199783
11199781
11199779
11199775
11199773
11199656
11168474
11154408
11110157
11061092
11060990
11060770
11045371
11045367
11042082
11036565
11029830
11029829
11029824
11025946
11025944
11025943
11023283
11023279
11023277
11023274
11022666
11008441
11005721
11005681
11000726
10983885
10983881
10983880
10974729
10972858
10972655
10972654
10972653
10972652
10972651
10972648
10972645
10972644
10972640
10967734
10961785
10961784
10961783
10961781
10961780
10961779
10961778
10961776
10959789
10959784
10959780
10959779
10958106
10953532
10951252
10946822
10946771
10946767
10946765
10946764
10946340
10946336
10946335
10946334
10946333
10946332
10946327
10944935
10942606
10940151
10938330
10936842
10936834
10936831
10935965
10935963
10935962
10935961
10935957
10935955
10934642
10934101
10933260
10932194
10931265
10931263
10931259
10923043
10920222
10919787
10918262
10918128
10918127
10918126
10913920
10913914
10908191
10906776
10905412
10901411
10901408
10901407
10899901
10899448
10897041
10869481
10856808
10856806
10856805
10856804
10856803
10856802
10856801
10925391
10922468
10975161
10975160
10915777
10899287
10806191
10882794
10912785
10854903
10967822
10825562
20877080
15214190
12666963
12608196
12608195
12524820
11858065
11794370
11794365
11780508
11780507
11640518
11385788
11385787
11385784
11385782
11385780
11324051
11321596
11317405
11317404
11317400
11314420
11314418
11314417
11314416
11314414
11314413
11314412
11314411
11314410
11310094
11310093
11307216
11307215
11307214
11307213
11307211
11307208
11307207
11307206
11307205
11261146
11232408
11218464
11218463
11218462
11203971
11203970
11203969
11203968
11203967
11203892
11203840
11203837
11203835
11203833
11203832
11203831
11203830
11203827
11203756
11203652
11203650
11203648
11203646
11203644
11203643
11203512
11203511
11202838
11201968
11201966
11201964
11201962
11199763
11199662
11199660
11199617
11199615
11199614
11199613
11199612
11186918
11143844
11109221
11109219
11109213
11109212
11109209
11068078
11035511
11005739
11005736
11005731
11005730
11005729
11005428
10999272
10997246
10997245
10997244
10992931
10992643
10969440
10969434
10969431
10961125
10960989
10960983
10960981
10960028
10960015
10960011
10960010
10958610
10955007
10953652
10946495
10946494
10946469
10946466
10946464
10946463
10946460
10946458
10946457
10945470
10943036
10943035
10943034
10932323
10931257
10931256
10931252
10926092
10925772
10918565
10918560
10918455
10918454
10918452
10917283
10916333
10916327
10916319
10916299
10914896
10914890
10914888
10914886
10914595
10914047
10912720
10912719
10906461
10903823
10898842
10898841
10898840
10898839
10898252
10896811
10893480
10893479
10893478
10893471
10888217
10886122
10884643
10883689
10880398
10869062
10867429
10865203
10861355
10858275
10858222
10858217
10855775
10848494
10848490
10841809
10840194
10831399
10785526
10785525
10785520
10785518
10785517
10785516
10785304
10785303
10785301
10785299
10785298
10785297
10785296
10785294
10906523
10877664
12212185
11022384
11022381
11022380
11022372
10879533
10829073
10861665
10916902
10875561
10863090
10893817
10893813
10835280
10898392
10833428
10842029
18034549
15348019
15014816
15014814
15014810
12608271
12539671
12539670
12539669
12539664
12515118
12160185
11968923
11968922
11968921
11964791
11799980
11763950
11763948
11763947
11763946
11763945
11763944
11584431
11405007
11405001
11385805
11385803
11385802
11372163
11372158
11354953
11354952
11354951
11354939
11349994
11324129
11324127
11324126
11324087
11324086
11310104
11310102
11310101
11310100
11310098
11310095
11307402
11307400
11232233
11232232
11218508
11218507
11218506
11218505
11218504
11218503
11218502
11203962
11203957
11203956
11203955
11203954
11203953
11203569
11203568
11203565
11203564
11202871
11202870
11202868
11202867
11202864
11199759
11199756
11199753
11199752
11199751
11199747
11199745
11199671
11199666
11189958
11189957
11168216
11168214
11154396
11132298
11121769
11070137
11070135
11070134
11048292
11030366
11028750
11012384
10989589
10989587
10989586
10967765
10949050
10949048
10942065
10941715
10933561
10933560
10933559
10933557
10933556
10929866
10928440
10927895
10926433
10926432
10926430
10925594
10925508
10925506
10925505
10925504
10925503
10925502
10925501
10921246
10921244
10921239
10921237
10920565
10920562
10920561
10920557
10920556
10920455
10916942
10916940
10916552
10916550
10914810
10914809
10914807
10914800
10914795
10914791
10905660
10902259
10901644
10900497
10895542
10895540
10890722
10890720
10890717
10890714
10888283
10888282
10888281
10888275
10888273
10883875
10883872
10883868
10883867
10883866
10880685
10872996
10872994
10872992
10872990
10872988
10872987
10867850
10867075
10867070
10862406
10860344
10860342
10860340
10860336
10860333
10860330
10860328
10848620
10846132
10846130
10844524
10842142
10842138
10842137
10842130
10842127
10842117
10842109
10842108
10842107
10842056
10835260
10831939
10830648
10830647
10825704
10775676
10891594
10839543
10823952
10811976
10808099
10808098
10859849
10859846
10806367
10793200
29537513
29537510
29537509
29537507
29537505
29537504
29537503
29537502
29537501
14743587
12608266
11799730
11780230
11780227
11780225
11780224
11780217
11763869
11763867
11763866
11553067
11404861
11404860
11404858
11323914
11323912
11314344
11314342
11314337
11314335
11314304
11314301
11307449
11307448
11307447
11307446
11307444
11307442
11307440
11307439
11307438
11307437
11307436
11307435
11218456
11218452
11216327
11203947
11203946
11203944
11203943
11203941
11203940
11203884
11203883
11203824
11203819
11203814
11203813
11203811
11203808
11203636
11203631
11203630
11199742
11199741
11199740
11199739
11199736
11199735
11199733
11199732
11199731
11199601
11199598
11199595
11199593
11199591
11199590
11199589
11199586
11199585
11186957
11180832
11168469
11168468
11168286
11089368
11068419
11022145
11021697
11018461
11010700
11002724
10959112
10929500
10918815
10912263
10902084
10902077
10902074
10887917
10887911
10887910
10883436
10883392
10875699
10875698
10875697
10875696
10875695
10875694
10875692
10875691
10875690
10874810
10874805
10874801
10872970
10872969
10872968
10872966
10872965
10872956
10872954
10872953
10872950
10872948
10867428
10867426
10867422
10867421
10867420
10867418
10860388
10850621
10847541
10847540
10847539
10847538
10847536
10847533
10847532
10846820
10846731
10846729
10841111
10836472
10836452
10836451
10836450
10836449
10836447
10836446
10836445
10836444
10836442
10836441
10836424
10836411
10836409
10836408
10836407
10836406
10836403
10833868
10832256
10832255
10832253
10832252
10831202
10830812
10830806
10822271
10821128
10817985
10815132
10815126
10807725
10807721
10807714
10804024
10802647
10800907
10800902
10799126
10797409
10797391
10793396
10793393
10793389
10793384
10793378
10793377
10781266
10775544
10773101
10768953
10768753
10766945
10762682
10762680
10762679
10762678
10760739
10742411
10739861
10739859
10739857
10739856
10735467
10722904
10722902
10722901
10722898
10722897
10722896
10722895
10722893
10713355
10781055
10762521
10953400
10834304
10750053
10754223
10760279
10760482
10816931
10744720
27551609
19750733
15348032
12800043
12666959
12539345
12539335
11800107
11800106
11764835
11764834
11764832
11764831
11764828
11764823
11404971
11404920
11382976
11382973
11382972
11382970
11382967
11382966
11359293
11359292
11359291
11324072
11324025
11323930
11317410
11317409
11317406
11314370
11314147
11314146
11314145
11314144
11314143
11314139
11314061
11307432
11307429
11218284
11218282
11218281
11217232
11203935
11203933
11203931
11203559
11203557
11203556
11202863
11202862
11202861
11202860
11202859
11199730
11199729
11199727
11199726
11199718
11199685
11199683
11155173
11155168
11100737
11040546
10945187
10938190
10921252
10916640
10916634
10894431
10894429
10894428
10894425
10893703
10881157
10876459
10872891
10872890
10872889
10868366
10859755
10857481
10855706
10855702
10853962
10853832
10853553
10846917
10836487
10834534
10833006
10833004
10833003
10833000
10832999
10831103
10831093
10831092
10830911
10824515
10822886
10822885
10822884
10818369
10810664
10809099
10808612
10807131
10807129
10807125
10807124
10807123
10807122
10807121
10807116
10807113
10806055
10805606
10803700
10803000
10798841
10793529
10792598
10792597
10792593
10792592
10789171
10788963
10787243
10783843
10783842
10783839
10783837
10783835
10781122
10770018
10770014
10770012
10770011
10770009
10768724
10768723
10768722
10767631
10767189
10764043
10761666
10760735
10760733
10758122
10758116
10756297
10756295
10756291
10756289
10756288
10756287
10756274
10756273
10756265
10756264
10756262
10751671
10751670
10744214
10742445
10742315
10742104
10742093
10741982
10737858
10737856
10735813
10730719
10730716
10730715
10727673
10727485
10725243
10708672
10708671
10706911
10704389
10694716
10727645
10800240
10800237
10800232
10722745
10733530
10704885
10706636
10694573
10758689
10758686
10758685
10806910
10602066
24383529
20047211
20047206
15101965
15014840
15014838
15014836
12935459
12162527
11968934
11968928
11794332
11785208
11780490
11780488
11780484
11780479
11556046
11556045
11487236
11404963
11404962
11404957
11385770
11372147
11372146
11372145
11372143
11372141
11372140
11324004
11324003
11324000
11323999
11323998
11310129
11310127
11310126
11310125
11310124
11310123
11310121
11307456
11307455
11307454
11307451
11307389
11307388
11307387
11307386
11307384
11271025
11219093
11218517
11218516
11218515
11218512
11203925
11203921
11203878
11203804
11203798
11203796
11203619
11203618
11203616
11203540
11201960
11201955
11199717
11199716
11199715
11199714
11199710
11199709
11199708
11199707
11199705
11199704
11199701
11199699
11199581
11199578
11199574
11074028
11074024
11039631
11039630
11039629
11039628
11039625
11010994
10885340
10870937
10860862
10860377
10860374
10851883
10846274
10846271
10846269
10842988
10832509
10826053
10826052
10826048
10826047
10826046
10826044
10826042
10816793
10812556
10808247
10808218
10795461
10795460
10795459
10795458
10795451
10793598
10790443
10790440
10789082
10784336
10784335
10784334
10784333
10784332
10784331
10783636
10782950
10780790
10779070
10776942
10776941
10776940
10776931
10776925
10776924
10776921
10774230
10774160
10774159
10774157
10774155
10773637
10773636
10773633
10773632
10773628
10773627
10773626
10770589
10770588
10769860
10769853
10769852
10769491
10768130
10766401
10765963
10765957
10765956
10765953
10761875
10761872
10761871
10761287
10755185
10754071
10753694
10752767
10751814
10749059
10743867
10743321
10739226
10738634
10737031
10736266
10733311
10728111
10725172
10718962
10715923
10715093
10715087
10714649
10709342
10709341
10709340
10709339
10709338
10709337
10709047
10709041
10709037
10709036
10707944
10704873
10702786
10701658
10701464
10700184
10692606
10692605
10685038
10681474
10740903
10741027
10691014
12167890
11882264
10675334
10722196
10710232
15027292
12608256
12608255
12539366
12539355
12536426
12531159
11763905
11763899
11763898
11602954
11602949
11602947
11602946
11385789
11212379
11212378
11203918
11203915
11203914
11203913
11203912
11203553
11203552
11203546
11203545
11203544
11202857
11202856
11202854
11202852
11202851
11199693
11194380
11194379
11194378
11194375
11194373
11194370
11189112
11189111
11189108
11168198
11168190
11155158
10945181
10945180
10945176
10838928
10835936
10809396
10809392
10794081
10791708
10791707
10791705
10783451
10783446
10783444
10766072
10766065
10763442
10762188
10741463
10737686
10737456
10730680
10730671
10728980
10728979
10728976
10728971
10721249
10721243
10721242
10721241
10716622
10716616
10715641
10714956
10713300
10711649
10711622
10711619
10711612
10711609
10711608
10711607
10711604
10709619
10709374
10706481
10706477
10706475
10705117
10703660
10703659
10703656
10703654
10703652
10703177
10697155
10696041
10691139
10690885
10690486
10685584
10680391
10680389
10680387
10680384
10673666
10673662
10673658
10673653
10672365
10672219
10672218
10672217
10672216
10672215
10672214
10672155
10672149
10672147
10672146
10672144
10669689
10668032
10668029
10668028
10666974
10666970
10666968
10666967
10666965
10666524
10658196
10655068
10652962
10652961
10648755
10648431
10646523
10640949
10640947
10640945
10639614
10639608
10639494
10639440
10639415
10634686
10634685
10634684
10634683
10634680
10634678
10633107
10631169
10678655
10689766
10607963
10607952
10607947
10673338
10625557
10686813
10636124
10687926
10697342
20086610
15828199
15779187
15696682
15348093
14743526
14743524
14702945
12886317
12714847
12666983
12666982
12666981
12608250
12608249
12608248
12523243
12523239
12075424
12017731
11920163
11908409
11908408
11908407
11908406
11908405
11908404
11908384
11908378
11908377
11908376
11908375
11908373
11908371
11908370
11908358
11908357
11908356
11908348
11908347
11908346
11908344
11908343
11885467
11836926
11831972
11831971
11831967
11831966
11831964
11831963
11831958
11831955
11831954
11831321
11831317
11831300
11831299
11831298
11831234
11799738
11712315
11712314
11712312
11708216
11505760
11505758
11505756
11505755
11484881
11460611
11460609
11460608
11460607
11460606
11460291
11460290
11460289
11460288
11460286
11460285
11460283
11460275
11452428
11404989
11404982
11404895
11404891
11404887
11404883
11402672
11402457
11396401
11381453
11370331
11359280
11359279
11359269
11359267
11359265
11359260
11351392
11351388
11351383
11347340
11347339
11338494
11338493
11326527
11326505
11326503
11324083
11324082
11323941
11323936
11323932
11323898
11323871
11323864
11323862
11323860
11323834
11323832
11323828
11317379
11317376
11317375
11317374
11317371
11314329
11314328
11314327
11314325
11314316
11314309
11314119
11314115
11314077
11307557
11307556
11307475
11307474
11307473
11307472
11307470
11307415
11307247
11307233
11264868
11264862
11243046
11243045
11243044
11243043
11229624
11218265
11218264
11217292
11217291
11215415
11213794
11212563
11211979
11210457
11205108
11204135
11203907
11203906
11203901
11203871
11203792
11203791
11203785
11203784
11203743
11203615
11203613
11203611
11203604
11203526
11203523
11203517
11202814
11202354
11200389
11199691
11199559
11199557
11199543
11197622
11197192
11194366
11194363
11194362
11194361
11194360
11189433
11186571
11186562
11185738
11168263
11168262
11168261
11168259
11168256
11156291
11155425
11140542
11140541
11135283
11132767
11132766
11126019
11126018
11123840
11113320
11109857
11109179
11108217
11108207
11108204
11107703
11104149
11074511
11061207
11061205
11057275
11051866
11051116
11039288
11039287
11039285
11039195
11037684
11037683
11037682
11030070
11021636
11021633
11021631
11018133
11014917
11014916
11005611
11001718
10997761
10997758
10979176
10977560
10974946
10974945
10968648
10964087
10961114
10961108
10961104
10961103
10961102
10961053
10961052
10961049
10960817
10953552
10951703
10950698
10949838
10949837
10949834
10948828
10938763
10932902
10932022
10923039
10920479
10912293
10902445
10899714
10898878
10898874
10898473
10894999
10893759
10889914
10884959
10879656
10879654
10879652
10868476
10863878
10863875
10861703
10859887
10850182
10850179
10850178
10850171
10842514
10838863
10824409
10819677
10812996
10805945
10796568
10791437
10783565
10783564
10774090
10772611
10771605
10768266
10744521
10743002
10743001
10741478
10738752
10738291
10738289
10738288
10738286
10737979
10736659
10736655
10736654
10734619
10734615
10734614
10730463
10730297
10730296
10730293
10730287
10730285
10730280
10701890
10697408
10695944
10695941
10695940
10695936
10695934
10695933
10695932
10695340
10693350
10693339
10692016
10690664
10690663
10690662
10690661
10690660
10690656
10690655
10680330
10680329
10674963
10674958
10674957
10673782
10671754
10670885
10670884
10670647
10670274
10669093
10669092
10669090
10669088
10666958
10666957
10663132
10662922
10662919
10662917
10661379
10656704
10654257
10654067
10654038
10650902
10649881
10649880
10649878
10649872
10649871
10649789
10649677
10647741
10643953
10635472
10635470
10634957
10634276
10633026
10633020
10632843
10632841
10632165
10632107
10632095
10630952
10630949
10630948
10630939
10629526
10629524
10629516
10629515
10627400
10627399
10618588
10618276
10615134
10608305
10603340
10601786
10601785
10601783
10601782
10601778
10601710
