25392904
24830047
25039577
25424341
24616333
29539546
29539545
27605832
25319235
25266855
25259423
25243637
25267183
25288441
25209113
25163661
25039293
24641726
24612262
25448884
25424649
25329745
25041378
27534607
26929561
25110204
24628483
24612284
24597864
24533634
24494816
25529515
25496243
25490991
25388765
25233290
25195629
25187255
25044486
25040828
24773149
24658211
24529567
26834627
26793622
25534135
25523604
25521008
25424595
25424594
25408249
25399962
25395333
25382721
25371100
25346234
25323220
25248755
25219878
25111051
25005586
24919124
24749979
28352756
26962377
26962376
26719749
26716981
26716689
27347539
26713617
26713442
26734583
26722633
26966466
26700481
26966467
26962372
26696528
26695491
26693909
26683205
26713254
26713246
26798309
26674637
26673218
26673161
26673156
26713256
26671068
26659581
26659123
26688781
26962369
26651027
26673904
26884840
26884825
26843777
26843775
26843754
26843753
26010600
25557524
25529858
25524144
25520376
25495951
25400281
25377258
25350869
25346135
25319113
25293424
25242064
25179799
25123414
25115819
24852941
24852761
24689697
24428748
29607057
26798272
26617675
26606595
26579712
26609505
26571127
26885159
26962368
26587359
27551475
26544034
26594180
26543504
25394286
26566460
26614150
26456141
25532620
25511799
25511642
25511545
25511014
25495379
25490882
25398633
25354246
25354086
25353648
25314030
25187170
25174647
25109372
25044432
25041624
25039366
24850632
26512900
26509261
26604744
26578979
29607056
29607055
26498426
26496192
26496187
28955546
28955544
28955542
28955541
28955539
26539101
26539423
26527893
26504525
26486107
26528190
26770616
26770296
26889308
26457581
26440281
26431206
26722570
26722424
26484315
25548144
25536361
25535701
25504772
25495425
25487426
25481921
25452628
25399772
25346154
25314154
25307251
25283786
25269890
25220954
25219296
25195816
25182080
25180473
25076118
25040484
24967609
24939085
24661578
24506733
26421144
26834924
26406915
26406597
26406231
26442715
26398909
26491490
26387645
26376321
26629151
26628955
26368937
26368532
26401449
26352985
27551457
26664960
26340752
26332042
26617945
26617892
26355720
26225093
26225083
26225081
26225071
26225068
26225052
25549960
25547072
25533275
25531734
25529222
25502831
25478739
25472033
25469669
25424714
25417007
25412265
25407534
25393802
25393801
25369448
25369107
25351990
25344891
25312093
25288264
25266846
25266756
25251773
25243348
25240388
25205560
25200313
25183493
25047069
25040955
25011634
24996929
24975383
24972882
24798293
24735458
24734956
24734890
24673690
24438234
26605214
26322971
26317362
26313359
26313005
26305577
26287486
26280008
26550101
26316747
26275064
26339542
26316821
26267797
26267241
26252380
26300779
26244500
26290791
26241961
26241942
26241480
26237310
25586958
25529852
25526933
25522165
25521857
25521774
25491315
25452629
25449609
25432504
25430934
25425316
25423023
25414477
25395069
25385684
25330403
25318647
25316494
25311949
25273591
25258106
25251783
25244403
25213830
25203865
25181641
25163634
25156248
25156123
25140498
25118664
25118662
25105681
25100244
25088120
25060900
25041097
25040653
25037969
24967654
24945089
24917174
24850775
24750306
24720498
24720447
24673473
24574324
24570087
26464604
26464594
26312096
26236178
26230519
26230087
26246975
26229519
26225132
26222384
26261434
26201071
25324463
26664947
26379957
26379941
26379925
26379860
26203280
26177465
26177268
26168274
26793672
26154139
26146997
26146989
27347555
27347549
26159690
26132165
25511384
25502686
25500501
25483123
25483122
25467235
25467231
25454274
25432861
25416638
25413008
25411082
25411081
25407346
25399874
25398363
25395347
25391496
25381018
25366872
25359326
25352470
25347045
25343689
25342283
25330718
25330165
25289654
25275540
25274130
25271954
25264581
25264580
25263283
25242340
25230895
25220099
25208232
25184787
25131644
25131389
25112721
25100025
25098817
25088222
25087922
25058123
25046977
25034768
25027731
24906484
24906483
24890033
24865391
24736944
24684275
24580835
24554452
24502689
24502624
26125565
26121551
26121365
26312093
26312091
26312090
26312087
26312084
26115030
26107959
26180510
26157393
26124689
26124647
26086498
26083023
26309512
26309497
26075723
26082860
26068221
26066349
26113818
26061730
26061082
28642896
26155069
26039066
26082747
26035729
25449862
26034581
26030821
26030286
26030135
26028886
26028857
26028852
26028844
26028842
26028838
26028831
25922324
25825576
25618810
25547330
25545698
25528251
25491151
25477128
25441657
25440412
25413439
25409631
25394885
25394607
25388615
25382227
25370202
25346372
25338736
25311526
25304166
25300791
25283822
25280511
25273895
25261399
25257686
25251764
25248949
25248948
25246605
25244626
25219770
25219401
25213661
25182139
25157034
25129839
25113037
25090997
25081278
25080240
25074727
25074651
25073624
25070420
25070115
25069888
25065393
25055992
25046134
25041439
25040655
25040533
25040158
24987870
24980632
24964352
24917276
24863639
24721691
24720375
24712313
24665872
24611985
24383495
26023920
26491512
26085795
26020958
26020788
26017363
26010981
26010446
26009883
25992976
25992635
26161250
26161249
26161247
26161246
25992569
25984952
26221389
26221261
26140062
25978772
26019808
25970290
25965704
25955349
25950700
25987906
25946126
25945503
25938681
26257945
26191212
25984480
25984479
25795182
25651576
25556039
25544405
25544297
25535787
25535781
25535780
25531735
25515652
25496849
25489770
25484034
25472711
25419816
25418079
25405903
25382448
25376536
25363249
25329678
25317750
25308796
25240922
25230909
25208231
25201083
25187264
25181252
25140669
25126675
25118024
25115995
25115608
25107322
25101910
25098187
25093597
25090135
25073636
25066513
25059640
25045081
25040938
25040605
25040446
25038122
25023567
25007032
24995862
24961535
24942082
24923365
24919127
24916092
24916003
24908421
24902857
24893681
24890861
24889680
24888490
24858234
24850569
24824739
24811085
24766533
24756325
24756324
24718919
24647621
24647465
24617340
24612079
24578013
24532117
24476120
24474548
24433432
24410723
26045724
25932039
28955538
28955536
28955534
28955529
25923705
25923662
28642898
25926890
25901743
25901602
25954205
25931967
25931962
25894078
25884725
25880908
26131099
25874547
25552649
28642895
25893149
25992263
25992262
25992261
25992260
25914554
25914649
28642893
25901121
25901120
25849153
25901112
25897267
28352701
27347553
25931969
25972644
25969686
25919752
25840611
25835800
25830530
25631867
25622882
25621848
25617005
25594624
25594367
25576892
25575296
25557987
25544296
25535203
25532478
25501640
25498127
25494964
25492491
25491176
25490618
25488521
25487564
25475203
25453563
25449314
25448868
25443200
25425231
25425178
25415368
25412991
25409935
25408071
25402976
25401281
25394997
25385711
25385683
25382149
25382089
25373496
25370386
25369587
25367820
25344266
25339622
25336285
25329495
25326587
25318359
25316610
25311423
25279665
25268300
25264187
25257824
25255820
25246604
25234710
25220451
25209424
25195611
25161117
25130861
25114124
25108281
25092072
25091364
25086912
25059712
25055747
25055746
25039828
25038838
25025289
25023028
25016927
25016580
25001492
24994576
24975940
24975824
24948035
24931599
24912618
24872016
24871690
24862732
24860966
24824304
24824149
24815529
24684380
24666352
24665919
24621203
24504661
24445434
24417614
24383943
25926898
25926896
25870716
25848318
25816242
25815730
25859225
25812134
25803851
25803849
25803052
25799112
25866668
26331077
25795245
25597811
26064213
25576934
25574645
25520333
25768933
25760343
25792853
25756960
26309592
25821707
25767406
29539480
28989405
25983622
25848156
25848153
25802722
25753999
25737648
25729230
25660828
25621269
25577457
25557499
25557277
25556352
25547319
25544104
25543902
25542999
25535786
25535204
25530044
25529316
25526625
25526621
25498832
25498128
25496850
25496129
25495013
25494659
25492488
25490552
25484336
25480009
25476975
25476972
25467112
25459568
25453564
25449957
25449611
25447500
25444288
25444285
25444282
25443394
25442980
25433339
25418018
25415250
25415247
25415245
25406168
25393983
25392981
25388809
25388672
25387697
25363296
25363236
25355775
25354445
25330270
25327636
25318896
25304661
25299703
25299387
25294562
25284614
25275960
25275959
25270097
25268039
25263735
25263527
25251411
25216939
25192473
25136907
25082666
25081021
25073520
25039919
25032737
25010923
24982260
24978676
24974864
24961627
24949910
24948337
24923583
24917568
24867231
24863852
24862940
24859380
24859291
24853861
24852334
24852333
24830919
24800728
24786562
24786363
24759997
24737101
24687249
24677170
24650083
24617329
24602187
24535133
25834655
25798052
25901281
25901280
25852735
25719561
25597812
25714832
25755926
25755636
25706629
25694550
25692765
25692466
25932177
25763359
25679807
25729368
25675410
25713575
25709411
25668209
25774248
25709410
25685034
25651540
25651832
25685025
25673974
26309794
25973109
25671217
25671216
25671215
25671214
25671212
25671211
25671209
25671208
25671207
25600604
25579015
25579005
25535202
25529787
25529501
25527248
25527246
25523715
25521216
25503613
25503612
25503610
25501684
25500726
25498834
25498520
25498298
25492174
25488311
25487985
25487982
25487175
25484024
25483593
25478890
25477312
25476973
25476244
25463910
25463908
25463907
25462853
25459572
25459569
25458596
25457826
25456564
25455439
25453569
25453567
25449958
25447503
25447296
25444283
25442720
25442250
25436029
25435135
25434393
25433971
25433969
25421840
25420453
25407444
25407359
25407056
25407030
25406169
25395122
25373699
25371293
25363061
25361608
25351856
25351433
25345338
25336206
25329008
25327894
25327339
25325708
25323289
25315019
25315018
25311391
25306257
25299600
25299599
25290558
25287057
25286435
25284468
25283588
25272982
25272977
25269523
25265422
25264808
25263952
25263806
25256526
25255742
25252593
25245233
25244536
25242100
25236939
25234861
25229181
25216204
25207818
25124888
25124216
25086911
25086030
25074244
25070036
25066428
25041518
25040842
25040592
25015376
25005109
24968792
24960298
24909544
24881908
24815103
24791962
24754602
24749656
24738784
24724718
24702260
24697590
24697562
24665831
24661364
24661255
24646115
24527752
24510456
28955528
28955527
28955524
28955523
28955521
25713636
25713635
25709982
25674168
25674167
25674165
25512380
25685249
25629995
26090030
25540311
25602501
25464410
25785078
25642191
25187576
26029325
25587986
25632260
25535375
26015843
25610497
25569806
25646137
25646134
25601840
26019634
25406311
35477219
29911581
29497637
29213944
28962345
28316738
28316701
28316671
28316670
28198707
27683931
27604204
27512646
27501623
27348991
27189500
27182531
27182520
27182518
27139362
27139354
27116860
27116858
27048091
27029099
27029098
27029097
27029094
27029093
27029092
27029090
27029089
27019583
27012061
27012059
27007188
27002702
27002700
27002697
26960824
26953439
26953436
26953428
26953419
26929489
26929486
26929485
26929482
26929480
26892361
26892360
26892358
26892354
26882150
26881201
26879267
26875294
26864488
26856106
26856017
26856016
26856015
26852515
26819783
26817326
26817109
26817100
26799876
26798405
26794053
26794052
26794051
26794050
26790177
26788398
26788379
26788377
26783528
26783475
26779355
26779353
26779352
26775403
26774805
26761199
26759730
26756298
26743279
26738125
26734667
26733753
26733745
26731996
26731995
26731868
26720884
26707046
26707036
26688845
26688616
26679334
26678557
26678429
26678302
26674657
26669549
26669546
26669545
26669544
26668494
26668493
26668492
26668491
26668489
26668488
26668486
26668484
26668481
26668478
26668477
26668476
26668474
26668473
26668461
26666864
26666860
26666857
26666855
26666854
26666850
26665290
26665289
26665288
26664361
26662142
26662138
26657524
26655853
26655396
26655142
26650493
26649207
26637770
26633972
26632241
26632239
26632232
26632231
26632230
26632227
26632223
26632222
26631278
26631270
26630728
26630093
26629557
26629556
26629555
26629554
26625760
26620742
26620511
26618008
26613221
26609260
26603675
26598895
26598846
26597642
26589932
26589931
26589926
26589925
26587296
26587295
26581382
26579317
26579316
26572181
26568893
26564088
26564087
26558267
26558264
26557850
26557651
26557392
26557391
26551881
26548436
26545754
26545753
26545743
26543896
26542828
26538821
26536617
26530071
26530068
26529841
26529840
26529839
26529838
26529837
26529833
26529832
26528061
26523234
26519852
26513918
26513462
26495024
26495020
26491694
26491574
26488347
26486769
26486767
26485903
26485902
26484556
26482430
26470739
26467790
26457322
26457210
26455565
26454805
26451912
26445391
26441483
26438993
26438990
26438985
26437707
26436090
26431415
26431095
26425373
26425372
26421314
26421196
26416319
26413507
26413504
26413357
26413143
26411706
26407114
26406057
26406046
26406043
26406042
26403133
26401748
26400000
26392019
26391730
26390822
26389137
26389136
26389135
26389051
26389050
26389047
26389030
26380371
26370578
26370576
26370574
26370573
26357576
26355892
26355890
26355889
26355885
26355884
26355883
26355882
26355877
26352521
26351659
26351583
26349186
26349127
26349125
26349124
26347779
26347778
26347356
26347256
26347249
26346951
26345692
26345398
26345232
26345152
26343410
26343407
26343406
26343400
26343398
26338228
26337199
26336278
26331177
26328330
26328314
26321752
26317064
26316073
26313351
26313350
26313349
26313348
26313347
26310954
26307325
26306443
26305580
26303311
26299875
26298095
26295061
26290670
26288189
26282351
26281856
26280308
26278523
26273612
26271703
26271701
26271697
26271696
26271695
26270595
26270016
26266059
26266057
26265916
26265420
26262380
26262031
26259385
26257782
26251723
26247516
26245053
26236338
26235722
26235719
26235715
26235714
26235710
26234237
26232741
26229695
26228350
26228178
26225904
26225109
26225106
26225105
26225104
26225102
26225101
26225096
26223396
26219717
26219711
26219704
26216550
26216373
26214120
26201271
26199762
26193215
26193213
26193206
26190735
26190375
26183851
26180644
26176018
26174632
26171256
26171113
26169701
26169494
26169366
26169068
26168687
26167549
26167548
26158079
26155192
26154378
26154376
26154374
26154156
26152623
26150853
26146573
26146501
26145475
26145471
26138030
26136785
26133366
26133014
26124837
26124836
26124834
26124589
26124586
26124585
26124584
26124583
26124581
26124580
26124578
26124577
26124576
26124574
26123783
26119343
26119213
26118030
26118029
26112465
26112288
26111632
26111557
26110926
26106648
26106416
26106050
26097752
26097326
26093668
26090933
26089906
26089585
26085484
26084999
26083091
26083089
26082949
26081783
26079219
26078890
26078889
26078779
26075130
26074983
26073639
26064699
26064698
26063981
26063967
26062279
26062278
26062277
26061990
26061984
26060817
26060587
26059699
26054187
26054186
26054185
26054184
26051152
26050862
26050804
26050800
26041394
26041393
26039909
26039908
26030601
26030599
26022906
26022310
26018784
26016636
26009692
26005451
26005450
26005449
26000973
26000177
25998420
25998233
25996709
25992788
25984559
25973157
25973154
25973147
25970973
25967014
25961624
25961619
25961618
25961617
25961613
25961608
25961607
25961071
25954959
25953567
25953539
25952673
25952294
25951308
25951307
25951306
25949833
25948359
25948146
25948143
25948141
25946637
25943460
25928026
25924601
25918737
25917501
25911826
25909844
25909843
25909842
25909840
25909838
25909836
25909789
25909621
25909614
25909610
25904172
25904167
25901132
25900235
25895964
25892281
25891229
25885024
25884044
25884030
25883816
25882853
25879075
25879053
25878916
25878636
25877088
25876956
25876955
25876953
25876951
25876950
25876949
25876948
25876944
25876943
25876279
25874260
25874258
25874254
25874250
25874248
25874135
25873990
25871415
25866839
25866112
25865057
25864763
25864743
25855887
25853040
25845247
25838950
25838948
25838757
25834603
25834602
25834599
25834598
25834597
25834594
25834591
25834589
25832626
25826513
25826499
25826490
25826142
25823491
25823490
25823488
25823487
25823486
25823483
25823481
25823480
25823479
25822408
25822406
25822405
25822403
25821600
25815384
25815382
25815380
25815011
25813958
25812046
25810930
25810929
25810928
25810677
25810671
25810668
25810662
25810651
25810646
25810631
25810604
25810602
25810598
25810592
25810591
25810589
25810588
25810587
25810422
25807802
25807680
25807670
25807388
25806864
25806820
25804261
25802894
25802850
25802770
25802768
25802529
25800854
25799793
25793129
25792407
25792160
25791762
25789361
25789359
25789358
25789357
25788943
25780850
25779068
25776102
25775925
25773245
25773244
25772193
25767771
25767770
25767769
25767357
25767353
25765577
25765576
25765572
25765571
25765439
25765077
25764962
25764590
25764360
25764197
25760272
25760264
25760263
25760068
25760065
25760064
25756217
25756048
25754056
25749149
25748463
25748460
25748459
25748458
25746204
25745327
25744775
25744201
25741832
25741828
25741826
25741825
25741823
25741712
25741711
25740310
25740308
25740305
25740190
25740169
25740168
25740166
25740163
25740162
25738105
25738099
25738096
25738095
25738094
25738088
25738086
25738081
25738077
25738008
25734716
25734711
25734706
25734705
25734703
25734274
25733141
25727734
25726282
25722895
25721070
25716056
25715038
25713788
25713787
25713739
25713500
25713497
25713495
25713494
25713491
25713488
25713485
25713483
25713482
25713480
25713479
25713478
25713476
25710065
25709974
25709973
25709677
25709673
25709672
25709670
25709668
25709370
25709365
25709364
25709325
25709322
25709321
25709319
25709317
25709316
25709315
25707167
25705526
25705525
25705524
25700369
25699166
25699160
25695099
25693211
25692751
25691902
25685972
25685966
25685843
25685742
25685564
25685563
25685156
25684931
25684930
25684927
25684924
25684922
25684919
25684917
25684916
25684915
25684914
25684913
25684908
25684907
25684906
25684904
25684903
25683930
25677114
25672389
25672388
25672380
25672377
25669303
25669206
25667939
25667916
25667914
25667912
25666446
25665473
25664273
25662268
25661637
25661522
25661315
25661111
25657989
25657985
25657903
25657533
25657532
25657531
25657530
25657529
25657527
25657525
25657524
25657523
25657521
25657518
25656158
25654499
25654162
25651274
25650601
25650268
25649422
25648395
25648254
25640100
25638189
25635961
25634461
25634314
25632517
25632356
25632319
25631228
25629722
25629086
25629078
25628743
25627891
25627890
25627888
25627885
25627883
25627881
25627783
25620834
25618842
25618584
25616299
25615928
25615917
25613259
25610918
25610916
25603486
25598816
25598815
25598813
25598812
25598808
25598807
25598806
25598803
25597561
25594768
25594452
25594451
25594450
25594449
25594287
25592786
25591747
25590507
25590504
25590503
25589486
25588173
25588170
25588169
25578712
25578694
25577010
25577005
25577002
25576553
25574879
25574734
25574733
25574728
25574727
25574726
25574721
25574717
25573146
25572379
25572378
25572376
25572375
25572373
25572372
25572370
25572369
25572367
25572115
25572078
25571967
25569395
25567700
25567334
25565784
25564886
25563244
25562346
25558196
25547143
25547139
25544815
25544813
25544811
25544810
25541099
25539321
25538063
25533080
25533078
25533077
25533073
25533070
25533068
25528675
25527494
25527493
25527492
25526527
25523131
25511361
25511360
25511358
25511350
25511345
25511336
25506645
25506641
25499249
25494963
25492007
25491974
25488417
25488201
25486875
25485685
25483936
25483866
25482731
25482549
25480698
25475768
25468367
25468191
25467239
25466932
25466505
25466328
25466327
25466326
25465485
25464355
25462513
25460398
25459571
25456614
25456612
25455135
25455133
25455132
25455130
25453951
25452797
25452170
25448436
25448007
25447941
25447501
25447367
25446243
25446241
25446240
25446239
25444694
25443306
25443279
25442724
25442722
25442244
25442071
25442070
25439738
25438856
25435946
25434566
25434561
25434560
25434557
25434556
25431804
25431802
25428785
25428587
25427777
25427566
25426703
25420943
25417019
25416867
25415215
25411090
25407512
25401295
25398365
25394850
25394849
25391620
25389004
25388960
25388551
25387860
25387859
25386628
25384405
25376722
25376721
25376720
25375930
25373515
25366221
25365972
25362033
25361678
25359783
25358833
25358260
25358243
25355774
25355767
25351988
25345670
25344336
25344334
25344244
25343709
25342199
25342198
25339421
25339306
25331825
25331781
25327575
25327303
25315442
25311793
25311541
25306873
25306305
25305511
25300890
25300299
25299672
25297114
25290913
25290076
25285904
25284642
25282374
25282274
25281232
25279959
25279797
25279395
25277035
25277033
25274563
25270062
25269524
25266468
25265123
25263651
25262679
25262676
25262674
25262673
25262399
25260155
25258269
25257392
25256698
25255473
25255472
25247779
25245565
25244614
25244419
25237675
25234156
25231362
25220782
25219566
25213319
25209431
25204365
25204203
25201224
25197740
25197739
25197736
25197735
25197732
25197729
25197728
25196049
25195920
25186778
25183251
25181366
25173670
25168384
25136905
25135317
25134732
25132190
25122658
25119560
25119557
25111570
25101489
25100407
25100406
25088190
25077982
25074798
25066217
25060345
25060239
25052502
25047360
25046536
25030187
25027199
25019108
25019104
25005885
24986098
24983272
24975164
24973731
24958628
24945936
24920520
24914429
24905552
24901068
24898221
24885592
24856869
24856826
24828134
24801360
24697574
24697513
24687247
24686385
24673737
24661235
24647789
24646359
24646310
24635978
24628844
24627969
24624387
24612725
24611944
24611911
24605962
24594060
24589728
24579698
24578230
24499137
24495211
24460688
24460665
24433306
24374983
24374982
24341781
24341573
24313325
24313303
24307350
24299114
24299007
24298982
24289301
24267395
24245753
24202697
24107230
24020722
23990107
23899163
23815434
23682930
23660738
23636296
25551383
25380497
24700266
24425380
24425374
26019729
25635208
25614770
25614768
25547464
25705081
25705080
25694800
25694797
25763249
25543753
25537063
25540044
25540020
25534123
25533476
25737729
25519680
25519471
25512291
25512290
25512289
25589872
25543582
25518856
25674475
25516876
25516855
25516332
25516106
25390650
25612335
25574275
25512839
25511906
25511777
25510886
25510849
25454638
25405484
25359934
25516674
25495010
25553140
25504730
25501558
25500618
25495921
25544628
25498562
25540624
25514392
25494182
25494181
25491744
25491489
25544526
25487828
24268907
25347288
25481164
25339725
25320068
25297317
25932066
25584025
25544513
25489996
25476643
25476636
25281203
25821392
25506228
25501232
25471527
25472569
25544280
25544274
25463971
25463050
30870957
29539492
29539491
27873689
27688375
27688373
26942106
26930725
26851530
26484060
26466443
26466442
26466439
26225027
26225023
26225018
26225010
26225008
26225007
26199547
26199546
26199543
26199542
26199541
26199532
26199529
26199523
26199522
26199521
26199519
26199518
26199517
26199513
26199511
26199509
26199508
26199502
26199501
26199496
26199494
26199490
26199489
26188487
26171361
26086034
25980158
25980096
25980095
25980094
25980092
25960702
25928963
25928962
25928961
25928959
25895239
25873783
25868306
25867570
25867569
25867562
25867561
25866631
25767349
25730941
25730939
25720167
25707088
25707084
25707083
25694945
25675655
25674333
25674325
25674323
25674319
25674318
25674316
25674315
25674312
25674310
25665425
25665421
25665360
25665358
25665354
25654058
25654049
25654043
25654041
25654038
25654036
25654028
25654024
25654023
25653997
25638996
25636294
25636293
25636290
25636289
25636287
25636285
25636284
25636280
25635227
25625081
25625080
25625077
25619296
25619295
25619293
25617107
25617098
25617097
25606385
25598758
25598754
25597193
25597191
25597190
25583183
25582960
25578972
25564033
25562042
25561867
25561850
25558453
25556260
25551014
25551013
25551007
25551003
25538466
25534692
25525010
25525001
25523731
25522947
25522945
25522944
25522939
25522937
25519032
25518024
25517641
25517590
25517589
25517588
25517585
25517584
25517582
25517577
25517257
25516887
25516883
25506662
25506661
25500930
25500929
25500928
25500927
25500925
25500920
25496590
25496589
25496588
25496586
25496585
25496581
25496580
25496084
25495626
25495087
25489392
25489389
25489167
25489157
25488873
25488034
25480283
25480282
25480281
25479218
25476949
25473640
25473636
25473635
25471836
25470507
25469361
25469358
25469356
25468098
25463664
25461966
25459273
25459128
25457895
25457391
25456825
25456615
25456041
25454749
25451511
25448437
25448153
25447398
25447174
25446737
25443406
25443283
25443282
25443281
25443280
25442727
25442726
25442725
25441769
25440134
25439707
25434857
25432260
25432258
25432256
25432254
25432251
25432250
25429913
25429038
25422016
25409850
25404667
25394695
25394593
25393554
25388186
25378653
25371134
25347471
25326399
25324015
25312886
25311851
25311791
25311638
25308411
25308409
25308154
25307451
25306539
25305237
25305236
25305235
25302926
25292168
25290277
25287321
25283689
25282380
25282378
25282376
25282371
25281866
25277034
25277029
25270168
25269404
25266594
25266470
25266464
25265872
25264550
25263195
25262401
25260438
25260321
25256815
25256249
25256004
25251319
25248611
25247012
25244317
25242585
25236817
25234207
25233441
25225243
25223822
25222336
25220807
25220290
25220076
25218884
25218658
25218033
25217021
25216511
25214367
25207848
25201919
25201917
25201627
25199862
25197021
25193315
25193156
25190266
25186781
25183732
25181425
25180486
25178018
25176110
25172546
25163849
25160534
25159091
25156299
25156094
25156092
25155353
25150533
25150531
25142004
25139364
25139308
25138784
25134994
25134993
25123152
25120060
25119559
25108882
25102161
25092397
25091626
25090909
25081645
25074584
25056986
25052733
25046592
25045622
25043634
25040354
25040319
25039583
25028190
25028067
25027178
25009108
25001360
24995860
24995593
24994110
24993805
24993380
24993379
24993378
24993375
24986231
24985943
24975550
24965061
24957813
24954558
24954448
24954184
24954080
24950810
24943458
24943132
24942094
24924343
24923634
24910176
24909059
24890821
24890672
24890501
24857562
24844793
24838755
24837134
24812100
24806910
24766464
24751110
24738787
24720285
24697494
24683004
24677613
24668782
24659795
24635740
24634316
24627152
24549764
24549763
24535073
24527697
24527674
24517624
24509697
24506847
24506827
24504375
24494585
24490978
24483251
24483135
24481552
24452826
24443054
24430339
24406478
24390978
24385410
24385409
24375756
24370576
24367066
24355872
24354524
24329929
24316662
24259448
24148020
24147971
24118357
23965291
23720448
23490397
23480201
23446261
23347075
23278255
22985095
25720245
25433483
25433408
25538917
25433658
25056148
25512764
25506248
25501212
25501211
25458153
25432017
25429986
25234582
25427860
25427543
25383528
25469153
25431876
25428580
25427764
25427173
25421787
25421309
25421062
25420729
27355078
25436021
25421835
25543927
25543924
25484868
25414141
25354688
25188731
25543365
25506416
25506414
25506413
25506411
25414228
25904974
25407813
25406666
25839058
25411725
25339215
25405192
25598785
25598781
25550923
25224386
25493068
25419251
25419249
25405732
25396425
25266723
25405076
25429361
25419174
25390347
25426079
25386937
25386892
25385046
27433532
25230392
25380304
25380047
25379668
25274628
25201649
27081510
25439729
25439726
25418691
25232054
26064563
25372137
25220244
25543626
25369032
25366394
25331888
25274842
25252045
25543620
26019602
32781815
32781803
32781801
29421631
26466437
26188476
25895297
25831640
25825111
25825110
25825109
25825108
25825107
25825104
25825102
25825100
25825096
25825093
25825090
25730994
25729868
25729867
25728124
25728119
25728113
25728109
25728108
25728106
25728105
25728103
25728102
25728100
25728098
25717445
25715894
25675614
25675612
25657758
25628705
25628695
25628693
25628498
25628497
25628496
25628493
25628490
25628489
25628486
25628482
25628481
25628480
25628474
25628089
25628085
25628076
25624641
25624639
25624637
25624633
25624626
25622507
25622502
25614874
25591019
25590207
25590196
25590195
25590194
25590193
25590191
25584339
25584336
25584332
25584326
25584325
25584324
25584321
25584319
25584318
25584317
25584316
25584308
25584306
25584305
25584299
25584297
25584296
25584295
25584240
25579157
25571718
25549526
25549525
25549523
25549517
25540668
25540667
25540666
25540660
25540658
25540657
25540656
25538831
25538367
25536805
25535602
25518765
25518033
25514079
25514076
25514074
25514073
25514071
25506491
25506490
25506478
25506475
25506152
25506151
25506150
25506149
25506148
25506146
25506145
25506143
25506142
25506139
25506138
25506137
25498523
25476056
25473648
25473645
25473644
25469120
25454819
25454818
25454529
25454528
25452931
25452927
25452926
25448902
25444242
25443354
25442497
25439216
25439213
25439210
25439208
25438271
25422953
25415037
25415014
25411743
25411742
25411738
25411735
25411734
25411731
25411730
25404434
25397809
25397804
25397802
25397800
25397799
25397797
25390873
25390872
25390866
25390865
25385906
25385902
25385900
25385899
25384298
25384077
25383352
25383347
25383346
25383344
25383343
25378380
25377979
25377964
25377957
25377827
25377819
25377818
25377803
25373073
25369395
25369393
25369392
25369388
25369387
25369386
25369385
25369384
25369383
25369382
25366858
25364969
25361639
25359649
25355850
25354838
25352517
25351321
25350600
25344460
25344459
25344458
25344125
25344124
25344123
25335088
25333428
25304142
25304137
25290343
25290235
25285423
25284337
25282468
25282273
25281489
25279692
25277842
25277038
25274752
25271121
25266471
25264603
25261362
25261053
25258262
25256714
25255893
25252877
25252876
25251217
25249485
25248613
25240401
25228348
25227216
25227215
25227214
25224263
25220524
25220522
25220521
25218524
25218031
25216747
25216660
25216290
25201232
25195497
25195126
25194169
25193521
25193159
25190267
25185777
25185618
25183250
25182371
25179435
25175849
25174948
25174947
25174688
25173676
25173134
25172527
25172227
25170030
25168514
25168273
25164601
25164563
25164479
25155067
25154317
25147133
25146674
25141188
25134733
25133753
25132364
25131834
25131413
25129813
25129812
25129242
25129228
25126692
25126638
25126636
25126635
25126634
25125609
25115949
25113240
25112419
25108339
25108338
25107287
25103020
25102350
25100299
25093262
25092574
25092060
25085803
25085517
25084109
25084108
25084102
25082732
25081571
25075956
25075672
25075670
25063546
25062118
25060333
25060236
25043897
25043454
25043288
25042902
25040739
25040551
25040436
25040301
25037102
25034644
25015783
25010835
25005628
24995810
24994619
24994618
24993419
24980740
24979467
24973732
24963839
24953664
24951390
24951388
24951387
24942231
24942041
24939251
24935264
24935168
24932720
24931925
24931826
24924469
24920505
24907559
24902757
24898189
24882680
24874032
24871380
24857322
24857320
24854326
24850505
24848576
24844786
24837710
24836532
24836285
24835419
24835416
24832561
24831961
24831748
24831311
24830362
24828135
24828124
24823934
24809542
24807841
24807800
24807730
24807692
24800918
24794689
24791609
24791608
24773221
24773130
24773129
24754797
24738748
24731063
24731061
24715239
24697164
24694099
24694014
24673395
24666244
24666243
24665886
24650323
24646100
24624901
24610459
24580092
24521290
24517731
24515289
24490642
24483229
24479559
24471812
24460030
24456216
24456195
24456170
24444315
24433271
24420504
24420503
24420502
24418408
24407553
24407550
24404886
24393072
24372870
24372860
24360932
24354919
24320743
24261906
24231895
24218015
24118392
24107098
24025125
24024479
24021057
24021020
23946239
23946230
23798356
23766246
23766136
23477663
25400590
25361578
25360532
25400715
25361046
25358383
27379317
27379294
25544461
25355224
25354351
25354041
27355026
25379354
25360184
25350504
25348940
25345714
25678949
25626770
25360156
25544442
25364232
25339315
25338726
25352923
25352922
25338076
25337830
25338270
25331086
25253751
25196134
25125012
25331149
25331394
25326268
25325067
25323952
25550885
25550827
25438377
25419382
25419364
25322153
25320255
25108819
25084227
24858907
24827498
25332848
25315893
25313867
25544103
25544095
25294478
25352921
25346697
25304016
25301033
25138274
25544086
25301425
25301242
25339913
25295956
25295612
25295587
25349500
25337532
25290449
25339911
25295627
25281253
25279587
25279551
25128529
25289192
25275565
25275499
25270662
20301694
32288557
30534223
28573128
27437445
26571924
26461392
26333586
26333580
25992124
25942843
25932905
25874788
25842465
25842464
25842460
25842459
25842458
25842456
25816534
25816532
25780357
25764743
25764710
25751985
25745727
25745725
25745717
25713620
25713609
25672194
25654963
25653822
25653819
25635253
25631731
25631728
25631723
25631722
25631720
25631717
25619057
25607267
25593669
25593668
25593666
25593665
25593664
25593661
25593660
25593656
25593655
25593651
25593650
25587389
25587383
25587382
25581979
25581968
25568628
25567714
25567710
25565757
25565750
25544786
25543606
25543591
25518275
25518269
25512741
25512739
25512738
25512732
25512731
25512726
25512723
25512722
25512721
25512720
25509502
25506157
25490835
25490827
25490825
25490823
25490817
25489203
25489192
25481601
25478479
25478476
25478461
25478460
25478459
25478454
25478452
25478449
25478448
25478446
25478442
25478441
25478436
25478435
25478422
25462154
25455616
25455615
25455613
25450824
25426457
25426456
25426453
25416343
25395779
25395777
25395776
25395770
25395768
25395763
25395755
25395754
25386232
25386231
25386215
25386214
25386213
25386212
25386209
25386207
25386206
25386205
25386203
25386202
25382952
25382946
25382912
25372264
25368835
25368834
25368811
25368809
25364808
25364145
25360368
25357025
25355611
25353039
25352965
25352958
25352956
25352955
25347172
25345111
25345105
25343171
25342357
25342355
25342345
25342344
25339481
25325724
25319817
25317998
25311991
25303583
25303581
25299278
25295888
25283919
25281675
25270917
25270705
25270702
25270700
25264549
25263155
25263153
25263152
25263149
25263146
25263144
25263143
25260747
25260746
25260745
25260742
25260735
25260734
25260730
25260729
25260727
25245899
25240995
25240081
25238269
25234652
25234530
25234525
25234524
25231048
25231045
25231043
25231041
25231040
25231039
25231038
25231035
25231034
25228031
25219757
25216114
25216113
25209648
25201544
25201542
25201540
25198390
25196471
25195948
25192779
25192162
25191985
25191666
25183438
25183229
25172243
25169434
25168971
25159892
25159723
25156177
25154316
25150372
25150105
25150104
25146182
25146181
25143514
25142752
25132367
25132283
25131337
25129024
25128922
25127934
25127932
25127930
25126646
25126644
25126642
25126622
25126621
25126619
25126617
25126616
25126615
25125265
25125242
25125132
25123769
25123768
25123766
25123764
25123763
25123352
25117480
25115703
25115661
25115659
25112811
25110935
25104241
25092582
25091726
25091547
25084210
25081039
25077468
25072362
25070743
25066832
25065274
25064042
25064041
25063566
25051260
25048250
25047849
25047352
25047179
25044059
25041944
25041648
25033380
25028179
25024367
25019120
25019117
25016139
25014022
25005625
24997233
24982027
24980739
24975989
24967510
24966231
24963897
24960116
24960115
24957579
24954909
24954763
24954053
24953755
24951434
24951162
24948571
24947478
24939829
24939254
24924298
24917330
24916612
24916068
24913609
24909970
24907558
24905467
24894573
24892213
24889182
24879313
24865245
24863963
24861144
24849191
24842607
24841748
24840907
24837485
24836578
24835417
24835415
24833716
24831845
24831750
24828325
24819533
24819527
24819523
24805911
24797381
24777740
24767899
24767897
24753298
24750896
24750449
24750340
24750324
24750310
24735156
24726589
24723239
24722810
24721502
24721500
24720860
24719393
24715423
24712734
24704281
24700731
24700504
24694078
24678015
24676548
24676546
24671930
24647585
24628454
24609838
24605872
24597774
24597764
24597718
24597690
24579762
24571403
24571370
24569605
24563173
24555730
24509615
24502698
24502222
24486478
24476541
24476527
24460685
24460041
24460033
24458949
24450539
24438561
24428413
24392750
24387043
24386996
24386969
24386931
24372441
24372408
24359138
24354401
24353076
24224514
24118270
24112650
24100074
23998296
23937306
23865554
23598610
23448501
23430462
23339331
23289878
23148112
22214484
25317212
25317210
25269570
25046828
25332914
25264744
25258673
25258072
25256292
25349492
25329709
25329589
25309457
25284997
25252856
25219854
25079316
25250733
25249269
27355025
25349487
25205810
25321837
25283647
25247429
25110168
25080344
25241967
25285079
25239981
25236621
25236188
25283421
25233262
25229891
25227161
25232547
25228012
25227277
25225799
25400796
25374586
25317064
25227396
25222483
24380401
25216777
25208259
25309443
25283289
25208969
25208541
25203534
25202969
25207571
25201549
25068184
25196320
25249980
24425378
24127036
25605983
25283197
25152455
25098539
36913510
29539578
27688367
27688365
26548225
26223142
25975067
25975066
25975065
25975063
25949013
25948990
25842942
25831861
25831859
25831716
25831714
25831713
25831711
25831710
25799820
25781294
25781289
25758386
25737943
25737941
25715727
25715725
25715719
25715716
25715713
25709310
25709309
25709307
25709306
25709305
25709302
25709301
25709296
25709294
25709293
25709129
25707842
25707840
25707836
25707832
25707826
25707824
25707821
25628686
25628685
25628683
25628681
25628679
25628678
25625019
25593432
25546979
25520762
25518540
25517783
25517779
25517777
25517775
25514262
25514261
25514260
25514259
25514256
25514254
25511074
25511067
25511063
25511062
25511060
25511057
25511056
25511054
25511053
25509508
25493305
25491696
25491679
25481924
25476218
25476217
25476212
25476211
25476210
25476209
25466480
25466478
25426153
25426150
25426148
25426147
25425831
25425830
25425825
25425815
25425813
25419535
25417527
25403865
25400013
25395807
25395806
25395804
25395800
25395799
25395797
25395795
25395793
25395789
25395784
25386548
25386543
25386539
25386538
25386535
25386530
25386527
25386522
25386519
25386518
25386516
25386510
25379327
25374836
25374832
25368647
25364613
25364607
25364601
25364590
25364183
25364169
25364164
25364163
25362737
25343395
25343394
25343393
25343392
25343390
25343387
25343386
25341234
25333067
25332640
25331242
25331241
25328773
25324702
25318197
25318095
25317519
25317517
25317289
25314853
25309867
25309863
25308570
25306155
25306152
25306150
25306149
25306146
25306144
25306142
25303513
25303512
25303505
25303504
25303503
25303500
25301129
25300156
25300151
25300149
25300148
25300146
25300144
25298949
25298658
25298657
25298656
25298655
25298654
25298653
25298651
25298645
25298642
25298640
25298639
25298598
25295343
25284572
25284569
25284568
25284566
25284562
25284561
25284560
25284559
25284558
25284554
25284552
25284551
25284549
25284548
25284544
25284542
25284533
25284532
25284531
25284528
25284526
25284517
25283124
25283023
25283017
25282783
25279534
25279347
25279345
25279343
25279340
25278479
25265722
25258575
25257017
25256981
25255357
25255350
25247394
25247224
25244279
25244278
25244263
25243252
25243076
25234213
25232515
25231151
25231150
25231146
25228181
25216146
25216144
25216143
25216139
25216138
25216126
25214780
25208504
25203587
25203572
25199031
25199029
25198045
25191894
25191893
25191892
25191891
25191889
25191660
25191657
25184727
25184725
25184721
25184718
25184717
25184715
25184714
25184559
25183915
25183914
25183912
25183906
25183904
25183903
25179927
25179569
25177438
25177143
25177142
25177138
25177137
25177135
25172260
25172259
25172255
25172254
25172253
25172250
25171045
25171044
25171039
25171037
25171036
25171033
25171032
25171030
25170003
25166071
25165188
25158952
25158950
25158949
25158948
25158748
25158747
25158746
25158745
25153384
25150498
25150101
25148638
25148635
25148633
25148624
25148614
25148089
25146044
25146040
25146038
25146036
25146029
25146028
25146027
25146026
25146025
25146024
25146020
25146018
25146016
25146015
25146012
25146011
25143559
25138368
25138366
25138361
25138097
25136045
25130522
25127753
25123693
25120703
25119397
25109582
25108522
25106818
25106081
25105818
25102408
25102392
25102338
25098583
25092254
25082324
25081638
25081489
25081419
25078254
25074849
25063563
25063091
25062738
25056993
25052145
25043332
25043331
25043330
25043328
25043146
25042083
25040360
25038888
25035230
25030116
25022970
25019363
25019114
25019113
25018609
25018600
25018598
25018593
25015876
25010542
25010541
25008349
25008021
25004094
24985539
24981734
24981129
24980791
24970041
24961878
24958689
24953823
24952163
24949828
24949827
24946983
24942614
24941937
24938921
24937138
24933147
24930744
24930492
24929242
24928494
24918950
24916419
24914010
24912931
24912042
24909065
24907520
24906249
24905179
24899675
24892464
24891565
24889064
24887401
24887285
24878965
24861905
24861778
24859462
24852385
24851786
24850273
24837553
24836917
24835414
24831747
24827755
24824732
24820049
24819713
24819634
24819530
24819528
24817336
24815985
24814365
24807813
24798116
24797528
24794760
24781787
24774723
24766202
24762185
24756853
24748180
24725615
24721506
24721505
24720265
24720262
24713069
24712659
24703496
24689849
24680355
24641783
24636759
24631159
24630398
24613606
24613598
24608221
24608220
24605915
24604353
24596162
24592906
24592904
24590331
24588784
24559508
24527854
24527853
24526718
24521751
24517730
24513112
24512532
24502755
24502754
24502753
24502615
24476549
24438040
24398796
24395492
24389267
24379108
24352580
24350660
24344987
24342733
24338091
24332815
24330490
24327235
24327234
24320040
24315416
24309632
24299446
24299006
24298979
24298936
24298904
24292424
24289865
24287891
24283507
24281973
24281895
24251824
24224528
24205878
24162614
24136676
24131476
24112124
24047436
24002077
23937262
23915130
23799997
23786485
23772703
23750807
23740399
23568626
23525867
23289887
23170948
23134197
25574329
25298762
25283117
25242527
25170946
25023282
25221518
25168674
24846852
25284671
25225610
25202282
25158231
25395711
25149318
24970749
24957923
24954075
25146384
25144538
25143112
25141902
25141301
25140869
25221772
25170281
25139914
25139912
25135678
25097263
25284413
25113029
25128429
25128277
24907620
24906712
24880540
27379321
25118986
25116435
25342986
25008398
25112358
25146644
25111875
25105665
25104171
25104166
24923446
27437487
25101640
25079326
25079312
25112325
25103317
25099759
25099537
25099268
25096795
25093506
25112258
25091189
25086786
25664287
25085407
28324482
26415339
25763074
25755874
25672078
25568555
25434093
25429482
25429481
25395725
25379373
25356269
25351225
25351224
25338799
25338791
25302292
25302290
25302284
25302282
25302281
25302280
25302272
25302264
25302261
25302260
25302258
25272471
25265859
25247151
25244219
25244217
25241549
25241548
25241544
25241541
25241539
25241538
25241535
25241531
25237642
25226677
25205746
25197262
25181839
25181832
25181831
25179088
25177522
25177473
25177471
25177466
25174213
25174200
25162859
25158192
25158188
25158186
25158182
25158180
25158179
25158177
25149842
25133269
25120326
25119901
25119081
25114356
25110649
25110648
25110647
25110646
25110645
25110643
25110641
25110640
25110639
25110638
25106014
25106008
25106006
25104720
25104719
25101537
25097776
25085944
25085309
25085307
25085304
25085303
25085299
25085298
25084357
25082939
25082933
25082258
25069947
25069946
25069945
25069944
25069943
25069941
25069940
25069934
25069927
25069925
25069922
25069919
25069914
25069911
25069910
25069909
25069908
25069907
25069906
25066176
25047934
25047928
25045801
25044266
25039331
25039286
25033347
25033345
25030070
25029304
25025854
25008977
25007800
24975103
24970858
24966230
24964789
24957169
24954647
24951409
24951074
24950809
24947268
24946982
24943379
24938925
24938541
24935064
24933230
24930870
24930868
24930490
24929104
24928097
24924351
24917674
24916927
24916834
24915886
24913892
24908617
24907762
24907748
24898314
24888560
24887536
24887361
24881561
24880500
24880211
24880036
24879576
24879312
24878251
24878229
24868013
24866802
24863939
24862036
24860920
24859333
24857857
24856956
24837500
24837475
24835418
24828384
24827698
24827548
24827419
24824497
24818873
24816264
24815538
24814158
24814136
24813815
24810709
24807208
24802300
24795262
24795261
24787560
24787128
24787127
24779746
24776943
24767821
24766568
24758474
24750450
24750430
24750357
24738759
24732003
24729412
24726595
24720396
24720368
24719182
24704767
24703091
24689434
24681278
24679902
24669369
24669367
24659165
24648236
24620976
24618281
24606554
24575949
24569937
24569936
24560984
24559525
24556494
24529839
24529838
24529657
24529655
24513426
24513425
24506822
24506796
24506766
24505078
24502762
24495157
24495129
24486675
24477661
24476548
24476489
24476378
24464709
24462132
24460785
24445027
24445025
24435546
24428381
24428350
24417429
24412183
24386984
24382145
24378084
24359164
24354649
24354434
24353075
24334300
24330275
24320004
24308632
24301056
24289752
24283267
24272316
24266873
24266653
24265113
24261712
24261690
24256458
24253033
24251386
24246147
24245488
24219336
24215116
24182358
24148672
24128049
24123189
24118966
24118334
24118310
24102429
24014738
23995667
23947938
23946209
23919737
23914926
23897744
23795973
23750735
23730807
23718206
23621393
23596010
23595996
23560723
23559565
23371877
23217013
23216987
23190341
23148761
22051536
27081499
25082869
25082868
25079563
25080545
25080543
25077405
25082054
25073528
25069878
25069437
24988276
27602375
25082046
25063195
25061843
25104939
25082031
25058650
27379257
25054380
25331472
25147465
25092969
25081802
25048469
25002475
24911543
25079865
25047033
25076847
25100974
25046750
25037704
25036099
24898252
24813507
25035444
25035440
25029167
25028938
25027722
24631295
24582863
24560742
24530577
24486446
24361392
25017640
25097835
25081454
25015173
24905878
25010348
27437506
25081438
27437463
25207426
25001012
32261640
25031783
26740771
25071586
24997012
24996973
25803378
24990296
24992485
24988443
27489830
27489827
27489826
27030818
26457268
26457267
26306050
26070828
25937748
25937733
25937720
25863659
25695299
25671958
25671923
25654960
25653813
25653808
25593870
25584062
25584061
25584060
25584056
25584055
25584054
25584053
25584052
25584051
25584048
25576122
25576119
25576117
25576111
25576109
25576107
25576105
25576104
25576100
25571690
25571689
25571688
25571687
25571685
25571684
25571683
25571682
25571680
25571679
25571677
25565741
25557301
25557300
25549400
25536794
25505863
25505862
25380263
25378781
25368798
25346839
25346836
25346834
25346832
25346831
25346829
25341309
25341308
25307923
25307921
25307920
25307919
25307917
25307915
25307912
25307910
25307906
25307902
25299360
25286485
25279529
25279520
25272895
25272517
25272269
25269220
25269219
25265776
25265685
25257457
25257456
25237325
25233684
25233683
25225564
25225562
25225561
25225560
25221723
25221713
25221706
25221703
25221702
25221698
25219101
25219099
25219098
25219097
25219096
25214741
25214737
25214736
25214730
25214728
25214727
25214726
25214723
25214269
25214267
25214266
25211673
25210395
25210392
25210391
25210390
25210384
25210378
25210374
25210372
25210371
25210364
25210362
25210354
25210352
25210272
25210268
25210264
25210261
25202227
25202225
25202224
25202223
25202222
25202220
25202219
25202218
25202215
25202213
25202209
25202207
25202206
25198877
25198874
25198873
25198001
25197997
25197989
25195488
25195487
25195483
25195482
25195480
25191083
25191081
25191077
25191076
25191073
25191066
25191064
25191063
25186775
25185335
25185334
25185331
25184084
25183935
25183934
25183932
25183930
25182407
25182400
25182399
25177667
25177663
25177657
25177655
25177654
25177652
25177649
25177648
25177647
25177645
25177644
25177639
25177635
25177634
25177631
25177626
25177623
25177620
25166446
25143933
25143932
25143930
25143929
25141208
25141206
25141203
25141200
25140095
25136427
25136424
25136417
25133136
25133134
25125860
25125859
25125857
25125856
25125855
25125854
25125853
25125852
25125851
25125849
25125847
25125845
25125844
25125842
25125840
25122257
25118528
25118519
25118403
25116779
25109061
25109057
25109054
25101514
25101512
25101508
25101506
25101505
25101504
25101503
25101502
25101501
25101500
25101499
25101496
25101495
25097504
25097445
25097443
25097441
25097437
25097429
25097418
25097415
25097414
25097409
25097404
25097398
25097396
25097395
25096772
25089178
25089174
25089173
25081036
25077082
25076627
25076616
25076001
25068217
25061252
25057233
25057232
25057229
25052975
25052971
25052508
25052182
25052119
25040671
25040455
25039380
25037014
25032775
25032772
25032766
25031601
25031600
25031598
25031597
25031596
25031593
25031592
25031590
25031589
25031484
25025407
25020220
25010883
25010882
25010879
25010875
25006943
25006777
25006776
25006775
25006770
25006768
25006762
25006761
25003024
25001855
25001448
25001446
25001445
25001442
25001440
25001438
25001437
25001224
25000161
24998111
24996855
24993923
24992277
24983183
24983180
24983179
24983177
24983169
24983165
24982279
24982228
24980803
24980698
24977253
24977249
24975048
24975006
24975005
24975004
24975003
24975001
24974999
24974998
24967990
24967989
24962063
24960621
24959732
24958582
24947899
24945214
24940922
24935556
24935555
24935554
24935552
24935548
24935546
24935537
24935536
24935535
24935533
24935532
24932749
24932748
24932747
24931852
24926720
24916277
24909461
24908603
24908600
24908162
24906371
24890316
24879575
24878263
24874701
24868014
24863649
24863037
24861809
24854714
24853776
24847498
24847495
24847494
24846910
24841842
24838416
24834856
24832427
24832418
24828383
24820755
24820665
24815993
24815617
24815347
24814172
24814138
24814102
24810274
24799420
24798981
24797068
24793412
24781353
24777777
24769386
24769219
24768420
24766602
24765635
24765634
24765632
24765626
24765625
24765624
24765623
24763427
24762856
24755273
24755003
24752635
24752460
24748612
24746714
24740489
24727159
24726596
24725510
24720261
24717149
24713370
24709512
24708529
24704081
24703186
24700690
24700688
24697929
24687460
24685984
24682907
24680167
24679985
24679955
24677288
24674802
24673467
24671615
24666117
24646637
24635653
24635105
24631658
24630854
24630703
24628052
24621671
24620974
24615876
24614092
24608211
24593805
24589848
24582384
24579761
24573657
24571608
24561042
24555689
24553729
24515601
24502758
24502614
24502613
24495106
24495011
24481166
24443354
24423461
24423457
24423204
24417730
24417496
24417273
24417233
24393329
24374971
24364753
24330189
24325621
24317876
24313735
24306679
24304290
24287889
24285777
24274955
24269646
24266613
24264638
24255941
24252060
24240949
24237197
24233183
24215204
24215201
24211471
24188695
24182326
24164167
24134733
24131950
24131387
24127866
24118004
24107320
24070039
24060002
24045341
24035288
24026430
24026390
23992204
23991903
23972203
23937404
23934088
23934087
23900995
23872868
23864436
23850683
23836051
23835570
23813272
23744363
23730776
23604464
23600566
23584400
23563749
23556467
23551427
23519913
23494104
23494103
23479310
23450799
23445216
23334869
23315202
23183028
25061281
24990053
24977828
24974109
24801832
25097675
24990047
24990041
24332618
25332909
24967595
24967571
24884918
24989770
24938941
25077166
24952612
24952584
24781363
25018658
24946771
24946934
25002918
24943032
24941003
24934540
24943621
28978377
28978374
25120817
24808362
24768312
24671539
24517722
24949082
24928108
24927635
24982612
24927024
24923962
24923936
24923929
24923358
24923308
24943448
24923279
24919430
24918431
24949240
24914642
24850862
24913076
24913075
24813237
24907713
24906489
25110582
24907215
24907208
24790088
24709040
24902953
24901454
24897979
24899003
24894968
24894446
24782351
24753212
29539473
27688358
27688357
27688356
27688355
26835159
26548189
25983477
25834709
25786883
25605278
25605277
25568784
25474985
25469409
25335401
25332700
25320602
25279422
25267152
25267150
25267149
25267148
25252487
25244722
25237436
25223148
25223145
25223144
25223143
25219066
25208366
25208364
25208363
25208361
25208359
25208357
25199935
25199933
25199930
25199926
25188215
25188213
25163243
25149929
25145021
25145009
25145007
25145006
25145005
25140207
25134364
25134363
25134362
25121075
25121072
25121071
25121070
25121066
25121062
25121057
25121054
25121045
25102889
25102885
25102882
25102877
25102874
25102739
25102468
25102466
25102463
25102461
25102460
25102459
25102458
25102457
25102456
25102455
25099041
25083047
25083046
25083045
25083044
25083043
25083041
25083040
25083037
25083036
25083031
25083026
25080759
25080755
25080753
25080639
25073226
25073219
25065134
25065133
25055605
25055603
25055602
25051876
25045641
25039106
25033648
25033642
25033641
25033640
25033632
25033631
25029720
25026916
25025557
25025556
25022048
25020176
25018683
25016509
25009796
25007464
25006389
25006384
25006382
25006380
25006379
25000808
25000807
25000719
24993856
24993853
24993851
24993850
24985205
24984682
24984681
24984680
24984679
24984677
24984667
24984665
24984662
24984660
24984656
24984652
24984640
24984638
24984636
24984633
24984632
24984631
24984630
24984628
24984627
24984622
24984620
24984619
24984618
24984617
24984616
24972483
24971861
24971860
24971859
24971858
24971857
24971855
24971854
24971851
24970541
24970500
24970498
24944966
24944960
24944959
24944957
24939311
24939310
24936730
24936607
24936604
24932633
24930504
24929600
24929594
24929592
24929591
24929590
24929588
24923220
24922666
24921058
24921054
24919045
24909596
24906036
24898505
24897484
24891406
24889721
24883342
24882778
24882300
24880854
24880853
24880852
24880850
24880843
24878712
24878711
24878710
24878707
24876337
24876001
24871922
24863494
24862862
24862720
24862715
24862713
24862712
24862705
24862704
24862703
24861402
24861401
24861394
24861391
24847744
24845920
24845300
24842448
24840976
24837870
24835014
24835012
24822019
24822002
24821119
24819813
24813102
24813075
24812204
24799546
24794696
24792522
24792521
24792205
24787951
24780113
24771210
24770899
24769490
24767822
24757352
24757350
24754799
24752930
24752368
24750328
24750294
24747669
24744392
24743065
24742101
24738591
24738590
24738589
24738584
24738583
24731988
24731697
24731481
24731480
24727006
24719364
24718110
24710391
24709745
24709513
24706542
24704036
24703548
24701615
24701612
24700486
24699186
24698541
24698289
24698173
24693859
24689536
24686061
24681705
24675527
24669366
24668879
24667771
24666099
24666095
24663682
24663344
24662658
24661083
24657555
24657304
24656473
24656427
24655417
24648296
24646638
24646162
24646132
24636616
24632475
24632474
24632146
24625469
24618573
24618571
24617813
24616052
24613605
24613212
24613098
24611727
24611716
24597744
24594343
24593810
24589122
24589121
24588465
24585696
24583320
24583092
24581320
24577451
24571228
24560938
24536071
24526719
24523219
24521744
24521462
24506709
24495111
24495071
24495023
24491848
24472352
24461945
24446280
24444303
24437609
24433840
24433547
24430484
24423460
24410073
24395053
24393461
24388718
24352874
24338356
24334221
24309977
24304227
24290847
24289730
24271504
24236691
24224960
24224959
24215202
24202437
24197970
24171498
24164394
24152133
24140995
24138387
24138297
24132830
24129705
24127993
24118923
24118894
24118675
24118202
24118182
24117977
24112609
24112559
24111843
24111689
24111671
24111651
24102741
24101590
24008371
24001042
23998278
23991864
23991722
23956330
23913183
23890162
23882088
23808836
23787192
23602018
23560797
23512234
23294324
23216625
23176113
23167753
22897709
22051537
24920705
24884798
24950350
24899864
24884684
24871130
24870376
24550068
25383985
25191628
24871014
24866935
24821783
24789864
24654889
24764176
24936388
24870991
24861975
24884584
24955238
24853131
24849645
24846008
24718066
25026979
24971164
24886444
24841926
24893948
24893781
24893595
24884697
25368740
25031758
24368416
24828138
24886335
24886223
24825543
24823714
24819043
24944822
24899837
24886105
24870462
24816837
24811301
24809979
28788641
24885938
24870337
24826207
24806431
24804794
24804680
24703301
24885810
24885584
24870323
24801528
24799518
24921792
24886560
24803193
24934094
24886985
24792022
24787456
24785116
27489819
26137716
26137711
25771679
25737936
25737928
25737926
25737923
25685506
25628674
25628671
25628663
25628661
25516632
25516631
25356013
25356012
25356011
25356007
25356005
25356003
25328326
25328321
25328306
25328297
25307825
25307824
25307823
25307819
25307817
25307813
25307812
25272551
25254200
25254197
25254196
25254193
25254191
25215344
25215342
25215341
25215340
25215339
25198956
25198955
25198954
25198953
25198950
25198948
25198947
25198946
25195282
25162578
25162577
25162573
25162568
25162565
25162564
25125923
25125922
25125919
25125918
25125914
25125912
25125911
25118921
25099002
25099001
25098999
25098996
25098991
25098988
25098986
25098982
25098980
25097656
25097647
25097646
25097641
25097639
25087351
25087350
25087346
25083674
25073686
25065245
25047263
25033597
25033578
25024555
25024554
25024551
25024546
24995263
24995262
24995261
24995260
24995258
24995257
24995254
24995252
24995251
24995248
24995247
24995240
24995239
24995233
24984394
24984390
24984388
24979523
24971206
24968649
24968644
24968640
24964824
24960395
24960394
24960393
24960392
24960387
24960380
24960378
24960377
24948991
24944991
24944458
24944456
24944455
24944448
24944447
24944446
24944445
24944444
24944441
24937825
24936294
24930258
24930252
24930251
24930250
24926510
24906267
24905268
24905267
24905266
24905262
24902674
24892026
24892024
24885353
24881257
24881256
24880380
24878097
24853011
24852987
24852986
24852985
24848403
24841042
24841041
24841039
24841037
24839996
24834972
24829969
24825834
24825832
24825830
24825813
24825801
24820729
24820725
24820711
24818212
24818210
24818207
24818201
24818198
24818193
24815835
24814283
24809573
24809566
24804293
24804292
24804291
24804290
24804287
24804285
24804284
24804281
24799098
24794846
24790928
24790926
24790924
24790921
24789839
24789838
24789837
24789143
24786132
24785934
24785933
24785930
24785928
24785926
24785923
24785914
24785746
24784525
24784524
24784523
24784521
24784519
24784514
24784511
24784510
24778071
24777024
24777021
24777020
24777014
24773545
24773543
24769616
24769611
24768438
24767572
24767571
24767569
24767567
24767566
24767563
24767562
24767561
24767559
24767556
24767555
24767552
24767551
24767550
24766045
24761824
24759489
24756202
24755349
24754716
24754444
24753535
24752358
24749702
24747218
24734617
24731857
24725989
24723059
24717147
24717113
24714018
24714002
24712511
24712510
24712508
24712506
24711003
24708062
24708026
24705241
24705238
24705061
24697612
24679591
24674342
24671256
24666601
24661497
24659776
24652999
24637111
24636861
24634908
24634905
24634904
24634902
24634901
24631784
24630257
24629734
24628587
24612841
24612326
24607847
24607715
24604722
24602519
24602092
24602082
24601990
24591293
24589846
24584360
24582799
24582692
24579999
24570149
24570148
24570147
24568967
24561341
24561340
24561041
24556393
24554542
24554539
24530920
24527750
24526449
24524796
24524795
24524527
24521780
24521173
24517163
24508542
24508503
24507866
24502378
24491117
24482249
24476577
24470177
24469371
24461946
24460034
24452436
24451333
24449259
24442862
24439106
24387797
24375868
24362885
24360013
24360008
24357526
24355507
24354859
24347366
24343797
24343779
24321350
24316698
24316278
24314857
24313875
24304226
24270857
24251634
24241772
24238991
24237320
24219998
24219652
24213700
24210807
24198383
24191870
24188122
24171502
24171501
24160997
24151926
24147749
24147747
24147745
24144384
24136616
24122577
24119064
24117978
24114119
24111810
24103086
24067051
24048949
24048948
24034670
24033564
24033447
24024956
24005758
23998461
23996403
23996402
23987242
23984990
23979354
23974801
23964632
23963782
23963618
23963616
23962045
23958438
23957664
23943256
23937406
23937377
23921851
23919624
23919623
23919411
23909804
23904173
23900793
23896729
23895252
23889673
23879344
23865728
23857925
23844867
23784952
23774746
23773519
23742079
23733534
23733418
23679230
23595424
23559558
23483297
23413918
23289823
23278702
23237430
22593221
22186401
25408887
24789157
24530702
24836007
24767457
24758703
24795649
24759602
24944840
24944821
24869876
24755213
24750690
24748407
24743826
24743824
24743822
24743819
24434540
24935482
24739085
24736331
24955199
24955196
24955179
24955150
24735954
24319098
24733485
24733244
24732967
24731399
24725841
24869537
24787406
24765581
24722584
24487092
24718096
24716532
24716509
24869526
24712491
24591608
24709990
24708603
24523268
24561004
24708768
26237380
26157849
25075299
24872238
24799965
24772265
24860645
24737523
24708739
24708583
24803848
24695664
26905716
26587522
26425530
26279585
26158031
25729593
25565735
25565732
25565729
25408594
25252473
25252472
25252471
25252469
25252467
25241500
25241499
25241498
25236833
25230524
25181848
25161965
25137828
25095326
25095317
25095316
25095314
25095313
25095311
25093121
25093054
25093052
25093051
25093050
25093048
25084500
25080735
25032155
25032154
25000670
25000667
25000666
25000665
25000663
25000662
24987662
24987661
24987660
24969601
24969592
24966785
24966784
24966783
24966781
24966780
24966779
24966778
24966777
24966776
24966774
24966771
24966767
24966765
24966763
24966762
24966565
24963265
24963264
24963263
24963261
24963255
24963252
24963247
24963246
24963245
24963241
24963238
24959525
24959524
24959522
24959519
24959510
24959508
24959507
24959506
24935852
24935849
24935845
24935840
24935839
24935836
24935830
24935741
24935644
24933773
24933769
24918424
24902411
24902410
24902409
24892111
24881443
24881265
24881264
24881263
24881262
24881258
24881214
24881211
24881200
24876716
24876715
24876714
24876713
24876712
24876710
24876709
24876707
24876706
24876702
24876699
24876696
24876695
24872074
24872072
24868501
24858161
24858151
24844028
24844027
24843399
24843391
24843346
24843205
24839717
24839709
24839708
24839707
24822239
24817995
24812743
24812741
24812740
24812737
24812736
24800054
24795522
24795515
24791456
24791293
24790724
24790721
24790716
24790714
24790710
24790709
24790708
24779954
24779949
24779050
24778903
24778900
24778898
24778481
24773252
24773249
24771773
24762920
24762903
24762897
24762895
24762891
24761114
24757702
24757700
24757696
24748001
24746522
24739925
24739924
24739921
24739917
24739916
24739914
24739913
24739912
24739910
24739907
24739906
24736155
24731778
24724601
24722120
24722100
24715789
24715787
24711360
24711153
24709475
24706694
24705039
24703287
24703285
24703283
24703281
24703280
24702895
24698699
24698696
24698695
24698694
24698692
24698691
24698690
24698689
24698687
24698628
24697961
24697960
24697959
24697958
24697957
24688588
24688587
24688586
24688585
24688583
24688581
24686970
24686968
24685954
24685098
24683592
24680207
24680029
24680028
24680027
24680026
24680025
24680022
24680019
24678865
24676585
24676582
24674589
24673514
24666919
24666918
24666911
24666910
24666908
24666907
24666903
24666902
24666898
24666895
24666893
24664850
24658637
24656317
24656162
24649996
24641001
24640999
24640998
24640995
24639077
24639076
24637532
24637527
24635855
24631698
24631696
24630699
24630287
24630161
24616355
24614880
24613617
24613100
24612227
24612226
24602501
24586097
24582226
24582215
24582112
24563487
24562313
24559314
24556576
24533906
24532815
24530471
24530139
24530046
24529653
24524740
24524246
24508573
24508088
24504100
24497484
24495162
24495128
24492932
24491281
24487376
24483937
24482421
24481952
24480323
24480148
24480086
24477797
24470439
24469985
24468330
24463193
24462700
24462699
24460370
24459682
24459676
24458874
24449179
24449066
24447258
24447237
24446590
24445004
24444600
24444258
24438077
24434692
24428464
24412586
24412585
24411103
24397946
24395019
24394774
24393101
24393067
24390229
24388945
24388721
24373857
24373856
24366187
24355510
24353013
24331852
24329867
24321310
24314858
24308765
24304615
24301488
24300344
24295512
24234584
24232361
24200522
24195742
24179988
24176627
24171838
24171701
24147894
24147592
24138126
24138100
24123110
24120523
24118990
24118861
24118630
24118594
24117607
24115073
24112516
24103525
24102497
24102096
24102064
24102062
24091003
24033742
24018126
24006917
24006101
24004092
23990368
23964635
23963961
23963299
23959376
23900791
23893606
23892502
23889912
23889592
23889557
23879854
23873326
23873324
23873322
23868293
23860621
23856808
23851938
23850159
23846213
23835900
23834522
23832616
23829676
23829469
23828194
23826643
23825160
23822907
23820759
23815501
23812822
23810516
23805819
23805809
23793456
23790966
23780856
23773972
23725026
23713517
23713486
23710667
23679350
23668795
23651333
23647556
23589442
23577782
23469936
23338936
22804793
22726935
22251257
24872062
24753800
24753797
24753796
24753793
24684776
24683067
24631245
25032172
24970955
24678892
25006466
24872045
24771970
24771968
24675997
24671207
24670232
24669931
24666526
24661572
24661388
24598713
24871855
24864081
24737432
24655533
24658174
24584079
24529912
24654240
24672229
24647517
24647501
24646194
24642176
24704999
24638087
24653988
24753741
24634627
24497295
24374475
24871721
24633211
24550322
24945557
24632859
24626381
24622949
24621226
24513459
24871518
24619024
24618862
24456713
24871514
24636260
24607150
24616916
24933935
24638035
24608901
24603896
24603850
24603688
24603467
24530202
24430124
24871413
24600333
24598585
24871403
24688850
24593691
24477108
24624055
24584216
29539502
29360318
27688349
27688347
26060461
25928989
25303262
25269172
25269171
25095853
25095852
25095851
25095849
25095847
25095845
25095844
25095841
25095836
25080724
25080723
25080721
25051720
25032967
25031907
25031904
25031899
24992868
24992862
24992858
24992857
24992854
24992847
24992840
24979961
24979960
24979958
24979957
24968693
24968691
24960326
24960324
24945522
24945520
24945518
24945513
24945511
24932202
24932200
24932193
24932190
24932189
24932185
24932184
24922997
24922996
24922993
24910699
24910694
24910693
24910691
24910687
24910686
24872643
24872642
24872632
24872629
24861307
24856942
24851629
24851627
24851626
24851390
24851387
24847592
24845745
24839769
24820787
24813501
24812762
24812750
24812749
24812747
24804470
24797988
24791323
24791319
24791318
24791316
24783887
24783880
24783878
24783637
24783160
24783159
24783158
24783156
24783153
24783150
24783148
24783146
24783145
24783142
24783140
24783139
24783137
24783136
24778520
24778519
24778518
24778517
24778515
24778514
24778513
24778511
24778508
24778507
24778506
24778505
24778504
24778503
24778502
24773197
24773161
24772151
24772150
24763172
24763171
24763170
24763166
24763164
24745589
24745588
24745587
24745586
24745585
24741892
24741888
24741551
24739701
24738090
24738089
24738087
24738086
24738084
24720855
24718001
24701464
24701460
24701457
24701453
24701452
24698674
24696826
24696825
24689072
24685248
24684136
24684135
24683916
24683584
24683579
24683578
24683564
24683555
24683554
24676413
24676185
24676160
24673763
24671290
24671289
24671285
24665603
24651365
24651364
24651348
24651347
24651346
24651341
24651340
24651338
24651336
24651335
24651332
24646956
24644399
24644371
24632796
24631750
24630037
24624258
24623212
24621358
24612484
24607948
24607946
24605006
24605005
24605003
24605002
24605000
24604997
24604994
24603932
24603929
24603928
24603927
24603925
24603923
24603922
24603920
24603918
24603908
24603797
24603273
24603270
24603269
24603252
24603251
24600665
24600656
24600653
24600652
24598509
24598508
24598505
24598502
24598493
24598490
24596918
24596916
24596914
24596913
24596908
24588311
24583895
24582031
24582030
24582029
24582028
24582025
24582019
24581859
24581857
24581852
24581849
24581714
24581706
24577304
24577014
24571701
24571700
24571698
24570994
24570986
24570985
24565671
24565670
24565669
24565667
24565666
24565663
24565655
24565654
24565653
24565652
24565651
24565650
24565649
24565648
24563142
24559876
24555520
24553018
24548508
24548505
24534835
24534405
24528789
24528577
24528564
24514890
24512636
24508298
24492555
24487800
24485810
24484521
24483819
24482318
24480485
24480309
24477555
24470541
24467811
24462923
24458478
24456623
24456171
24453178
24452285
24447195
24447128
24446405
24445081
24440132
24436340
24433922
24432941
24431331
24424790
24424091
24413405
24401375
24399342
24395736
24394586
24394585
24394584
24388178
24388004
24386972
24375543
24373736
24368256
24368141
24360092
24357603
24356441
24356440
24342581
24323544
24323494
24321294
24316344
24314570
24313816
24311539
24308901
24307404
24304168
24301537
24292426
24288165
24286638
24273047
24264332
24261921
24259250
24256558
24256094
24246255
24211858
24205851
24199605
24178751
24170412
24170303
24162799
24148825
24147769
24147746
24144270
24144268
24136643
24136564
24132386
24125075
24124118
24122033
24121910
24121908
24111809
24102949
24080168
24056046
24042067
24001108
23996066
23992471
23987243
23974652
23944222
23937517
23924404
23895254
23883305
23875789
23869648
23865581
23862715
23860042
23848069
23848067
23848066
23829648
23829599
23805810
23802644
23802643
23802640
23802637
23800195
23793815
23789732
23775827
23772839
23757421
23725030
23719196
23711350
23704315
23701232
23670172
23657668
23607641
23600896
23556414
23496287
23421420
23400245
23370574
23344615
23238806
23126314
23104254
22700341
22672112
22552898
24871193
24871192
24586248
24468086
24761046
24587267
24577171
24571758
24571668
24587000
24574522
24611053
24871168
24701224
24596696
24342718
24983112
24870922
24591847
24559121
25309098
24870915
24586803
24586473
24548814
24347629
24817806
24817805
24817804
24817803
24791129
24727850
24612575
24535360
24535357
24535356
24535354
24535350
24535344
24535343
24535340
24579073
25206829
24600492
24562236
24479460
23853118
24528855
24524338
24391090
24695943
24559546
24522171
24428409
24518398
24512441
24870630
24870629
24520423
24688386
24510713
24510679
24870278
24502426
24683344
24550998
24502757
24502752
24500137
24498892
24611094
24611092
24611086
24550845
24495383
24492054
24520309
24518976
24493109
24446208
24551447
26859018
26183508
26082108
25954488
25518180
25198336
25198326
24902401
24902399
24902398
24902397
24863834
24863831
24852734
24796191
24743202
24731419
24731417
24711890
24707453
24701550
24701549
24701547
24701546
24701545
24701538
24701536
24701527
24666269
24665652
24665647
24665646
24665644
24665639
24665638
24665543
24653615
24653612
24653609
24653605
24653602
24653599
24640297
24640295
24640294
24637282
24627842
24627743
24616833
24616832
24616830
24616829
24616826
24608627
24608625
24608623
24608622
24608619
24608614
24608613
24608612
24605208
24605207
24605199
24604373
24596642
24596639
24596638
24596636
24596635
24596634
24596632
24596628
24584260
24579964
24574462
24571560
24571557
24571543
24571511
24557386
24557385
24549442
24516833
24516831
24516826
24516824
24504294
24496688
24487834
24487610
24485739
24485738
24485736
24485729
24485438
24478080
24473356
24473351
24470646
24469169
24469168
24463090
24461422
24461421
24461417
24461416
24461412
24461408
24461406
24461403
24461402
24461401
24461400
24461399
24461398
24461396
24461395
24460589
24449199
24447291
24446979
24446977
24446976
24446974
24444306
24442400
24442399
24439350
24439333
24432966
24431366
24429255
24423177
24423175
24411636
24411399
24411356
24411104
24405030
24402620
24396427
24394340
24393147
24389571
24389565
24389561
24384739
24374001
24373933
24372138
24370195
24370193
24370192
24370187
24370186
24370184
24370181
24365729
24361423
24357499
24355511
24354534
24352500
24350793
24347386
24345734
24334408
24333956
24332521
24332410
24331848
24329876
24328635
24326095
24320956
24320954
24317254
24316873
24316342
24315880
24314915
24314572
24311462
24311251
24307456
24300310
24296164
24296163
24295823
24287255
24285861
24285024
24280115
24272790
24269764
24262946
24262207
24255934
24252317
24251829
24246472
24246198
24242977
24242830
24239924
24239279
24239223
24237585
24227163
24226751
24210730
24206110
24189117
24189114
24179987
24179984
24171664
24166027
24164645
24164573
24161516
24132595
24117172
24117147
24117102
24116736
24098948
24097047
24081863
24076519
24063732
24060546
24057668
24038414
24038330
24034716
24032400
24027770
24021635
24011354
24001968
24000235
23998481
23997026
23992098
23977842
23974864
23957784
23952107
23948160
23943527
23943361
23939820
23907622
23890275
23890209
23889780
23889509
23888880
23881737
23868831
23865892
23830803
23809886
23809866
23797925
23797848
23796195
23786404
23783068
23758092
23727733
23725028
23710943
23701239
23701197
23675634
23649551
23647520
23647286
23646891
23639141
23617685
23611650
23611485
23598609
23586804
23583116
23566116
23562527
23546646
23535117
23488657
23480134
23437854
23425258
23382468
23374758
23355390
23346895
23314329
23305115
23297838
23294441
23278549
23190181
23167944
23067316
23039036
22970654
22883719
22672728
22577959
22577941
22405099
22214517
22109942
21771805
24870081
24550840
24498136
24498060
24488658
24869965
24498022
24471180
24489960
24489684
24477318
24473372
24672365
24473420
24627870
24616615
24494060
24468410
24498653
29805868
24475170
24493960
24465895
24456793
24456620
24705285
24575025
24465840
24450404
24315624
24592498
24578653
24466169
24465427
24444136
24395774
24395771
24445844
24443792
24412206
24574904
24441930
24932330
24445416
24574869
24526901
24531165
24470774
24454686
24246498
24075212
24072800
23847156
24550714
24454754
24424467
24423744
24423742
24423741
24423737
24423736
24423407
24423385
24455460
24411005
24416220
24400722
24397588
24354267
24398115
24344282
24872291
24432005
24400088
24393608
24393572
24393365
24511282
24387332
24383434
24268798
26019497
24494025
30049128
28191506
27057258
27050065
26995807
26688983
26688982
26685634
26591114
26528037
26528022
26527994
26521370
26054183
26054181
26054180
26054178
26054177
26054175
25951691
25951673
25946859
25942341
25896037
25895415
25848792
25827009
25804015
25799863
25799856
25796802
25775091
25771651
25745710
25745709
25737919
25720443
25672680
25672678
25651710
25638928
25611292
25611272
25610667
25610666
25610665
25610663
25610476
25610465
25606335
25589282
25588403
25588392
25588338
25588337
25587463
25587462
25587461
25587460
25587458
25587276
25580327
25580307
25574976
25574749
25570929
25570356
25569924
25560690
25558763
25558761
25558760
25558759
25548778
25548769
25548674
25544903
25544842
25538964
25534432
25532099
25532097
25531020
25531019
25530968
25530938
25530890
25530889
25530761
25530681
25530465
25525525
25525437
25525297
25523955
25522702
25520940
25517895
25506609
25506437
25506436
25506435
25506011
25505997
25503477
25489487
25485840
25485406
25485304
25485158
25483385
25478246
25477961
25477039
25471814
25471157
25437945
25437658
25436157
25434032
25431994
25431692
25431690
25431687
25431601
25430459
25422823
25422822
25420763
25420567
25419457
25409634
25405402
25405238
25401161
25400955
25400954
25400664
25400662
25400302
25399364
25397690
25386603
25383385
25383384
25383368
25379516
25379309
25379295
25379294
25379041
25377585
25377579
25377572
25377571
25374700
25373564
25372197
25371829
25371828
25371824
25369337
25364198
25354082
25348813
25343049
25342640
25342545
25341525
25341072
25337936
25337607
25335362
25335359
25329127
25329113
25328526
25328524
25328523
25325207
25323870
25323543
25323216
25319466
25316241
25313117
25311342
25310609
25306590
25298727
25298721
25298719
25298718
25298717
25298710
25298709
25297855
25295060
25293522
25292128
25290380
25289386
25289385
25289382
25282729
25276787
25276439
25275257
25273046
25273039
25271966
25271964
25268557
25266523
25264049
25254254
25254122
25254121
25254048
25252262
25252260
25252256
25252255
25252254
25250503
25250501
25250498
25250497
25250494
25250492
25250179
25247203
25247172
25245201
25229787
25229786
25229785
25227040
25226926
25226923
25224399
25219993
25219992
25219990
25219988
25216077
25215248
25215247
25212557
25209226
25206244
25206243
25206242
25206241
25206240
25206239
25206236
25206235
25206233
25206231
25206230
25206229
25202746
25202731
25202718
25202458
25199992
25198399
25197718
25192449
25184496
25182265
25182264
25178330
25177502
25173164
25171632
25171624
25171623
25166770
25166769
25166765
25166762
25165689
25165606
25165584
25159307
25159058
25144179
25143838
25143020
25141017
25141016
25140721
25140720
25140718
25140717
25140716
25140261
25139394
25136363
25134963
25133000
25132999
25130130
25122977
25121127
25121107
25115106
25114809
25114713
25110703
25109101
25105031
25102720
25102719
25101301
25101282
25101187
25101126
25101125
25098824
25098158
25087662
25087660
25087659
25080111
25076373
25073858
25073755
25071149
25065115
25061528
25057501
25057422
25055236
25050182
25050122
25045729
25045714
25045546
25045545
25045359
25028691
25028688
25028687
25028684
25025039
25024852
25024841
25024839
25024836
25024835
25024733
25018770
25013730
25013548
25013455
25012617
25006282
25004633
25004632
25004631
25003787
25003786
25002982
25002883
25000603
24993694
24993646
24993274
24993273
24993270
24993269
24993268
24993267
24993264
24993263
24993261
24993260
24993259
24993258
24993257
24993256
24993255
24993254
24993253
24991631
24990787
24990780
24990167
24988886
24988883
24987734
24987659
24987658
24987603
24987602
24987534
24987419
24986630
24982959
24982899
24971228
24969999
24969992
24967433
24967352
24966759
24966756
24966753
24966752
24966749
24966748
24966747
24966744
24966743
24965956
24965954
24965951
24964675
24964566
24963421
24963420
24963400
24963302
24963296
24963295
24959181
24959049
24959034
24959031
24956098
24956092
24955367
24955281
24955275
24955260
24955259
24949989
24949436
24949422
24946875
24943674
24940807
24940625
24939278
24939276
24939274
24939273
24939272
24939271
24939269
24939268
24939267
24939266
24939265
24939263
24939262
24939261
24939260
24939258
24933799
24933798
24923315
24918652
24918368
24918366
24918365
24918361
24914427
24914425
24911192
24910684
24910683
24910680
24910679
24910674
24910672
24910671
24908964
24903086
24903084
24902889
24900928
24900927
24896784
24895538
24893645
24883415
24881583
24878674
24878670
24877093
24872900
24868295
24867519
24865211
24864131
24858121
24853188
24853026
24852946
24852609
24852420
24852305
24851845
24847547
24846915
24839821
24838896
24838895
24835469
24829580
24829529
24826377
24824058
24824056
24824055
24824054
24818441
24818130
24818096
24818093
24818092
24817890
24812731
24812724
24808716
24808714
24808712
24808710
24808708
24808704
24808700
24808699
24808696
24808693
24808690
24808688
24804241
24804126
24802205
24799795
24795891
24793837
24791467
24789298
24789297
24789287
24789286
24789285
24789284
24786351
24786346
24786137
24783648
24781132
24781130
24781129
24781122
24781118
24779327
24778652
24772355
24766060
24748316
24748310
24748308
24748303
24748302
24748301
24748293
24748292
24748291
24748290
24748119
24744552
24744543
24744541
24744540
24744539
24744536
24741801
24741800
24741376
24741230
24739817
24738503
24738149
24738034
24732521
24732081
24730252
24729853
24728238
24723954
24720148
24719973
24719722
24717928
24717925
24717712
24717711
24717704
24717702
24717701
24717700
24716301
24716003
24716000
24715999
24715998
24715997
24715996
24715995
24715994
24715993
24715992
24715989
24715164
24713568
24713567
24713566
24713565
24713563
24713560
24713558
24713555
24709435
24709431
24709430
24709428
24709427
24707409
24707119
24707118
24705758
24704642
24697881
24696846
24696685
24696591
24696588
24695780
24693304
24693302
24693295
24688798
24688574
24688573
24688570
24688568
24688563
24688562
24688561
24688560
24688559
24688553
24684121
24684041
24684025
24683924
24678464
24678234
24678232
24678213
24678210
24678206
24678203
24678195
24678191
24671748
24671713
24669332
24665478
24660644
24660642
24660641
24660201
24660198
24660196
24660189
24660071
24659699
24654500
24654497
24654412
24654369
24654367
24654366
24653950
24645583
24643218
24642975
24640484
24640479
24640475
24626645
24626450
24626252
24626251
24626249
24624399
24624396
24624395
24624394
24624392
24624385
24624384
24624383
24624381
24624297
24623948
24621772
24621765
24620436
24620435
24620434
24619786
24619781
24619780
24619779
24605724
24605317
24605295
24603346
24603282
24600194
24598335
24598236
24596806
24596804
24596803
24596800
24596797
24596796
24596795
24596794
24596793
24596788
24596784
24596782
24596017
24593143
24592388
24588827
24588088
24585419
24585415
24585222
24583648
24583645
24581189
24578706
24577073
24577029
24576962
24576961
24575307
24571528
24564654
24563448
24556642
24556607
24556583
24554869
24554868
24554866
24554864
24554862
24554861
24554859
24554858
24554856
24554855
24554852
24554098
24552072
24552068
24552067
24551431
24533934
24531610
24531609
24531605
24531604
24531603
24531599
24531597
24531596
24531595
24525450
24523969
24523324
24516763
24511515
24511512
24510823
24509889
24500034
24498691
24493972
24492126
24492122
24492118
24492107
24492104
24490009
24488918
24487243
24486728
24481125
24481085
24481006
24480989
24480885
24474506
24473777
24473625
24473226
24457892
24457872
24457860
24451957
24451865
24451863
24448924
24448533
24447988
24445010
24442554
24442553
24442552
24439586
24437604
24437602
24436494
24423941
24413141
24413116
24411545
24411151
24408819
24406627
24406616
24406592
24406585
24406574
24402386
24401361
24401359
24401355
24401352
24401349
24401343
24398377
24396848
24396846
24396844
24396842
24396839
24396838
24396836
24396381
24396380
24396376
24396375
24396373
24396372
24396371
24396370
24393477
24392495
24392493
24392491
24392490
24392481
24392479
24392478
24392477
24392475
24385523
24382371
24382367
24382366
24377684
24376354
24373661
24373659
24373658
24373657
24373656
24373653
24373651
24373650
24373257
24371128
24365934
24362557
24359958
24356643
24355708
24355560
24354926
24343791
24342703
24341687
24341641
24339313
24336480
24335143
24332330
24332327
24332006
24332005
24332004
24332002
24332000
24331998
24331991
24331990
24331989
24331988
24331987
24331986
24331985
24331983
24331954
24331566
24331564
24329607
24328607
24326812
24326811
24326807
24326804
24326801
24323921
24321530
24318946
24318939
24318938
24293180
24287325
24287304
24286655
24286653
24286649
24286648
24286646
24280695
24269900
24269831
24269668
24268247
24268228
24262808
24259279
24258001
24257741
24255962
24252802
24252801
24252618
24248036
24246721
24246370
24242778
24242241
24239927
24218060
24217468
24217151
24217059
24217007
24216710
24216573
24215549
24210728
24209597
24200871
24199603
24196488
24192938
24191261
24190651
24186560
24185754
24184062
24183604
24182843
24177594
24170803
24170371
24170040
24166846
24162002
24161260
24155265
24146200
24146021
24145147
24144124
24142257
24140070
24139310
24133225
24128748
24126952
24126532
24126109
24121911
24121193
24118659
24117498
24117017
24114252
24113890
24113132
24102355
24100638
24100636
24095848
24094896
24077432
24073795
24070496
24068600
24065635
24065634
24061606
24061605
24043634
24043482
24006481
23993945
23992786
23989902
23982199
23980632
23975681
23975228
23962494
23959806
23958459
23957048
23934635
23929728
23921979
23891015
23890932
23883306
23873320
23865583
23859633
23853033
23841541
23835864
23834272
23828625
23819593
23810681
23810680
23802641
23802636
23786609
23786596
23786595
23786403
23772873
23771212
23771181
23764863
23750656
23749245
23749244
23740319
23725409
23724962
23718212
23718211
23713807
23712823
23712822
23710836
23703030
23702840
23701176
23695612
23692316
23688103
23688101
23680969
23679579
23675741
23663529
23662996
23649954
23647356
23647234
23646854
23646853
23638766
23636610
23636568
23624552
23621697
23604784
23604697
23600860
23581287
23578250
23553994
23525891
23525890
23525860
23525859
23517053
23515945
23508627
23504207
23504206
23504204
23494455
23494453
23463961
23460022
23432693
23408192
23397452
23385426
23357053
23349123
23346907
23317396
23283584
23263522
23245692
23239387
23237432
23224521
23212445
23210667
23184419
23148454
23011475
22986701
22970853
22939324
22939321
22788245
