20301686
30000756
30601614
27303454
17188528
16973402
17174050
24198704
17178152
17178151
17027128
17164486
17156742
17142069
17141860
17136477
17125829
17112580
17109951
17021897
16983584
17678787
17113821
17097048
17070903
17577551
17161510
17141381
17097161
17055698
16997368
16950506
16949659
16890985
16865654
16483701
17509402
17188531
17181998
17174265
17115203
17027315
17010610
16949661
16915387
16860859
16529892
17466880
17407004
17223283
17196319
17178099
17174463
17174020
17126805
16844107
16843523
16820199
16790271
16787769
16765432
16730058
17395063
17395058
17284331
17258941
17198721
17196730
17180599
17174267
17147967
17141393
17124567
17116354
17116353
17113699
17113698
17110086
17110083
17101704
17097045
17084804
17049750
17011005
16997336
16930785
16698072
16690113
17145143
16839727
17321456
17321454
17321448
17321445
17320725
17320708
17188532
17161556
17157890
17150316
17145189
17142068
17136514
17123597
17116292
17115237
17115236
17112460
17109811
17106786
17101114
17097600
17084669
17082878
17079114
17048029
17043869
17043795
17031682
17030396
17027139
16969657
16823388
16697454
16621204
16540162
16530820
16530262
19071452
17386657
17189271
16687224
17260169
17258641
17258640
17258639
17258636
17258635
17258629
17258627
17239664
17234548
17234547
17234544
17234543
17234542
17234539
17234529
17186314
17182085
17157478
17142040
17118335
17109813
17101259
17095267
17095256
17084441
17052987
17049482
17049334
17049327
17045644
17028888
17015623
17013627
17013589
17005217
16973253
16973252
16973251
16963171
16956709
16955224
16950555
16949345
16945462
16945461
16941133
16923782
16923781
16919861
16911851
16890407
16842899
16519928
16504281
16499961
16494935
16472855
16469372
16464492
17078978
17052984
17112467
17109831
17167416
16979345
16963273
27732247
22866210
22593654
22460754
22460753
21475457
20146416
20143701
20020941
19655508
19655507
19655505
19641759
19212499
19212498
19212497
19212496
19212494
19212492
19212490
19212489
19088874
19069071
19031646
18949918
18808900
18780648
18767416
18704289
18652078
18595496
18595492
18590257
18590256
18590253
18564447
18561616
18557384
18557383
18557381
18548886
18523631
18506991
18506962
18506959
18504939
18504938
18437797
18437795
18437793
18437792
18430359
18430355
18430354
18430352
18430350
18380246
18369002
18341236
18340986
18340985
18340984
18340983
18340981
18340978
18340977
18335817
18320014
18306643
18303278
18303277
18278307
18278306
18278304
18278297
18277744
18277743
18277742
18277741
18277738
18274060
18265729
18254273
18254271
18254267
18236742
18225459
18225399
18220220
18220218
18220005
18213979
18213919
18211748
18210769
18201025
18201021
18201020
18198670
18187979
18176721
18176720
18176719
18176718
18176710
18176709
18175443
18173092
18173091
18173090
18173087
18173085
18170922
18163098
18163097
18163058
18158549
18158545
18158544
18158542
18092521
18088003
18087146
18085837
18069398
18051341
18047231
18046969
18042317
18041514
18041513
18041512
18041510
18041507
18030377
18030369
18018466
18005288
18005286
18005284
18005282
18003711
18002931
18002756
18002750
18002719
18002240
18002020
18001242
17993741
17992013
17987878
17987864
17987860
17982561
17982559
17982555
17982553
17982549
17982547
17982546
17982545
17977297
17977296
17977295
17977291
17977290
17977286
17966931
17966890
17956940
17939118
17933105
17921671
17921642
17921639
17921636
17921635
17921634
17917446
17917439
17917330
17913004
17913003
17913001
17913000
17912998
17912997
17912962
17907435
17899656
17897508
17897504
17897499
17897498
17897494
17897493
17897492
17896988
17891125
17891123
17891121
17882700
17879675
17879477
17879473
17877628
17877620
17855786
17853546
17828102
17828101
17828097
17828093
17828091
17828090
17828072
17828069
17828067
17828066
17828063
17827964
17827961
17827833
17824398
17824394
17823508
17821962
17726867
17722441
17722439
17722437
17722434
17722433
17721558
17716549
17713341
17713340
17713335
17710855
17710852
17705569
17703599
17696003
17696001
17695998
17695995
17695054
17694834
17691593
17691422
17690644
17690637
17689388
17688169
17684832
17682524
17675006
17674682
17674680
17674679
17674676
17663501
17662983
17660865
17653931
17645148
17641642
17639207
17639205
17639198
17639195
17639194
17639193
17635328
17635326
17635324
17635322
17627957
17627122
17627121
17627120
17627119
17627115
17619368
17615993
17615991
17615989
17603245
17595872
17593321
17589496
17589487
17589484
17589483
17589482
17589481
17578812
17575917
17568987
17566316
17566302
17566300
17564195
17560733
17557642
17556833
17541293
17541292
17541260
17539264
17534041
17534031
17520948
17518906
17518904
17518902
17508708
17508706
17508705
17508074
17508073
17505612
17503948
17503557
17499982
17499493
17497030
17495808
17495807
17495805
17491338
17486514
17484155
17469222
17455775
17455766
17449974
17447113
17441200
17436978
17436973
17436972
17428115
17427284
17426403
17426402
17426398
17426397
17426396
17426395
17419551
17419550
17419549
17410953
17410952
17410951
17410949
17410902
17410901
17410899
17410892
17410886
17410196
17407968
17402633
17402630
17402385
17399910
17385481
17385439
17384857
17384856
17384851
17384847
17380911
17380176
17380173
17380171
17380170
17379425
17378485
17378321
17378318
17377383
17377215
17374459
17374118
17374116
17374112
17374110
17370913
17366761
17366760
17366758
17366755
17364032
17364031
17354614
17354379
17350083
17348556
17348555
17347543
17347393
17346423
17346001
17346000
17345999
17344651
17338915
17338466
17338459
17333962
17333961
17333960
17333959
17331443
17331437
17330664
17329580
17327645
17327635
17326570
17319371
17319369
17319368
17319366
17319364
17315050
17314449
17313150
17306261
17303940
17298884
17296310
17296309
17294746
17294745
17294338
17288716
17288335
17288331
17288330
17288329
17288327
17288326
17288325
17288324
17288323
17288322
17287708
17287705
17285409
17284919
17284917
17284914
17284913
17284911
17284909
17283403
17280887
17278630
17278627
17274244
17274236
17269837
17265908
17262851
17257351
17254588
17244307
17244304
17244147
17244145
17244143
17243996
17243995
17241656
17241434
17241424
17241103
17239376
17239179
17238053
17233733
17229816
17229289
17228779
17217883
17216908
17216907
17215621
17214727
17214530
17213440
17212464
17211510
17211509
17211505
17211503
17211500
17210329
17209930
17209929
17209927
17209836
17209835
17209834
17209833
17209830
17209829
17209828
17209827
17209826
17208111
17208107
17208104
17208103
17208099
17208090
17207080
17207077
17207076
17207072
17206789
17204606
17204212
17199557
17199548
17199547
17199540
17199539
17199538
17199536
17199535
17199494
17197953
17197405
17197403
17197402
17196513
17195834
17195831
17189471
17189467
17189466
17189465
17189463
17189459
17189458
17187468
17187102
17185134
17185130
17185129
17185127
17185126
17185125
17185124
17185122
17185119
17185118
17185067
17181745
17181742
17181583
17181581
17181579
17181575
17181574
17181573
17178507
17178506
17178505
17178504
17178503
17178488
17178483
17178478
17174785
17174772
17174771
17174769
17172573
17172565
17171668
17167265
17167264
17167259
17167258
17167256
17167255
17166700
17164417
17160386
17160004
17159358
17159329
17156821
17146771
17143547
17139179
17137469
17132586
17132156
17126382
17125731
17116160
17098210
17095302
17078032
17075866
17074355
17070007
17066481
17063464
17055447
17049483
17029553
17029552
17029549
17029546
17029545
17029543
17029542
17029537
17029536
17029535
17029534
17029533
17029531
17029525
17027235
17024372
17016686
17016685
17004066
17000058
16997355
16965802
16949081
16945997
16924628
16860455
16838195
16782259
16781043
16757082
16750593
16697387
16615075
16586273
16564051
16549071
16483699
16434132
16430952
16417916
16376351
16372341
16246602
16054735
17181234
17183387
17183386
17148299
16797642
17183711
17181853
16439083
17146045
17173088
17278611
17142724
17046814
17159111
17159110
17156493
17159951
17159950
17054916
17122777
17015308
17308817
17121988
19089249
19089248
19089245
19089243
19089239
19089238
18457165
17722817
17691241
17533719
17533718
17533716
17533710
17533709
17533708
17533704
17533703
17444129
17444127
17427436
17402295
17402226
17402224
17349198
17349190
17349189
17338300
17338298
17338297
17338295
17334080
17334076
17334075
17334072
17315432
17290526
17286126
17277871
17269258
17269257
17269256
17263113
17261884
17256310
17256304
17256303
17254398
17253950
17245824
17243601
17243600
17243599
17243598
17243595
17243594
17243592
17243554
17243553
17243552
17243464
17243334
17243333
17243329
17243328
17220626
17220622
17212778
17212083
17212082
17212079
17212078
17212077
17212073
17212072
17212071
17209795
17209794
17209792
17209788
17209538
17209536
17209535
17209532
17209531
17209517
17205955
17205954
17205950
17205949
17205227
17201756
17201755
17201753
17201749
17199473
17199471
17199469
17194993
17194072
17194069
17194067
17194065
17193989
17193798
17187707
17187706
17184235
17184234
17184232
17184229
17184228
17184225
17183186
17183185
17183184
17183183
17183182
17183180
17177899
17175837
17175836
17174687
17174686
17174685
17174683
17174682
17174680
17174679
17174678
17174677
17174672
17174671
17174661
17174659
17174657
17174249
17174245
17172960
17172958
17172950
17172948
17172621
17170328
17170326
17169740
17169739
17169738
17169728
17169726
17168935
17168934
17168929
17168928
17168629
17168627
17168624
17167399
17164073
17164070
17164069
17163328
17160934
17160580
17157517
17142907
17142681
17142334
17142331
17142329
17138721
17138717
17138715
17138710
17138184
17138180
17138173
17138172
17138168
17138166
17133027
17122168
17122161
17122159
17120077
17107543
17107542
17107541
17107540
17107539
17107538
17107537
17107387
17105507
17105506
17105502
17105500
17103447
17103396
17101705
17101702
17100997
17092273
17092272
17092271
17092269
17092238
17092234
17092224
17092220
17092218
17092217
17092216
17090232
17083341
17076782
17076780
17076779
17076778
17076773
17075846
17073931
17073930
17073929
17073928
17073927
17073926
17073925
17073922
17073921
17073920
17073919
17063388
17052905
17044090
17041084
17040484
17029975
17013865
17002558
17001665
16999985
16997850
16996720
16955410
16954179
16950500
16941080
16924123
16896837
16896835
16896834
16896833
16895722
16865348
16844172
16838332
16832824
16804514
16685727
16388845
16375962
16360245
17194353
17134502
17128232
17128231
17125505
17015331
17096312
17041931
17085582
16297468
17090337
17087836
17097037
17131702
17079762
22077641
22063056
18181284
17518625
17510546
17472042
17331367
17331360
17328517
17313746
17297884
17285994
17283698
17283695
17283689
17261902
17249437
17249435
17249434
17249433
17249432
17249431
17236601
17236595
17236594
17236524
17236523
17221034
17214217
17214214
17212531
17212522
17211367
17211366
17209487
17203582
17203580
17203577
17199623
17192571
17191721
17190389
17190306
17190303
17190296
17189918
17179642
17176739
17171616
17168153
17165303
17165302
17165301
17165300
17165297
17165295
17165292
17165290
17155991
17153983
17153982
17153980
17153979
17153978
17153977
17153976
17153971
17153970
17147072
17147031
17147030
17147029
17147028
17144969
17140146
17140145
17134083
17134081
17134079
17134075
17133930
17128718
17128707
17128194
17128182
17124562
17123914
17122932
17122930
17119428
17119427
17119409
17115324
17110267
17110262
17110261
17110257
17110252
17106833
17102627
17101028
17101024
17101023
17100637
17098502
17098500
17098498
17098496
17096808
17096807
17093467
17092381
17091144
17091143
17091141
17091138
17091136
17090176
17090172
17090169
17090167
17090162
17090161
17090160
17090157
17090156
17090155
17086002
17082342
17082341
17082338
17082282
17082278
17078279
17078278
17078275
17078274
17078273
17078272
17077986
17076794
17076620
17076619
17076613
17076611
17073935
17072261
17072254
17072253
17072251
17072249
17062745
17062744
17062743
17062742
17062735
17062022
17061277
17060739
17057044
17056943
17055919
17055918
17055917
17055916
17055912
17055910
17055909
17055907
17055903
17054766
17052647
17048153
17048066
17043917
17040581
17038060
17038059
17038058
17038057
17038056
17038054
17038053
17035671
17033965
17033723
17032393
17031841
17016609
17014545
17014542
17014540
17014539
17014530
17014529
17014528
17014527
17014525
17014524
17014522
17014521
17002745
17002744
17002742
17002741
17002738
16999826
16970625
16970624
16970623
16970621
16962643
16940141
16937369
16937132
16926037
16924549
16914180
16901606
16901458
16896613
16890907
16881064
16836973
16836972
16829040
16823561
16814741
16814245
16806048
16804719
16790234
16730403
16687199
16637036
16617435
16617432
16617431
16600633
16600462
16567032
16406084
17060618
16839648
16965763
16934945
17066033
17060578
17057683
17057677
17057676
17057657
17097019
17054282
17054268
17054267
17054238
16914277
16969871
17035524
17030746
17030741
17031351
24454455
24454454
24454453
24454452
24454450
19655486
19089058
19089057
19089055
19089054
19089050
19089049
18603968
17438912
17438911
17348236
17348229
17348227
17348225
17348223
17348220
17343246
17343244
17343243
17315664
17315662
17315661
17315658
17315654
17315642
17268389
17242799
17236570
17225828
17225825
17225824
17225818
17217214
17217212
17201306
17190028
17140507
17140363
17139954
17139953
17139946
17139944
17133866
17129457
17129454
17124812
17120391
17120389
17117768
17114749
17111222
17091921
17091663
17091662
17091660
17091655
17091653
17091652
17091651
17091649
17090956
17087455
17087454
17087449
17087396
17087277
17086859
17086854
17080883
17080882
17080881
17080879
17080878
17080876
17080874
17076951
17076455
17076165
17076163
17076029
17073360
17073359
17073358
17073352
17073204
17073202
17073201
17073200
17073199
17069492
17069488
17069075
17060310
17059773
17058762
17058758
17052469
17052468
17052467
17049109
17045503
17045150
17045144
17043269
17042166
17038077
17032124
17032123
17032122
17032121
17032120
17032119
17032114
17032113
17032110
17032108
17032106
17032105
17032102
17027401
17027313
17027234
17026543
17026542
17026510
17026509
17026508
17026504
17026502
17026500
17021290
17020729
17017635
17017631
17017630
17017629
17017628
17012732
17012721
17012719
17009480
17009477
17009475
17008341
17005022
16998342
16998129
16998126
16997126
16997122
16997112
16997110
16997103
16997102
16997099
16997097
16997096
16997095
16997092
16997087
16997083
16996336
16995751
16987852
16987171
16982307
16982303
16982284
16982281
16982279
16982278
16982277
16982274
16982272
16982269
16982268
16982267
16982266
16978490
16969156
16968387
16968383
16968327
16968252
16968251
16968248
16960809
16958700
16958698
16958692
16958689
16957482
16953826
16953814
16949727
16948677
16948676
16948675
16948673
16948669
16948667
16948664
16948663
16948661
16945895
16945891
16945890
16942560
16942559
16942558
16942556
16942553
16942552
16942551
16941501
16938103
16935933
16928649
16923783
16922927
16922925
16916900
16911817
16906063
16905753
16900087
16899027
16899026
16889629
16875686
16828129
16823858
16817214
16814616
16806045
16788010
16787391
16779796
16767403
16763088
16763087
16763086
16758452
16756941
16752125
16750558
16750429
16740296
16730636
16680424
16639721
16637032
16620774
16596595
16540226
16506184
16472904
16470831
16439048
16439046
16387355
16375964
16375959
16364426
16360849
16214273
16516975
16831873
16930568
16990884
16982418
28086522
16988048
16822625
19529238
17002498
16982728
16764947
16836984
16856127
16857173
17009420
21974821
18491621
18377529
17718279
17668589
17549156
17426833
17367035
17367033
17333803
17323732
17323730
17323723
17323722
17323720
17315587
17252903
17237567
17203799
17165249
17152621
17152128
17146426
17140544
17140542
17140540
17140335
17139933
17139931
17138444
17129433
17129426
17129420
17129419
17128814
17112116
17091765
17090409
17078737
17078735
17078734
17078733
17076334
17076331
17076330
17076323
17076321
17076314
17076311
17076310
17076309
17071399
17071398
17071396
17071395
17071394
17066643
17066641
17066640
17066635
17066211
17065787
17065784
17065778
17065777
17063540
17062301
17061684
17059097
17058527
17048788
17048783
17040002
17039218
17037895
17037894
17037890
17037889
17037887
17037886
17037741
17036832
17036712
17036707
17036705
17036703
17029528
17029527
17029523
17029520
17029518
17024981
17024953
17024950
17024948
17024945
17024944
17024943
17024942
17024941
17023750
17023742
17023739
17022296
17022198
17022196
17022193
17018487
17007469
17004568
17004567
17004566
17004565
17004562
17003624
17003614
16999164
16998618
16998614
16995564
16995562
16995561
16995560
16995325
16990073
16990071
16990067
16989694
16986989
16986302
16981050
16979500
16979498
16979496
16979495
16979494
16979489
16978483
16966898
16966897
16966020
16964274
16960697
16958733
16957796
16957794
16957792
16957790
16957789
16957788
16957787
16957786
16955669
16955138
16954230
16953452
16953354
16953353
16951541
16950933
16950932
16950293
16949963
16948560
16948308
16946431
16946427
16945040
16945038
16945036
16945032
16945030
16945024
16945023
16940486
16940480
16940477
16938028
16936257
16934638
16934636
16934633
16934632
16934631
16934630
16934626
16934624
16934623
16934622
16931863
16931393
16931387
16930284
16926422
16926393
16926314
16926313
16926308
16925875
16925680
16922745
16922744
16922743
16922739
16922736
16922730
16922025
16922024
16922019
16922018
16920550
16920546
16920545
16920537
16920529
16919100
16919096
16919095
16919094
16919093
16916689
16916678
16916669
16916507
16916363
16916362
16916361
16916359
16916357
16916352
16910922
16910919
16908345
16904724
16902792
16897108
16897106
16888276
16884732
16879337
16879331
16879328
16879327
16870403
16860564
16856904
16856903
16856901
16856897
16856148
16854619
16837038
16822829
16816998
16809622
16791615
16766091
16765421
16763950
16752405
16738804
16724309
16720017
16715215
16712777
16703335
16687171
16680722
16675177
16670905
16636843
16616887
16607474
16604314
16522349
16416284
16368130
16253310
15593308
16546237
16564557
21526023
16938135
16934161
16936671
16931755
16915551
16924012
16892156
16902543
19655484
19655483
19655482
19655480
19089280
19089279
19089277
19089275
19089273
19089272
19089271
19089270
19089267
17695067
17344619
17144047
17117501
17117291
17039799
17036587
17036586
17036585
17017070
17002101
17002098
17001832
17001829
17001828
17001820
16999356
16999348
16999347
16999346
16995854
16980741
16978513
16972399
16972398
16972396
16972391
16972390
16971792
16968149
16967670
16963821
16960434
16960327
16958744
16958743
16958741
16958738
16958292
16958289
16958288
16958285
16955718
16955179
16955178
16955177
16955170
16955168
16955166
16955163
16955162
16955155
16955153
16953053
16951509
16951508
16942432
16942431
16942429
16942426
16939033
16939032
16939031
16939029
16939028
16939025
16939023
16939022
16939019
16939018
16937592
16937211
16933596
16933595
16928431
16926139
16924074
16918680
16918678
16918676
16912585
16911892
16911888
16911887
16911107
16911103
16911102
16911101
16911098
16910482
16910048
16909883
16907764
16905071
16905068
16905065
16905063
16905062
16905059
16905058
16905057
16905056
16905055
16899100
16899098
16890158
16883456
16881812
16881801
16878065
16876072
16876071
16876070
16876069
16876055
16876049
16876045
16876044
16876043
16876041
16876040
16876039
16873330
16873327
16872459
16872458
16872454
16872393
16872392
16872391
16872389
16872386
16872385
16869948
16869947
16869946
16869945
16869944
16861295
16861164
16861085
16861082
16861080
16861078
16861077
16861075
16861074
16861071
16861070
16861069
16861068
16860545
16860211
16857662
16856957
16856951
16856950
16850033
16849803
16844507
16842590
16842589
16835246
16832541
16832182
16831836
16829499
16829494
16829493
16828287
16827844
16827843
16827842
16827724
16827721
16827718
16824568
16822709
16820943
16795023
16781135
16770525
16763089
16761119
16735419
16724007
16714318
16697016
16690253
16690250
16684562
16679328
16648211
16622588
16620914
16615990
16615068
16596394
16569473
16530263
16513080
16495372
16488181
16474958
16444734
16444732
16442690
16431009
16427182
16425232
16425189
16425187
16414172
16375934
16343633
16337328
16314023
16311242
16310920
16310303
16188472
16183179
16707492
16840554
16865134
16865133
16856071
16856049
16856019
16842057
16506230
16837896
16838013
16836761
19516828
16762341
16829878
16829858
16827940
16651263
16817952
24470805
24470804
24470803
24470802
17571570
17571569
17571568
17327926
17312919
17240935
17176826
17176825
17175585
17175584
17171846
17171844
17171841
17159283
17119712
17119710
17119709
17119707
17119705
17119704
17091914
17091620
17067462
17067461
17067452
17063898
17060069
17051840
17049135
17039946
17039860
17026831
17009760
16981466
16977953
16977952
16967355
16955616
16955608
16953990
16949835
16943597
16939578
16937863
16937862
16937861
16937859
16937856
16937855
16937854
16937853
16937852
16937849
16936902
16936786
16933534
16933533
16933463
16933462
16933461
16933456
16933455
16933304
16929628
16927737
16927735
16924989
16924988
16924985
16924983
16924982
16924980
16922193
16922106
16913431
16913247
16913244
16913243
16913241
16912341
16909519
16908965
16905842
16903444
16903443
16903442
16903441
16903438
16903200
16903198
16903195
16900827
16900824
16900823
16900821
16898220
16898169
16897322
16888887
16886642
16886321
16886317
16884082
16882230
16881929
16881434
16881373
16879515
16878092
16872929
16865999
16865995
16859062
16856600
16856597
16854210
16854204
16849081
16849080
16849078
16849076
16849072
16849070
16849068
16849065
16849064
16849063
16848370
16846996
16844444
16841604
16841602
16841599
16841598
16838097
16838096
16838095
16836817
16836814
16834861
16834741
16834597
16831685
16831682
16831681
16830833
16827738
16827737
16827735
16826405
16826288
16822273
16822271
16822270
16822265
16820807
16820806
16820804
16820035
16818026
16818025
16818022
16818019
16816819
16816813
16815129
16813524
16808614
16808612
16808591
16808579
16808573
16808572
16808571
16808570
16808561
16805898
16805693
16805686
16805685
16805682
16805681
16805679
16805670
16803835
16803829
16803828
16803826
16803825
16803824
16803823
16798927
16798923
16798921
16798870
16798869
16798862
16794473
16793483
16793482
16793481
16793478
16793477
16793474
16793472
16793471
16793470
16793468
16793467
16792725
16791058
16790356
16788889
16786514
16781343
16781335
16780988
16780426
16779977
16779973
16779972
16776761
16776760
16776758
16776756
16774634
16774512
16774509
16774504
16762015
16762013
16761288
16760742
16759330
16759325
16759324
16759320
16715201
16706669
16705259
16687238
16675267
16613835
16574275
16564493
16551972
16550360
16540289
16510117
16469551
16460664
16443190
16413942
16402367
16395722
16362516
16292761
16289723
16288949
16242232
16239058
16198406
16820334
16813644
16809504
16473486
16364474
16799446
16799436
16595689
16934126
16934124
16934118
16934114
16934113
16850814
16776820
16775231
16700052
16690091
16769947
16738056
16529860
16767142
16595692
16762064
16546331
16723392
25868587
20396492
19513184
19089077
19089070
19089069
19089068
19089067
19089066
19089065
19078809
18494317
17569337
17140539
17140538
17140537
17140535
17140534
17140531
17140530
17140529
17140528
17140527
17138435
17138431
17062542
17039978
16973068
16972455
16971883
16968593
16964665
16964664
16964663
16936993
16933833
16925009
16916247
16916240
16916237
16916235
16916230
16916229
16916220
16913571
16910115
16910114
16910113
16910112
16905811
16905809
16905807
16903545
16903535
16902381
16900643
16898264
16898128
16892718
16878764
16878761
16875445
16866124
16862374
16862370
16862363
16862361
16862360
16862356
16862354
16858864
16858138
16858137
16858136
16858135
16858133
16858132
16858131
16856347
16848269
16848263
16848262
16848260
16848259
16848165
16846342
16845963
16845961
16845959
16845955
16842030
16842027
16842026
16842025
16841611
16841608
16838485
16838483
16838482
16838480
16838478
16836902
16836896
16836895
16836170
16836168
16836166
16832856
16830666
16830665
16830663
16830662
16827637
16826883
16826881
16823236
16823230
16823229
16821471
16809195
16808110
16808109
16808107
16808106
16805775
16803807
16803797
16801043
16800367
16800364
16800362
16792344
16792343
16792342
16787865
16787513
16783952
16783950
16780246
16779536
16776765
16774130
16773794
16772940
16772067
16772060
16769501
16769500
16769499
16769498
16769497
16769493
16769492
16767615
16766896
16766895
16766260
16765830
16765161
16765154
16765153
16765152
16764472
16753026
16752705
16752704
16752701
16752697
16751843
16751430
16751428
16741134
16738295
16737919
16734586
16734583
16734582
16734579
16734567
16731402
16731378
16731377
16731376
16731375
16731374
16731373
16730609
16728257
16728255
16728252
16728251
16728248
16728244
16728239
16723652
16723650
16713809
16707674
16706594
16703377
16691581
16687469
16684603
16682970
16677335
16677328
16677290
16677287
16677187
16677186
16677183
16677178
16675925
16675546
16674753
16674751
16674749
16674747
16674746
16674745
16674744
16674742
16674739
16672030
16671993
16671990
16671989
16671988
16671986
16648213
16644851
16643295
16643294
16643293
16643292
16643291
16643290
16643289
16643288
16643285
16626369
16622641
16620777
16614863
16585051
16555069
16550396
16543294
16530809
16530808
16520021
16504285
16498525
16491339
16461365
16450122
16426566
16426564
16415086
16377268
16376292
16376291
16373450
16365859
16356470
16353225
16308693
16307723
16300826
16226312
16112261
15993991
15570595
16719471
17083870
17083864
16732227
16603128
16725024
16732982
16683226
16615103
16563681
16563678
16555305
16554132
16554131
16542802
16533584
16530998
16529896
16529893
16529891
16496402
16463377
16463376
16440316
16425261
16358265
16358263
15975635
16703081
16671751
15993019
17119696
29539165
23974234
17167220
17167219
17167218
17120973
17115373
17063386
17037715
16972404
16948375
16948374
16948371
16948370
16948369
16948368
16948367
16937186
16900980
16900979
16891752
16891751
16891750
16891749
16891747
16891745
16891744
16891742
16883883
16879560
16870118
16861093
16832574
16822079
16813102
16813077
16809245
16805364
16805362
16805361
16805357
16805355
16805354
16802650
16802647
16802646
16802645
16802644
16802642
16802640
16802639
16802638
16802637
16802636
16796295
16796288
16796283
16796276
16792258
16792252
16792251
16789726
16783062
16778631
16776416
16776409
16776278
16774190
16774187
16774186
16771119
16770195
16770190
16764680
16764293
16761645
16761431
16761428
16758795
16756237
16756236
16756235
16756055
16753695
16752839
16752619
16752618
16739545
16739544
16739541
16739540
16736120
16736118
16729566
16714959
16711531
16707073
16700741
16699571
16696713
16696712
16696711
16696693
16691493
16688109
16688107
16687644
16687640
16687635
16687550
16685566
16685300
16685298
16685294
16685291
16685290
16684478
16684475
16684474
16683683
16683681
16683680
16681498
16681497
16681407
16680360
16679211
16679208
16679202
16679201
16679197
16679134
16679130
16679128
16674715
16674714
16674712
16674709
16674708
16674703
16674698
16674690
16674684
16674681
16674679
16674678
16674675
16674673
16674672
16674671
16674670
16674667
16674666
16674660
16674659
16674658
16674656
16674653
16672534
16671886
16671884
16671881
16671880
16671878
16671877
16671872
16671869
16671868
16648772
16648759
16643547
16643545
16643544
16643535
16643219
16641659
16640641
16640639
16640636
16640634
16640632
16639459
16637912
16637908
16637737
16637735
16637729
16637727
16637721
16637715
16637713
16635771
16634950
16634933
16634813
16632755
16632753
16632326
16632282
16632274
16632269
16632265
16631981
16631854
16631853
16631851
16631847
16631844
16631840
16631839
16631838
16631836
16631835
16631834
16631489
16631485
16629897
16629892
16629890
16629888
16628661
16622189
16621128
16619203
16618853
16618852
16618851
16618850
16611234
16596422
16583230
16574259
16571363
16541232
16533827
16513655
16511639
16493674
16487991
16444682
16443269
16432643
16412683
16392117
16344330
16337660
16321360
16269128
16259940
16225915
16211573
16211419
16202498
16193488
16171924
16171857
16169654
16125745
16079244
16741848
16670743
16620107
16703054
16703041
15936908
16625546
16622140
16622139
16617367
16606836
16298054
16641762
16443662
16497272
16492674
16423472
16585527
16722608
16607325
16607324
16510129
16598247
24494023
24494022
24494021
24494020
24494019
19655478
19655477
19655476
19655475
19655474
19655472
19595867
19089047
19089043
19089041
19089039
19089038
19089036
18603910
17802959
17051872
16955650
16955649
16955648
16955647
16900986
16900929
16895009
16886875
16886874
16886873
16886872
16878213
16878206
16878203
16863004
16863003
16863001
16850608
16850586
16831914
16799210
16796203
16790975
16790973
16790972
16790969
16790968
16790966
16790965
16790964
16790958
16790957
16790954
16784586
16784585
16784578
16774171
16774170
16774164
16764231
16764135
16764134
16764130
16764129
16761651
16739785
16734994
16734993
16734365
16734364
16734157
16734156
16734155
16723066
16722280
16722277
16720460
16711635
16711634
16711632
16711630
16711627
16711625
16711340
16711269
16711267
16709273
16708832
16708720
16708718
16706359
16705562
16705222
16704103
16704094
16704092
16704091
16704088
16704083
16700271
16696890
16688595
16686128
16685368
16685367
16685365
16685364
16685352
16685347
16685346
16683675
16683674
16683673
16683672
16683671
16683667
16683666
16683665
16683662
16683514
16683080
16669290
16651910
16646637
16646518
16646508
16646395
16644426
16644413
16642907
16642906
16642903
16642240
16638451
16637481
16637479
16634745
16630310
16630309
16630307
16630305
16630302
16630299
16629883
16629881
16627189
16627188
16627184
16627181
16627180
16627179
16627178
16627176
16627171
16627170
16625702
16623180
16620039
16620036
16620034
16620033
16619644
16618993
16617938
16617937
16617934
16616131
16616130
16616129
16616128
16616127
16616126
16616125
16614532
16613632
16613170
16611500
16608603
16604494
16604464
16603046
16603045
16603044
16603042
16603040
16602065
16597990
16597851
16595535
16594938
16594364
16594360
16594359
16594355
16586485
16585759
16584497
16584496
16584494
16584493
16584492
16584491
16584412
16584411
16584409
16584360
16584357
16584356
16584355
16584345
16584341
16580914
16580910
16579776
16574548
16568211
16567986
16567561
16567560
16567559
16567555
16567553
16567549
16567548
16567486
16556225
16554217
16554215
16554213
16554211
16554210
16554208
16554207
16554205
16554204
16554203
16554200
16554199
16554197
16554196
16553637
16553636
16553635
16552326
16552070
16548305
16548303
16547951
16546855
16546854
16546853
16546852
16546848
16546847
16546805
16546647
16543539
16541397
16540993
16537109
16531729
16530064
16530063
16530062
16530061
16530060
16530057
16528693
16524929
16519774
16515680
16515679
16515671
16513494
16510502
16506203
16504570
16501574
16499714
16499633
16499632
16499631
16499630
16499628
16499627
16479262
16476021
16476020
16476017
16473380
16464873
16458025
16443623
16443622
16432712
16429441
16429440
16428256
16418837
16413596
16408200
16406108
16397507
16392141
16392135
16376138
16373454
16373452
16356749
16331657
16326107
16287136
16267127
16266688
16257386
16246431
16229871
16215774
16214284
16206202
16192312
16188224
16184538
16169653
16157438
16155189
16154631
16085303
16054208
15896962
15789197
16568401
16548514
16568063
16568062
16568054
16568052
16563169
16556326
16722606
16537385
16536880
16455107
16452125
16414078
16386273
16217799
16534118
16534116
16495137
16528325
16528303
16389592
16326713
23974186
21646200
19259439
19030271
18458377
17876374
17672205
17162929
17140526
17140525
17140524
17140521
17138408
16929925
16929819
16895078
16865850
16827034
16827032
16827030
16827028
16827026
16827024
16827023
16827021
16827020
16827019
16827018
16827017
16827016
16792902
16777029
16777025
16777024
16777018
16767962
16736616
16718995
16718992
16718991
16711586
16711557
16708795
16708790
16708784
16707817
16706313
16706310
16706305
16706303
16706301
16706300
16706296
16706290
16704024
16704023
16704022
16704021
16704020
16689071
16689070
16689069
16689066
16689065
16689064
16681244
16681242
16681240
16674197
16669482
16669481
16669479
16669476
16650229
16650012
16650011
16650008
16650007
16649671
16649669
16646645
16646644
16646642
16646640
16646639
16642799
16642794
16638480
16636646
16636429
16636375
16634536
16634504
16634500
16634499
16634495
16633190
16629474
16629472
16629466
16623087
16623086
16620218
16617801
16617603
16617572
16617571
16617570
16617200
16617194
16615982
16610263
16608088
16605196
16602366
16602364
16602362
16602361
16582533
16582531
16582530
16582525
16575384
16575381
16573610
16570471
16570468
16570133
16569969
16569967
16569962
16566398
16555715
16554938
16553608
16553006
16553003
16551014
16549433
16545178
16545177
16545176
16543022
16543019
16543017
16543016
16543013
16539564
16539563
16539561
16539560
16539559
16539557
16539556
16539547
16539542
16536151
16536150
16536148
16536146
16536143
16530712
16527641
16527638
16527637
16527636
16527635
16527633
16527628
16527626
16526930
16526598
16525750
16522752
16521107
16519783
16516824
16514133
16514132
16514131
16514130
16512890
16512887
16512881
16512766
16512764
16512763
16512761
16512760
16512757
16512755
16512754
16512753
16512752
16512751
16509892
16507078
16507076
16507074
16507072
16507071
16506903
16505805
16505798
16505795
16505793
16505272
16504874
16504870
16504854
16500233
16500227
16500224
16500221
16498076
16498074
16498071
16498070
16498068
16496300
16494707
16494525
16489949
16489948
16489947
16489946
16489945
16489942
16488608
16487805
16487801
16487797
16479198
16476046
16476040
16476038
16476031
16476029
16463379
16458773
16456688
16456671
16454815
16453322
16450407
16450107
16443391
16442804
16435307
16433644
16433639
16432745
16430531
16430528
16430526
16430524
16416307
16404586
16402229
16395551
16387441
16378754
16364406
16341728
16341551
16328359
16328310
16323204
16323201
16314137
16311741
16309732
16307437
16300817
16289279
16275156
16263347
16243014
16242184
16240374
16234275
16202499
16198468
16188428
16169655
16159656
16125132
16112336
16112335
16112334
16099031
16087287
16087286
16084585
16081159
21727347
16501533
16501525
16365040
16076541
16495463
16488870
16537026
16488806
16415973
16410075
21289954
16491159
16491156
16491149
16491147
16491145
16491144
16491143
16491142
16419127
16399794
16343542
16143989
16476939
16474363
16474352
16474351
16474350
16474349
16378597
16442086
25696596
17297707
17297706
17297705
16924156
16924155
16924152
16789687
16783746
16783742
16783736
16724470
16724469
16724467
16708882
16708508
16680306
16640932
16640931
16623282
16612568
16607934
16607933
16578987
16571949
16571948
16571947
16571946
16571945
16571944
16571943
16571930
16571929
16571927
16571925
16571923
16570573
16570571
16567254
16562613
16555660
16555659
16555656
16555654
16555653
16555652
16555651
16555649
16544646
16541657
16541652
16541649
16541367
16538902
16538901
16538896
16538895
16536347
16536345
16536344
16525624
16525622
16525620
16525616
16525610
16525607
16525605
16525604
16525599
16523172
16521782
16521390
16521389
16521386
16521384
16521381
16515100
16515096
16515094
16515093
16515010
16515008
16509515
16503791
16503789
16503784
16502995
16494101
16494100
16494099
16494097
16494096
16494093
16481890
16480608
16478932
16478929
16478928
16478927
16475376
16475374
16475373
16475372
16475370
16473724
16473722
16473719
16473718
16473711
16473707
16473706
16473095
16473092
16473088
16473085
16473084
16468456
16468021
16467974
16467698
16465031
16465026
16465025
16463420
16460348
16460347
16460346
16460341
16460340
16460339
16460335
16460259
16460255
16460248
16460247
16460244
16459192
16457676
16457675
16457674
16457673
16457668
16457666
16454798
16454796
16454794
16454791
16454789
16454788
16451439
16451437
16451436
16448929
16448928
16443876
16441782
16441781
16441780
16441779
16441740
16441739
16441738
16441731
16437560
16437557
16436408
16436085
16436081
16434730
16434728
16433964
16430735
16430417
16429158
16428403
16428185
16428184
16428182
16428180
16428179
16428177
16428176
16427458
16427457
16427453
16423034
16423033
16423032
16423031
16423029
16423028
16423025
16422760
16422759
16422758
16422757
16422756
16422755
16422753
16422752
16420276
16420275
16420274
16420273
16414277
16413934
16413904
16413902
16413895
16413889
16411246
16411202
16409256
16409253
16404171
16404168
16403652
16393877
16393509
16390340
16373453
16364956
16364423
16341894
16337113
16333316
16323183
16317020
16284958
16280235
16263152
16263151
16260589
16230329
16230328
16214432
16213635
16211564
16199411
16199410
16154315
16130148
16126319
16111799
16098949
16096811
16095556
16084600
16081036
16055080
16039707
16039706
16025190
16000218
15979227
15970371
15955666
16532606
16444231
16172129
16024196
16437460
16437443
16411691
16426455
16417639
16418629
16310176
16210339
16415836
16415835
16313993
19503331
16225992
16282526
16137777
24379883
24379882
24379881
24379879
24379878
24379877
24379876
21250306
20021028
19655500
19655499
19292113
19292106
19292105
19089085
19089083
19089081
19089079
19089030
19089029
19089022
19089021
18175625
17946495
17946328
17945966
17945890
17945856
17684691
17668701
17668700
17645216
17645212
17645211
17645048
17645046
17645044
17633125
17632980
17575642
17547067
17518035
17485803
17469507
17469506
17469502
17469500
17469498
17469496
17460838
17460836
17460833
17460832
17458099
17458096
17458094
17458093
17458091
17458090
17458088
17458086
17458083
17458081
17458080
17458078
17458076
17458075
17458074
17458071
17458069
17458058
17458057
17458055
17432538
17432537
17432533
17432532
17419515
17410932
17405523
17392984
17385403
17385359
17385358
17385357
17357495
17357297
17354676
17322653
17322651
17322650
17315810
17315805
17315802
17315797
17315796
17312702
17310945
17310943
17310941
17310940
17310939
17288202
17288176
17262150
17262149
17262147
17262145
17262144
17262142
17262134
17262131
17262128
17262127
17262126
17262121
17256403
17243442
17240934
17240933
17240931
17240930
17240929
17233329
17233327
17233322
17209340
17193934
17193931
17193930
17191065
17191064
17191063
17191062
17191061
17190228
17187043
17187042
17187041
17187038
17187037
17187036
17182487
17172793
17163588
17159846
17159844
17159837
17159836
17153650
17153646
17153644
17152800
17148861
17147999
17143350
17143343
17131846
17131713
17131710
17131709
17125029
17121197
17106860
17103430
17100743
17100742
17098585
17083443
17083441
17083437
17083435
17078513
17078512
17075170
17073559
17072736
17066736
17065766
17064234
17063026
17063021
17063018
17063015
17053330
17051960
17049369
17047609
17047603
17047347
17022369
17022367
17022365
17009564
17009560
17009559
17009296
16997435
16996438
16989116
16989114
16987327
16987326
16987320
16971741
16970040
16966308
16964678
16961031
16961030
16961026
16956115
16946615
16946614
16946612
16946610
16946608
16946606
16946604
16942454
16932841
16932520
16929973
16924345
16924343
16924342
16924336
16919024
16919019
16911426
16911422
16911420
16911416
16900994
16900893
16892177
16888391
16883964
16878683
16878682
16877806
16876088
16875260
16875258
16875028
16874442
16873208
16861852
16861849
16861846
16860665
16858370
16858328
16858313
16850573
16838878
16838563
16838061
16837433
16836174
16831191
16831184
16831183
16821548
16820250
16813277
16813144
16813143
16813142
16813141
16813140
16813137
16813136
16807057
16806729
16800307
16792053
16780842
16780202
16776007
16775380
16775379
16775378
16775377
16775375
16775374
16775373
16775372
16775371
16775370
16775369
16775368
16775367
16775366
16775365
16775364
16774697
16774596
16770524
16766570
16764878
16763399
16759817
16753804
16749894
16741866
16741360
16741359
16735563
16734312
16734311
16734308
16734306
16731688
16730755
16729177
16729176
16729174
16729172
16721473
16721468
16721466
16721465
16721464
16721457
16719349
16710281
16708853
16708850
16707876
16707875
16707874
16707868
16707867
16707865
16707864
16704111
16704110
16704109
16704105
16703959
16703933
16703931
16703928
16702247
16687913
16687912
16687909
16687896
16687895
16687894
16687892
16687890
16687889
16687888
16687887
16687886
16687885
16687884
16687883
16687882
16687881
16687880
16686933
16682765
16682758
16671509
16651835
16651831
16644994
16636621
16636611
16632877
16622739
16620618
16615377
16615376
16615375
16615374
16615373
16615372
16613785
16610462
16610460
16610458
16608051
16607876
16607062
16607061
16604940
16604939
16604937
16599333
16599330
16599329
16599328
16597696
16586352
16586350
16586349
16585261
16583127
16579716
16579715
16579714
16579711
16579709
16579708
16579702
16579698
16579697
16573158
16570835
16570753
16570752
16570749
16570746
16570565
16569945
16566548
16564337
16552455
16551460
16551448
16542832
16541845
16541790
16538639
16536206
16536200
16536198
16536197
16536195
16536194
16536193
16536191
16536190
16536188
16536162
16536161
16529178
16524218
16524216
16524167
16519873
16519872
16519184
16519181
16519180
16512093
16510918
16510911
16508277
16508274
16508273
16508268
16508267
16508265
16508264
16508263
16506655
16496940
16495873
16495872
16494120
16494119
16494118
16482025
16479768
16479766
16479754
16479753
16478013
16478012
16471417
16471416
16471248
16470275
16469088
16468661
16468654
16467604
16463018
16463004
16459885
16459883
16459447
16458729
16457009
16457001
16457000
16456745
16454086
16454016
16454012
16449811
16448286
16448285
16448283
16448277
16448276
16448273
16448265
16448264
16448263
16448262
16447024
16447023
16447022
16447020
16445398
16444814
16443481
16443479
16443478
16443476
16443475
16443181
16441993
16441824
16438685
16433654
16433651
16433648
16433645
16432638
16432291
16432290
16432289
16432288
16432287
16432282
16432281
16429985
16429698
16426513
16426505
16426503
16426502
16423234
16423233
16421269
16421261
16421256
16420385
16420211
16413687
16410074
16410069
16410068
16410066
16410065
16410060
16410059
16409519
16409518
16409517
16409513
16409512
16409416
16409330
16409329
16409328
16409324
16409323
16409322
16407489
16401743
16399276
16399275
16399271
16399269
16399268
16397067
16395549
16395548
16394701
16393495
16393255
16390471
16389467
16389085
16388304
16388292
16388287
16388037
16385398
16374030
16373789
16373688
16373685
16373681
16373087
16370910
16369894
16367857
16367854
16367853
16367851
16364647
16364331
16364095
16364093
16364092
16364089
16364088
16364087
16360869
16360863
16360617
16360616
16360610
16360608
16360602
16360600
16356770
16352885
16352884
16352880
16340223
16333836
16319531
16283635
16283633
16283352
16242755
16226788
16213108
16185699
16157439
16154629
16154318
16146769
16136580
16125714
16122784
16118781
16105893
16084104
16061281
16055347
16040117
16039983
16005844
15990083
15982795
15939523
15922502
15910164
15908098
15907359
15907356
15876525
