20301367
36508511
20301694
12687383
12557005
12562936
12652361
12589561
20852712
20803468
17642819
16351890
15645937
15645936
15645933
15645932
15645931
15643758
15643757
15643755
15643750
15643748
15643746
15643744
15641499
15641498
15562752
15552856
15552855
15552854
15552853
15455865
15354380
15348534
15323220
15323210
15323163
15323162
15323157
15314980
15272814
15256865
15189667
15127999
15127998
15127993
15106476
15106475
15061339
15061337
15061336
15061333
15057396
15057391
15057390
15057389
15055158
15038685
15038684
15008401
15008338
15008337
15005516
15000906
15000904
15000903
15000901
15000900
14998052
14994623
14985798
14985796
14985794
14982661
14982659
14970708
14968703
14756251
14756248
14756247
14756246
14756245
14756244
14756242
14753103
14753102
14753036
14752969
14750473
14737961
14719578
14719577
14719576
14716095
14703642
14702946
14699952
14699951
14696967
14696965
14686655
14680932
14680919
14680060
14680059
14677164
14673838
14671596
14671594
14671593
14666742
14666740
14666738
14666737
14666533
14661726
14661722
14661721
14650556
14646051
14628567
14626827
14620763
14620762
14620662
14620661
14620659
14620657
14608970
14608967
14608354
14608351
14606554
14606547
14606543
14606541
14606539
14606537
14603664
14583954
14579923
14578638
14577137
14575636
14571451
14571450
14562940
14562939
14562938
14560481
14558587
14558377
14536048
14535057
14535053
14530305
14528722
14527299
14520778
14520776
14520775
14520774
14520773
14515441
14509173
14509171
14509170
12974526
12971173
12971172
12971169
12971168
12971166
12968423
12968422
12964653
12964650
12964648
12961959
12956038
12955908
12953926
12952665
12952661
12952213
12952212
12952210
12952207
12952195
12952194
12952192
12952191
12952190
12952187
12952185
12952180
12952171
12952166
12949946
12949945
12948217
12945802
12943058
12942828
12931426
12931421
12931411
12927086
12921235
12920369
12918792
12918005
12917988
12917975
12917928
12913887
12913886
12908068
12908063
12908062
12908059
12908057
12908054
12908052
12907697
12898320
12895520
12894661
12887579
12887578
12887576
12887575
12887574
12887149
12887148
12884507
12875308
12875307
12875306
12872809
12870308
12870295
12861879
12859117
12859113
12859112
12859110
12856440
12856397
12856393
12854883
12854354
12854353
12849098
12841144
12838593
12833485
12831724
12830559
12830558
12820853
12820848
12812021
12804493
12804432
12800758
12797559
12793300
12787200
12787197
12787196
12787194
12772562
12772561
12772559
12770014
12769311
12768887
12766958
12764999
12764072
12764018
12762617
12762616
12762615
12762614
12762613
12762611
12762610
12762606
12762475
12762472
12762471
12760781
12760776
12756932
12756931
12756928
12745763
12737091
12736913
12725291
12723103
12723102
12723101
12723100
12721790
12708325
12707500
12707499
12707498
12707497
12705721
12705173
12704952
12704948
12704945
12704943
12702113
12702111
12702107
12702105
12700814
12700803
12697957
12694441
12691653
12691650
12691649
12691648
12687758
12686916
12686914
12686911
12686909
12680413
12680070
12680066
12680064
12680063
12680058
12680057
12680014
12675460
12675458
12675457
12675456
12675453
12675452
12675450
12674926
12674921
12674877
12674876
12674361
12674360
12674359
12674356
12674355
12674354
12674353
12666951
12666554
12666544
12666541
12661941
12656993
12656516
12656515
12656514
12656513
12656512
12656511
12656509
12656508
12656465
12656458
12656457
12649703
12642960
12638773
12638770
12638769
12632627
12632616
12627706
12627705
12627702
12627700
12627699
12627270
12627269
12626874
12621855
12619267
12619265
12619262
12619261
12617256
12616890
12615145
12615141
12615140
12615137
12615136
12615024
12615023
12615021
12615016
12615015
12614515
12614082
12613657
12608666
12605427
12605425
12602199
12602198
12597693
12597692
12597688
12597686
12597684
12597683
12597681
12597680
12597678
12597586
12593600
12593590
12593431
12589296
12589295
12589287
12589286
12589284
12589283
12589281
12589277
12577011
12576016
12573712
12570217
12570216
12566643
12566637
12566634
12566633
12566632
12563589
12563190
12560154
12558632
12558289
12557108
12557107
12557106
12556729
12556723
12556266
12555956
12554530
12552237
12548403
12548402
12544214
12542626
12542625
12542624
12542623
12542622
12542619
12542510
12540228
12540227
12540225
12540223
12540216
12540211
12540124
12540120
12540118
12540116
12540115
12540113
12539037
12539036
12539034
12539032
12539028
12535491
12535481
12535474
12535462
12535435
12532069
12532067
12532064
12532058
12532057
12532056
12528991
12525795
12523467
12520416
12520414
12519012
12516067
12514157
12511749
12510811
12508292
12508237
12508043
12508042
12507281
12504040
12498898
12498890
12497641
12497227
12496560
12491936
12491932
12491093
12489138
12489137
12488989
12488718
12485394
12485392
12485389
12485385
12485381
12479851
12477701
12469216
12467734
12432465
12420324
12370801
12483766
12459508
12499475
12534101
12529726
12493682
12393861
12527501
12502739
12432080
12480849
12480373
12209931
12523215
12393291
22287937
16013220
16013214
15027778
14983390
14983377
14983374
14983368
14983358
14516692
14516679
14516670
12870996
12870994
12870991
12703510
12691279
12691278
12691277
12691276
12691274
12691270
12680134
12680133
12680130
12680129
12674851
12660620
12660618
12660617
12660614
12660613
12656868
12656866
12656865
12656864
12656863
12656862
12656861
12653320
12653316
12653315
12653314
12642992
12642953
12642952
12629832
12629830
12629828
12617814
12607962
12607959
12603945
12593466
12593099
12593097
12593095
12592718
12587774
12587773
12587772
12587771
12587770
12587768
12587767
12587765
12587764
12587754
12587753
12587752
12587750
12587747
12585976
12585672
12585669
12585206
12572905
12572192
12572170
12572156
12561715
12561379
12561363
12561347
12561344
12558188
12553399
12546283
12546106
12546103
12546099
12546095
12546092
12546091
12546089
12542221
12542219
12542218
12542216
12542215
12542183
12536282
12532500
12531558
12530279
12529785
12528300
12528299
12528298
12528297
12528295
12528246
12528245
12526275
12526274
12526272
12521329
12521322
12521320
12521313
12521059
12519340
12519336
12518954
12518949
12518948
12518947
12516827
12516824
12514946
12512886
12512885
12512884
12512882
12512881
12512880
12512827
12512674
12512670
12512664
12512662
12510474
12509006
12507220
12507218
12507214
12502177
12501140
12492912
12492910
12492909
12492908
12492906
12492905
12492904
12490879
12490878
12490877
12490876
12490872
12490871
12490869
12490868
12489842
12489841
12489838
12489837
12489836
12489655
12489654
12489652
12489650
12488853
12488852
12488851
12488850
12488849
12488846
12488845
12485332
12485328
12485326
12483240
12483237
12483236
12483235
12483234
12478363
12477167
12474127
12473488
12472859
12472858
12472857
12472848
12465022
12465006
12464888
12464819
12464063
12461695
12461641
12461639
12456809
12455519
12454103
12454094
12454091
12453462
12453117
12453114
12453111
12450853
12450516
12447669
12446191
12446157
12444519
12438353
12438322
12430171
12430170
12430169
12430167
12430166
12430165
12421630
12420286
12410382
12403705
12385901
12385899
12385897
12385896
12376173
12450416
12523036
12460734
12444401
12444399
12427372
12572737
12572728
21680373
17103786
14592147
12789994
12789993
12789992
12789991
12789986
12715686
12712892
12687727
12641960
12641959
12617856
12617847
12609099
12608499
12593296
12593295
12587227
12572184
12572105
12553620
12553619
12553618
12553617
12546321
12530401
12528955
12528954
12528950
12528947
12526189
12526188
12516679
12516677
12516676
12512876
12507246
12507242
12494708
12494702
12487483
12487398
12485517
12483939
12479639
12479635
12479628
12477575
12477064
12475162
12475155
12474349
12474007
12474003
12474001
12474000
12473999
12473998
12473995
12473994
12472996
12472993
12472992
12472539
12470023
12470020
12470017
12463263
12462698
12462686
12462682
12461464
12461461
12459617
12459615
12459608
12458850
12457854
12457853
12457851
12455756
12453268
12453266
12453261
12453258
12453256
12453024
12453023
12453022
12453020
12453019
12453017
12452988
12452987
12452986
12452985
12452983
12447656
12446188
12446182
12444533
12444532
12444531
12444530
12444378
12439486
12439485
12439484
12439483
12439481
12439480
12437553
12424591
12424590
12424459
12424455
12424452
12424448
12424445
12421361
12420254
12420100
12416538
12416536
12416535
12416534
12413230
12413229
12413228
12413227
12413226
12413223
12413221
12413219
12413218
12413153
12412800
12412017
12410941
12410668
12409790
12409509
12407473
12407095
12407092
12407086
12407085
12406306
12402337
12401103
12398840
12397375
12397373
12393795
12391001
12385751
12385639
12376932
12365032
12356921
12353298
12223290
12191668
12191667
12191664
12191661
12397186
12379742
12516669
12449334
12403570
12374769
12357472
12425291
12420015
12420014
12376695
12441141
12363369
20086495
20046470
14628787
14507163
14507157
14507149
14507145
14507141
14507140
12790012
12790011
12745433
12745431
12670118
12670095
12666896
12666894
12666893
12666891
12666890
12666888
12666759
12666758
12666756
12666754
12666753
12666752
12664465
12650085
12626288
12619443
12612780
12612772
12592921
12592918
12572406
12548183
12548181
12537854
12537348
12537347
12537346
12537345
12537344
12537342
12537339
12537337
12536289
12528456
12523305
12517066
12510256
12510255
12510254
12510251
12508498
12501891
12484425
12483791
12483790
12483789
12482374
12481988
12481986
12474625
12474624
12471386
12471385
12470457
12470455
12463704
12460545
12453129
12453124
12453120
12452105
12452103
12452102
12451912
12449308
12449307
12449305
12449302
12449215
12449206
12447224
12447223
12447222
12447219
12447215
12447213
12447211
12445229
12445227
12445221
12436836
12435137
12435133
12434708
12434619
12427203
12427202
12427201
12427200
12427199
12427198
12421335
12421333
12421332
12421323
12421130
12418721
12418718
12418715
12418714
12418603
12418598
12418566
12416781
12416780
12416777
12416775
12416773
12416772
12416768
12416765
12415915
12415914
12415913
12415883
12413179
12413175
12413171
12413170
12413165
12413163
12411890
12411881
12408091
12407947
12407946
12406537
12406520
12406516
12406383
12406381
12406378
12406377
12406376
12404065
12403539
12403481
12403190
12403188
12403145
12401058
12401056
12401054
12401053
12401051
12401047
12400729
12400728
12398943
12398942
12398173
12398172
12398170
12398167
12398166
12398163
12392969
12387302
12382498
12382495
12380041
12380035
12379198
12377997
12374926
12374925
12374920
12374916
12374915
12371759
12371758
12369786
12366886
12366861
12365916
12364492
12362307
12361944
12359078
12356502
12355141
12354781
12353937
12353498
12351668
12351664
12325071
12324358
12269993
12244548
12244079
12240729
12236829
12236827
12236824
12231287
12219090
12207932
12196916
12182309
12172651
12172649
12124790
12435617
12374991
12374990
12368893
12297581
12356430
12119299
12239565
12365156
27264978
12207375
12176185
14983272
14983267
14983259
14983252
12955568
12955566
12955565
12955563
12955558
12871002
12871001
12871000
12870999
12870998
12870997
12790008
12789985
12789983
12751558
12710092
12704264
12693606
12627815
12613315
12613313
12613312
12613309
12613308
12613307
12613306
12613305
12580359
12580356
12580354
12554120
12554116
12554111
12554110
12554108
12518993
12516271
12512987
12512986
12512985
12501269
12494713
12494712
12473974
12473972
12463199
12459324
12459320
12451335
12449031
12449029
12449024
12449022
12448891
12439330
12435010
12435009
12435008
12435006
12435005
12435004
12430356
12430355
12426504
12426503
12426502
12426501
12426500
12426497
12426491
12425859
12425856
12425852
12425846
12425845
12425844
12425841
12423302
12423296
12423295
12416268
12412967
12412966
12412965
12412964
12412963
12412962
12412961
12412960
12412959
12412957
12412956
12412954
12412952
12407804
12405471
12405469
12405463
12405462
12405461
12399699
12399698
12399697
12399695
12399692
12399691
12399690
12399615
12399603
12396241
12391831
12391475
12385117
12382629
12382604
12382531
12382395
12381073
12381070
12375466
12375464
12375462
12375460
12375457
12375456
12374262
12373940
12370780
12369305
12366540
12366535
12366534
12366532
12366531
12365847
12365138
12365134
12363158
12357709
12357668
12357667
12357665
12356259
12353578
12324795
12323102
12297971
12297969
12297968
12297965
12296597
12296588
12296587
12296585
12271353
12271351
12271345
12269462
12269461
12269458
12244364
12243972
12243970
12238695
12238694
12238693
12238692
12238690
12238689
12238688
12238687
12238686
12237802
12237798
12237797
12237184
12236308
12236306
12236304
12230598
12226613
12226611
12226608
12226606
12226605
12226603
12220358
12220357
12218959
12218521
12218198
12217324
12216592
12216574
12216572
12216569
12216568
12216566
12216564
12216563
12216562
12216561
12216558
12211442
12211428
12210567
12210304
12210299
12209001
12208268
12208160
12207153
12207152
12205128
12204275
12203128
12202642
12202640
12202638
12202586
12202557
12199954
12199892
12199891
12199890
12198355
12196759
12196501
12191044
12190343
12190338
12185201
12185164
12175357
12172915
12163415
12154396
12125068
12109685
12098578
12098577
12222909
12222906
12186656
12239575
12225879
12210637
12210110
12195378
12183011
12167404
12213007
12194794
18498514
12601887
12572650
12572649
12572648
12572647
12572646
12572643
12572642
12572641
12572640
12572639
12572638
12442834
12442833
12442832
12442829
12442828
12442827
12442826
12442825
12428525
12397251
12397244
12397241
12397236
12390578
12390577
12390575
12390574
12390573
12390572
12390571
12390569
12390566
12390565
12390564
12390562
12389662
12379435
12361080
12361072
12360675
12360674
12360672
12360670
12354528
12244740
12244738
12242862
12242855
12236092
12236090
12235589
12235587
12231203
12222648
12221817
12221816
12221815
12221811
12221396
12221395
12221394
12221392
12221388
12221020
12221017
12220346
12220337
12220336
12216984
12212819
12212817
12212815
12212814
12212685
12212683
12212680
12212679
12212454
12211505
12211501
12210347
12206724
12206721
12206595
12206593
12206588
12202176
12200650
12200253
12198996
12198988
12198987
12198870
12197129
12197124
12196264
12196225
12196224
12196223
12196222
12196221
12196220
12196219
12196217
12195986
12194667
12193115
12192915
12188229
12186664
12186568
12184425
12184424
12184423
12184422
12184420
12184419
12184418
12184417
12184416
12175830
12175379
12175376
12175375
12175371
12175370
12172658
12172285
12169039
12169035
12169027
12165771
12165770
12165767
12165766
12164578
12161593
12160713
12160712
12154189
12153957
12151080
12149727
12147751
12147748
12147741
12147582
12147170
12147168
12135780
12132707
12130547
12128234
12124910
12099282
12199130
12199127
12199119
12219602
12119418
12110453
16290729
12118595
12086465
12126832
12101052
12110878
12152359
19750749
16940606
15775391
15775389
14669693
14566609
12789976
12789972
12785172
12765098
12751889
12670086
12670085
12640851
12549716
12526121
12450712
12450711
12450709
12411181
12411180
12411172
12411168
12400117
12386690
12386689
12386688
12386680
12372315
12358047
12354092
12354091
12354087
12354086
12296416
12271955
12271954
12242935
12242842
12242837
12242769
12242768
12242765
12239484
12239481
12239480
12239479
12239478
12239477
12239474
12239473
12239471
12238367
12236644
12236643
12236642
12236640
12235745
12222022
12222019
12222017
12221956
12221757
12221756
12221754
12220274
12220010
12219130
12218280
12218279
12218278
12218275
12218273
12218272
12218271
12216916
12212881
12212880
12212875
12212870
12212559
12212315
12208079
12208078
12206404
12201248
12201247
12201050
12201015
12198748
12198742
12193902
12193897
12193893
12190905
12190903
12190899
12190898
12190896
12182298
12182294
12182290
12180044
12180041
12175580
12175574
12175133
12175132
12175131
12175128
12175127
12175126
12175124
12175115
12174841
12174682
12170850
12170848
12167299
12165992
12165991
12165990
12165987
12165979
12165978
12164237
12161466
12161464
12161463
12161455
12161454
12153457
12153451
12150262
12148682
12148312
12148298
12148251
12148250
12148248
12148247
12146707
12146543
12146542
12146537
12146535
12146532
12146530
12146527
12146526
12145398
12144069
12142899
12142897
12142896
12142888
12142887
12140653
12139851
12138530
12138502
12136993
12134133
12131923
12126385
12126384
12126383
12126382
12126381
12126379
12126378
12126376
12126374
12126146
12125697
12121541
12121540
12121539
12121537
12121534
12120779
12120778
12120777
12120776
12120775
12120772
12120771
12120768
12120767
12117102
12115272
12112465
12112457
12110953
12110439
12101162
12098209
12097473
12096249
12091551
12089688
12087443
12087440
12087439
12087437
12087431
12083312
12075686
12073078
12072795
12072732
12071793
12071792
12071790
12070663
12070276
12070270
12059016
12052404
12043011
12001245
12125796
12125792
12125791
12125790
12125789
12125788
12125787
12154476
12031544
12109275
12107953
12124901
12045210
12049833
12048258
12053282
12119899
11920669
16088611
15348585
14983310
14983309
14983306
14983304
14983290
14983289
14983287
14983283
12871010
12871009
12871008
12871004
12849596
12849515
12789967
12600072
12600055
12596315
12596314
12519051
12518905
12518904
12469759
12469757
12469756
12469755
12469753
12469751
12469749
12435014
12428062
12422783
12411081
12396528
12296786
12296782
12296781
12296780
12296778
12296777
12296776
12296774
12296772
12230742
12229076
12227501
12227499
12227498
12224302
12221809
12221808
12221807
12221803
12220991
12220083
12211648
12195136
12190912
12190911
12190910
12190909
12190908
12190906
12190141
12186350
12186346
12186345
12186343
12180034
12166914
12166913
12166912
12166909
12166908
12166904
12166721
12166719
12166716
12166714
12166710
12166709
12165127
12165126
12165123
12164341
12161965
12161963
12161959
12160273
12154771
12154769
12154768
12148148
12148146
12148145
12148144
12147979
12146589
12146588
12146586
12146585
12146584
12146579
12143095
12143087
12142881
12142878
12141194
12141191
12139276
12139271
12139268
12139267
12139265
12139264
12139263
12138994
12138715
12137315
12137313
12137312
12137311
12136666
12136663
12134394
12131897
12131894
12131891
12131888
12131886
12131885
12131884
12131880
12131879
12126066
12125328
12124246
12120710
12120705
12120704
12120702
12114463
12114457
12113556
12112076
12111842
12111570
12110106
12110105
12110104
12109615
12108314
12108131
12108130
12107488
12102766
12102337
12100685
12097433
12097430
12097429
12096382
12090457
12090266
12090264
12090263
12090261
12090260
12089478
12087835
12087546
12087543
12085859
12085725
12085721
12085523
12083651
12083649
12083648
12083539
12083536
12083533
12083531
12081291
12080318
12080317
12080315
12080311
12080309
12073725
12073724
12073723
12073721
12071925
12071922
12071919
12071612
12071605
12071604
12071602
12067135
12067134
12067132
12067131
12067130
12067129
12067128
12067127
12067125
12067123
12067122
12067120
12066801
12060032
12057916
12055324
12055284
12054717
12054175
12051216
12048319
12042775
12042591
12040463
12040267
12034637
12034599
12034072
12034071
12034070
12029357
12023320
12022256
12022110
12022103
12022092
12022091
12010166
12010164
12010158
12010154
12010152
12000347
12000344
12000343
12000342
12000338
11992914
11992913
11992907
11992906
11954058
11948677
11948676
11904297
12037565
12037547
12032820
12062946
12062945
12167906
12167905
12167904
12047125
12047124
12047122
11991957
11996674
11997580
12083714
12016000
18088622
17656920
12789965
12577524
12515068
12515064
12515063
12515062
12515061
12515060
12515057
12515056
12515055
12515053
12515052
12489396
12450720
12450718
12419150
12419149
12419142
12419139
12419138
12408182
12240893
12183891
12180793
12174714
12174711
12170868
12170864
12166356
12166342
12143181
12143126
12143123
12132308
12121817
12116517
12116513
12116511
12116510
12116508
12097452
12097445
12088515
12086329
12086328
12086325
12085804
12082504
12075212
12075211
12075205
12074459
12074456
12074454
12072826
12070586
12070521
12070515
12070514
12070513
12070474
12068950
12068749
12067623
12066492
12066488
12066486
12066484
12065967
12064501
12064500
12064499
12064497
12064494
12064493
12064490
12062260
12062259
12061063
12060431
12060425
12060421
12059922
12059921
12059920
12059919
12059918
12059916
12059915
12059914
12059913
12059912
12059911
12059910
12056842
12051346
12051331
12051072
12050887
12050882
12048601
12048595
12045772
12045771
12045770
12045769
12045768
12045767
12041802
12040204
12036165
12036161
12033201
12031641
12028499
12028496
12028494
12028493
12028490
12028316
12028315
12028314
12028313
12028311
12028309
12028308
12028307
12027862
12027263
12027256
12027255
12027251
12026929
12026928
12026926
12026923
12026920
12026919
12026918
12026917
12026727
12026708
12025819
12022466
12022461
12022459
12022456
12022454
12022452
12022450
12021844
12019041
12019040
12019039
12015971
12015222
12015221
12015218
12014527
12014169
12014166
12014165
12014164
12014163
12014162
11990497
11988944
11986488
11984505
11984498
11981180
11980945
11978766
11976112
11976048
11973385
11973284
11956177
11955496
11953945
11941548
11935267
11921043
11823020
11823019
11823015
11823011
11983905
12014696
12014695
12014694
11943853
11932989
12017460
11992732
15384292
12789959
12789957
12685807
12685806
12680050
12680049
12680040
12680039
12626279
12625682
12575215
12575199
12561089
12420579
12420575
12420574
12420573
12407975
12403038
12360679
12360676
12186720
12186719
12184220
12184219
12184218
12184217
12184216
12184215
12184214
12184213
12184212
12184211
12180213
12180200
12131992
12131991
12131986
12131985
12131984
12131983
12126230
12119211
12118501
12105682
12097313
12097307
12097305
12092996
12092991
12092990
12092987
12090406
12090404
12090402
12090399
12079407
12078578
12078577
12078331
12078113
12078112
12076328
12071632
12071630
12071625
12069510
12069509
12064205
12059941
12059940
12059939
12059937
12059936
12059935
12059934
12059932
12059931
12055711
12055707
12045806
12043878
12043876
12043875
12043869
12043868
12043867
12043866
12043864
12043862
12043861
12043860
12043178
12029290
12029288
12029287
12029286
12025358
12019709
12017431
12017429
12016037
12014572
12014383
12014038
12014037
12014036
12014035
12014032
12014031
12013569
12013563
12013555
12013553
12013552
12013257
12013252
12011866
12011862
12011861
12011860
12011850
12011847
12009186
12009184
12009183
12009182
12009181
12009180
12006966
12004631
12004627
12002836
12002835
12002830
12002827
12001558
12001553
12001552
12001549
12000354
12000353
12000352
11999943
11999941
11999939
11999936
11999933
11997763
11997757
11993479
11991472
11991462
11990446
11990442
11990438
11990437
11990436
11990059
11990056
11990055
11990054
11990051
11990050
11990049
11990047
11990045
11990044
11990043
11990042
11989380
11989379
11989377
11989376
11989375
11989211
11989207
11989205
11982210
11982209
11980426
11980422
11979717
11973311
11966973
11966971
11966966
11966965
11966936
11966935
11966933
11966928
11966313
11961316
11957241
11952919
11952735
11952733
11952731
11950665
11943085
11941488
11939317
11934644
11932853
11929852
11929847
11929551
11928100
11928095
11923547
11922876
11922871
11922870
11920834
11920830
11920384
11912016
11897812
11844579
11955838
11919619
15552070
11891346
11924577
11893296
11998733
11924955
11924954
11924952
11887873
11864626
11882293
20086517
19265908
19078663
16285063
15339119
14983340
14983336
14983335
14983326
14983325
14983322
14983321
14658829
12935691
12871016
12871015
12506784
12506783
12506782
12502126
12502123
12495215
12475428
12475421
12475419
12435032
12435029
12435027
12435024
12418515
12389956
12216792
12164347
12160227
12160223
12160222
12154515
12109598
12094560
12076060
12076051
12061249
12061246
12061244
12061243
12061241
12061152
12061150
12058866
12058865
12058864
12051133
12051132
12051130
12051129
12051128
12051127
12050903
12046524
12046520
12046519
12043801
12037373
12037371
12037370
12035962
12035959
12035957
12035956
12035955
12035954
12035953
12030330
12030326
12024861
12020119
12020118
12020114
12017904
12017877
12017186
12017185
12017184
12017183
12017179
12017177
12017173
12017172
12017171
12017169
12010347
12009124
12004713
12004712
11999454
11996360
11996164
11996163
11996161
11996160
11993440
11993439
11991325
11991320
11991318
11991310
11991305
11991304
11987529
11985680
11985679
11985676
11985675
11985674
11985124
11985119
11966896
11966892
11966891
11966890
11966889
11966888
11966887
11966847
11960278
11958412
11958403
11957829
11951808
11951800
11950385
11943036
11941361
11941360
11941358
11941351
11941350
11941346
11941345
11941344
11941342
11941340
11941339
11941336
11940147
11940146
11940145
11940141
11940140
11940139
11940135
11935507
11935506
11935504
11934186
11933906
11933904
11933903
11931139
11931136
11931134
11931132
11928345
11928343
11926055
11925545
11925544
11925543
11925542
11925541
11925535
11922413
11922411
11922409
11922407
11922266
11922264
11922262
11922259
11922258
11921769
11921768
11921767
11921765
11921764
11921763
11921762
11918042
11915224
11913316
11913315
11913314
11913313
11908613
11907051
11900829
11896840
11896839
11896838
11896837
11892639
11889613
11887077
11887021
11881631
11880400
11880361
11879083
11879079
11879078
11876277
11874237
11846532
11839361
11839358
11839356
11839353
11839097
11801401
11801400
11799477
11755592
11853508
11931484
11905481
11886624
11846405
11897414
11854128
16210177
12167910
11835311
11915667
11865820
11863153
11863151
11733541
11839290
11830654
17167634
15348646
15348635
14508995
12905840
12619626
12593201
12593200
12593194
12381411
12381410
12381407
12381406
12381405
12074234
12074231
12074229
12074228
12074227
12074226
12074224
12071371
12071369
12019492
12013825
12005143
12002788
11993925
11989970
11989966
11958317
11945012
11942903
11936403
11933898
11933564
11931217
11929098
11924225
11923029
11922216
11918578
11918573
11915873
11915656
11915653
11910218
11908469
11902351
11898271
11898270
11895541
11895540
11895538
11895290
11895283
11895280
11895277
11890033
11890029
11890028
11890027
11890026
11890024
11887384
11887378
11887377
11885794
11883978
11883592
11878761
11876764
11871079
11870419
11870418
11869502
11869501
11869498
11868846
11868844
11868838
11868837
11862210
11862209
11862208
11862207
11860557
11858334
11856646
11856645
11856399
11856397
11855933
11854677
11854676
11854675
11854673
11854671
11854669
11854665
11847958
11843976
11843975
11843974
11843973
11843972
11843967
11843725
11842939
11842938
11842934
11841465
11841464
11841463
11841462
11841461
11841460
11841357
11840133
11840131
11840130
11840125
11840124
11840123
11837248
11835375
11834460
11833698
11833697
11833695
11833694
11833692
11833689
11833685
11833684
11833682
11833680
11828333
11827260
11827258
11827255
11827254
11827253
11825577
11823443
11823400
11815951
11815947
11815945
11815918
11815913
11811551
11809346
11807457
11738356
11841053
11867231
11867209
11852896
11814678
11755686
11738268
11822398
29539014
23119851
21838636
17474623
17474606
17474597
17474580
17328152
16411423
15861591
15861589
15776672
15776592
15658196
15458079
15002280
14700090
14700089
14601486
14601481
14601479
14601470
12898943
12898942
12898940
12898917
12898912
12898911
12898876
12861304
12787209
12787208
12779107
12751685
12685864
12685795
12677797
12670080
12666751
12666748
12652030
12649977
12647580
12645992
12643446
12617031
12611145
12593182
12593002
12593000
12592997
12592996
12585217
12585215
12584682
12569879
12542101
12542100
12542099
12542098
12533963
12533951
12532892
12532886
12532885
12532881
12519609
12519605
12518702
12518700
12518500
12518499
12518497
12518496
12518494
12518493
12518490
12518487
12516646
12516645
12508718
12499243
12498538
12498536
12498474
12498473
12498471
12498464
12498463
12498458
12498451
12498042
12494916
12489411
12489410
12489206
12489205
12489199
12489198
12489197
12489196
12489195
12489194
12489190
12489189
12489187
12489186
12489185
12489183
12489179
12489178
12489175
12489173
12489172
12489171
12489169
12489168
12489167
12489165
12489164
12489162
12489161
12489160
12489159
12489158
12489157
12489156
12489155
12489154
12489153
12489152
12489150
12489149
12489148
12489147
12489146
12489144
12489143
12489142
12489141
12487274
12483795
12483794
12483793
12478954
12474755
12474699
12474698
12471727
12462877
12462876
12462872
12455917
12449062
12442706
12430960
12430150
12428594
12428593
12428590
12428589
12425223
12422635
12422634
12422633
12422630
12422629
12422628
12421114
12420568
12420562
12420561
12417979
12417978
12416516
12415930
12415773
12413201
12408107
12405583
12393761
12382809
12382808
12382806
12382802
12382801
12382800
12382767
12380300
12380299
12380297
12380289
12375453
12271968
12271569
12271560
12271558
12244831
12240523
12238810
12238809
12238806
12238805
12238803
12238801
12230014
12224333
12224331
12224329
12224323
12224091
12214950
12214943
12214161
12212901
12210590
12209898
12195724
12194487
12194483
12191962
12191959
12185725
12181634
12180876
12174535
12162292
12152403
12150211
12141427
12138745
12138744
12137701
12137672
12137653
12132569
12132568
12123117
12123115
12123113
12119819
12119817
12119814
12119813
12119812
12119809
12119808
12116728
12116726
12116724
12116723
12116328
12116326
12116325
12116324
12115767
12115752
12111592
12109199
12102598
12099317
12097835
12097358
12097356
12097355
12097354
12094815
12094814
12090466
12090157
12086333
12078597
12078593
12076446
12064648
12064635
12061087
12058984
12056150
12056145
12056140
12056139
12056135
12049062
12046473
12038168
12033196
12029806
12029797
12029796
12029793
12028262
12019566
12018122
12018119
12014858
12014811
12011517
12008808
12008807
12008806
12008805
12008803
11995200
11974543
11974451
11961335
11961330
11957812
11957796
11955361
11955350
11955349
11954867
11948595
11938718
11938714
11938369
11935934
11934058
11934057
11933610
11928857
11928190
11925702
11922867
11921633
11915550
11915543
11915391
11915390
11913854
11913295
11913294
11913293
11913292
11913291
11913290
11913289
11905160
11905157
11902614
11902613
11902611
11902609
11902608
11901790
11901789
11901785
11901583
11901581
11898586
11897014
11896820
11890627
11890533
11890019
11890017
11889871
11889864
11889863
11889826
11889663
11888229
11887697
11887696
11887604
11887601
11887598
11887596
11887537
11887534
11887533
11887532
11887517
11887513
11887511
11886994
11886988
11883867
11879960
11878293
11878279
11878278
11878277
11874061
11874059
11874058
11874057
11874055
11874054
11874016
11874014
11874012
11874009
11874005
11874004
11874003
11874002
11870964
11870962
11870961
11870960
11870959
11870956
11858577
11858576
11858574
11858216
11858204
11858203
11857606
11853251
11853249
11853247
11853245
11853243
11853242
11853240
11853239
11853237
11853236
11853235
11852448
11850706
11849543
11846853
11846852
11846846
11846205
11846204
11846194
11845120
11845116
11845115
11844416
11844413
11844031
11844030
11844029
11844025
11842974
11825880
11824928
11824414
11824117
11824116
11824115
11822364
11820370
11820366
11818006
11817474
11817473
11817471
11817469
11817468
11817466
11811745
11811743
11811742
11811729
11810708
11810706
11810702
11810643
11807494
11807483
11807477
11806653
11806647
11806646
11806644
11806642
11806641
11805787
11805784
11805780
11803385
11803382
11800499
11795970
11795969
11795967
11792576
11792564
11791200
11790480
11789650
11788810
11788808
11786872
11786871
11786867
11772760
11772755
11771666
11768790
11757000
11754181
11747882
11746467
11745537
11744377
11743936
11743932
11743930
11743929
11743580
11743579
11741733
11741732
11741728
11740966
11740963
11731698
11713717
11695214
11695213
11695212
11695211
11695210
11695209
11695208
11695207
11695206
11507934
11507933
11507932
11507931
11507926
11507925
