31995917
11630834
11628701
7471157
7451769
7446456
7347009
7344446
7343673
7342897
7342794
7341645
7338553
7338550
7338332
7337357
7337020
7337013
7335645
7331761
7330686
7330685
7329980
7327219
7319423
7314803
7308607
7307062
7293722
7293554
7289873
7274862
7274832
7270296
7270295
7270294
7270293
7270292
7270291
7270290
7270289
7270288
7270048
7257724
7250479
7249039
7236829
7234974
7219654
7216448
7209946
7207863
7200099
7196043
7195392
7051206
7047432
7047429
7046155
7043436
7043431
7041472
7039213
7036127
7035285
7034449
7030491
7027110
7026772
7025810
7025355
7025180
7025179
7024970
7024966
7023200
7023172
7022574
7021372
7020054
7019288
7019287
7019286
7017045
7014690
7011890
7009238
7007936
7007628
7007627
7007626
7007624
7007623
7005409
6985374
6978191
6974045
6973394
6965173
6964746
6964744
6964742
6960937
6959663
6955908
6955902
6955274
6954746
6954596
6953659
6953658
6953649
6952177
6951522
6951521
6951519
6951515
6951509
6951398
6951365
6950985
6950849
6950716
6950712
6950640
6950639
6950638
6950635
6949843
6949525
6949332
6949330
6949329
6948738
6948489
6948488
6948487
6948483
6948482
6948418
6948417
6948344
6948343
6947772
6947769
6947757
6947752
6947751
6947743
6947733
6947726
6947469
6947468
6945999
6945997
6945733
6945731
6945078
6945077
6945075
6944922
6944921
6944919
6944909
6944758
6944757
6944756
6944755
6944434
6944402
6944395
6944386
6944277
6944106
6944102
6944033
6944022
6943905
6943904
6943654
6943533
6943527
6942917
6942523
6942240
6942032
6941894
6941528
6941522
6941518
6941325
6941225
6940899
6940774
6940772
6940667
6939445
6939351
6939074
6939071
6938763
6938337
6938315
6937934
6937650
6937649
6937468
6937466
6937402
6937400
6937399
6937396
6937392
6937268
6937245
6936896
6936882
6936876
6936740
6936693
6936685
6936683
6936556
6936102
6935969
6935399
6935398
6935397
6935391
6935390
6934187
6807915
6807914
6807899
6807897
6807889
6807880
6807869
6803746
6799173
6799172
6798108
6797706
6797705
6797391
6797389
6791067
6789596
6782227
6763664
6761844
6459962
6459701
6457470
6457469
6456629
6456626
6456575
6453965
6307038
6275642
6264813
6264507
6264506
6264061
6260310
6257334
6213113
6211855
6211854
6186779
6184762
6178262
6169808
6163512
6126103
6119144
6112979
6821563
7011695
24822844
24311013
7468455
7456092
7441762
7267152
7246142
7229339
7224712
7216903
7208081
7194919
7028817
7021058
7021057
7019277
7018281
7017891
7017790
7012253
7012187
7012186
7006404
7006403
7005290
7005289
7003262
7003118
6944742
6942958
6942936
6942123
6941493
6941363
6941321
6941008
6941007
6941005
6940515
6940514
6940386
6940385
6940307
6939759
6939712
6939708
6939636
6939633
6938912
6938609
6938530
6938529
6938528
6938527
6938514
6938511
6937644
6937643
6936431
6936426
6936214
6936212
6936203
6935962
6935607
6935605
6935560
6935286
6935164
6935163
6935162
6935161
6934817
6787653
6783577
6783574
6783573
6783568
6781863
6452424
6262444
6165105
6164715
6163795
7427747
7444686
6938361
6938359
6938358
6934786
7417857
7449836
30170475
7468790
7468785
7448401
7446531
7446529
7433554
7274986
7257109
7214250
7022569
7020124
7020119
7015407
7009809
7005285
7003108
7003103
7001908
7001907
6952319
6950843
6948513
6940383
6940331
6940287
6940283
6940206
6938521
6938486
6937617
6937613
6937611
6936738
6936551
6936510
6936508
6935820
6935816
6935799
6935631
6935602
6935601
6935594
6935593
6935339
6934178
6934175
6933859
6933858
6933174
6785404
6461746
6164773
6162024
6109270
7453541
7430100
7430099
6934432
6905315
7429410
6940371
7430446
6158456
6934792
7052538
7454385
7454384
7443363
7439971
7439253
7437277
7436389
7430994
7430988
7338458
7264217
7259447
7239681
7216923
7212542
7193587
7015720
7013880
7012897
7008269
7008177
7007453
7007452
7005976
7005369
7003090
7003089
7002975
7002265
7001906
6997467
6997466
6997463
6968275
6952311
6940559
6940261
6939049
6938272
6938180
6937983
6937982
6937286
6937285
6937284
6937283
6937035
6937033
6936925
6936770
6936769
6936767
6936764
6936763
6936762
6936413
6936411
6936002
6935985
6935588
6935587
6935586
6935585
6935334
6934869
6934865
6934830
6934825
6934287
6934286
6934218
6934217
6934216
6934055
6933853
6933852
6933850
6933847
6933846
6933110
6932420
6932416
6932411
6783566
6783563
6783562
6783561
6758728
6452728
6449768
6252996
6158562
6999362
7466356
7457933
7457931
7452730
7447719
7447148
7429627
7427754
7424913
7422813
7421163
7234809
7192283
7188063
7015546
7005660
7004480
7000317
7000316
6999149
6999147
6999062
6998752
6997793
6996488
6995590
6995589
6995586
6965030
6952509
6947355
6940361
6940353
6939639
6939547
6939342
6939150
6938176
6937865
6937580
6937460
6937459
6936808
6936706
6936521
6936520
6936519
6936501
6936498
6936256
6936253
6935386
6934803
6934801
6934182
6932769
6932754
6932745
6932504
6932433
6932432
6932292
6932001
6931890
6931840
6931837
6931491
6931490
6931147
6931141
6931135
6931134
6931129
6931128
6931127
6780670
6780667
6774709
6450825
6450228
6450226
6249862
6164040
6160112
6159530
6158025
6106655
6931607
6447508
7397502
6105485
7467572
6781478
7388625
7458592
7441153
7431030
7427855
7419498
7416257
7229009
7218546
7216436
7206359
7043545
7005453
7005379
7004848
7004258
7003695
6999406
6995583
6995582
6995581
6995577
6995515
6995160
6952645
6942533
6938426
6936959
6936409
6936408
6936407
6936405
6936122
6936121
6936120
6936119
6936088
6936087
6935039
6935037
6935036
6935033
6935032
6934744
6934740
6934614
6931989
6931704
6931703
6931486
6931485
6931484
6931209
6931208
6931207
6931205
6931164
6931163
6931160
6931121
6931112
6930619
6780477
6780473
6778681
6777860
6774617
6772767
6772755
6772700
6447098
6249905
6156962
6250066
6769549
6105721
6106201
6106197
6992819
6930285
7470565
7454761
7443279
7421095
7416989
7416251
7416244
7416240
7399381
7389845
7208983
7043544
7019965
7008444
7005657
7005656
7001570
6998751
6998450
6996850
6996223
6995463
6995460
6993512
6992592
6991677
6991675
6991674
6966636
6943880
6943879
6940343
6940106
6939609
6938536
6937012
6936948
6936835
6936834
6936832
6936788
6936243
6936238
6935514
6935435
6935254
6935252
6934906
6934901
6934454
6934227
6934008
6933622
6933620
6931914
6931881
6931879
6931655
6931441
6931426
6931425
6931422
6931421
6930605
6930604
6930481
6930479
6930476
6930433
6930172
6930170
6929921
6929917
6929821
6929810
6929807
6777477
6777476
6776706
6772991
6772577
6771729
6770416
6446889
6260904
6216574
6156992
7466932
28304974
7436804
7436496
7436238
7431241
7415568
7415567
7413799
7411594
7410601
7410069
7401026
7395372
7371600
7213243
7008442
7008190
7007105
7004921
7004793
7000854
7000853
6998445
6993653
6993237
6991580
6991578
6989981
6941486
6940336
6938142
6936231
6936113
6936112
6935312
6935157
6935091
6934896
6933722
6933164
6933163
6933162
6933161
6933160
6932668
6932667
6932084
6932082
6931339
6930734
6930723
6930470
6930386
6930377
6930376
6930343
6930329
6930069
6929840
6929839
6929836
6929288
6929287
6777317
6773887
6770316
6770315
6769570
6768782
6446785
6251796
6155258
6108835
6994405
6247055
28309531
7410190
7396345
7388591
7387197
7386612
7373428
7043538
7005654
7005373
7004846
7004843
7000311
6999820
6995563
6994402
6992564
6992069
6991625
6991560
6991388
6990140
6989258
6988580
6988579
6988578
6988576
6988575
6988493
6988478
6950832
6937888
6936929
6935623
6935512
6935509
6935360
6935358
6935174
6935029
6934974
6934883
6933203
6932693
6931648
6931402
6931401
6931399
6931197
6931196
6929916
6929915
6929913
6929799
6929798
6929467
6929460
6929161
6928956
6928912
6928911
6928909
6776246
6775585
6770694
6768298
6767768
6445860
6302588
6245117
6155464
6154419
6995301
7470558
7421051
7416986
7413314
7408330
7385274
7385273
7373333
7372795
7362376
7360946
7240666
7008437
7000310
6997013
6997012
6997011
6997010
6996092
6988245
6988241
6987386
6987383
6987381
6986890
6966944
6944866
6939623
6936444
6934844
6934062
6934058
6932696
6932635
6932296
6931814
6931811
6931810
6931806
6931805
6931685
6930966
6930965
6930964
6929795
6929792
6929261
6929260
6929168
6928950
6928896
6928837
6928831
6928830
6928744
6928741
6928739
6928738
6928584
6928583
6928582
6928479
6928477
6928462
6777112
6773900
6769975
6767634
6767214
6766960
6766958
6246568
6246163
6245184
6243068
6216573
6157775
6107011
6986656
6928779
6928778
7189466
6994376
24386687
7386608
7386602
7385944
7378859
7378185
7369795
7358329
7354209
7043536
7005280
7001568
7000313
6997958
6997419
6997418
6996940
6996090
6996089
6989871
6988569
6988337
6987879
6987877
6987350
6987349
6986464
6967620
6950894
6950883
6937492
6937490
6937489
6937144
6935527
6935505
6935302
6933650
6933643
6933119
6932317
6932307
6932133
6932075
6931797
6931679
6931671
6931072
6931069
6930351
6929612
6929593
6928946
6928858
6928806
6928805
6928452
6928451
6928448
6928447
6928310
6928300
6928299
6928276
6928198
6928195
6928194
6928193
6928190
6928171
6928170
6928169
6780947
6780945
6768864
6245668
6161198
6104402
7352302
6986883
6928361
6445074
6986156
6928101
24386686
7416512
7396827
7389686
7380545
7358236
7356407
7354995
7352442
7349997
7043534
7008965
7003409
7000569
7000567
6997003
6989647
6989548
6988468
6988466
6986782
6986421
6986419
6985969
6985953
6952343
6938556
6937334
6937328
6936819
6935789
6935345
6933980
6933599
6933116
6932628
6932627
6932306
6932126
6931789
6931783
6931781
6931774
6931773
6931767
6931766
6931763
6931761
6931757
6931751
6931056
6930254
6929255
6929245
6929244
6929243
6929242
6929183
6929088
6929087
6928855
6928474
6928346
6928345
6928296
6928290
6928288
6928153
6928027
6928017
6928001
6927999
6927997
6927991
6769830
6447590
6445164
6243363
6154275
6106919
6768460
7355064
19300674
7470546
7469945
7469934
7468374
7467875
7467225
7458834
7448370
7445946
7443705
7443704
7443689
7439481
7436330
7431924
7420782
7416937
7416496
7416495
7415404
7409082
7405531
7405519
7405433
7403738
7398829
7395911
7395902
7395444
7394388
7393446
7392738
7388888
7386251
7386157
7386155
7384756
7378574
7377929
7375823
7364776
7363158
7363155
7363102
7357579
7353090
7351472
7351467
7346051
7336312
7323413
7304094
7289983
7289982
7271996
7255398
7235263
7234553
7228879
7224445
7224186
7223413
7213966
7203475
7188887
7188719
7041157
7027003
7022444
7020144
7017667
7017665
7017656
7017647
7015806
7015544
7012507
7012505
7008563
7008141
7005017
7000564
7000563
6998056
6996818
6994701
6992521
6988020
6987235
6987105
6985670
6985668
6985625
6971479
6971308
6970965
6967809
6961045
6953683
6953681
6953676
6953672
6953670
6953669
6952634
6949504
6948246
6948241
6944127
6944012
6944008
6944007
6944005
6944002
6944000
6943991
6943923
6943204
6941359
6941358
6941232
6940528
6940525
6940524
6940418
6940417
6940416
6939065
6939063
6939061
6938993
6938874
6938754
6938745
6938591
6938118
6937925
6937099
6937097
6937096
6937088
6936966
6936815
6936810
6936590
6936581
6936575
6936439
6936126
6936057
6935997
6935952
6935737
6935732
6935724
6935427
6935330
6935327
6935326
6934728
6934727
6934724
6934723
6934639
6933708
6933705
6933704
6933637
6933588
6933307
6933304
6932622
6932352
6932346
6932340
6932329
6932117
6932111
6932109
6932049
6932047
6931740
6931736
6931730
6931722
6931717
6931713
6931565
6931564
6931561
6931557
6931006
6930955
6930696
6929732
6929646
6929641
6929638
6929637
6929222
6929138
6929134
6929133
6928796
6928706
6928704
6928469
6928443
6928440
6928439
6928349
6928134
6928087
6928084
6928067
6927990
6927989
6927973
6927947
6927946
6927945
6927943
6927906
6927894
6927858
6806947
6780746
6778083
6777495
6775780
6774569
6773634
6773287
6772718
6772511
6769292
6768299
6767822
6767820
6766690
6755448
6452769
6452002
6451108
6451107
6451105
6451104
6450499
6450494
6449800
6449799
6447967
6447966
6446962
6445966
6445965
6259717
6258760
6257316
6255917
6255508
6254190
6244375
6243448
6243447
6164199
6159266
6157801
6157795
6156560
6153923
6153082
6121678
6110591
6109009
6105948
6103616
6101280
