31992017
31991959
31986848
29538929
28054851
20841116
6889026
6885044
6874896
6874894
6874426
6869504
6869498
6866993
6863036
6862325
6859542
6858604
6852930
6850790
6850763
6850399
6847321
6839190
6839189
6838959
6832203
6830550
6830172
6826576
6826123
6823788
6823684
6686634
6684934
6682988
6680737
6678525
6672833
6671025
6670527
6670285
6669948
6666535
6664980
6662909
6662284
6661756
6661524
6661521
6660549
6651543
6647454
6644229
6643522
6642177
6639610
6635609
6631755
6619277
6619275
6619274
6609732
6604252
6603559
6599788
6599608
6598252
6597517
6593292
6592851
6592807
6592686
6592685
6591782
6591553
6591303
6591174
6591173
6589714
6589308
6587468
6586224
6585133
6585131
6584638
6584502
6584413
6584094
6583076
6582821
6582820
6582817
6582655
6582467
6582466
6582457
6581766
6581764
6581760
6581627
6580853
6580851
6580754
6580253
6580155
6580152
6580110
6580102
6580076
6580075
6580073
6579917
6579905
6579904
6579902
6579897
6579896
6579833
6579831
6579830
6579829
6579677
6579675
6579674
6579526
6578768
6578766
6578758
6578757
6578756
6577373
6576820
6576739
6576601
6576598
6576597
6576553
6576491
6575749
6575748
6575581
6575571
6575569
6575463
6575461
6575457
6575454
6575453
6575102
6574738
6574735
6574610
6574432
6574166
6573960
6573862
6573779
6573707
6573705
6573698
6573563
6573557
6573556
6573403
6573196
6572792
6572636
6572635
6572634
6572633
6572632
6572455
6572443
6572439
6572435
6572430
6572352
6572256
6572255
6572253
6572242
6571890
6571860
6571858
6571856
6571855
6571811
6571769
6571736
6426244
6425139
6425125
6425123
6420787
6416619
6416328
6414445
6411048
6407925
6406284
6403498
6402845
6401872
6401698
6401401
6386670
6386669
6386667
6385157
6372907
6371758
6371757
6369952
6368848
6368338
6368337
6367128
6365777
6364111
6364110
6364109
6364107
6364097
6364096
6364095
6364094
6363183
6362744
6362742
6362741
6362049
6361985
6361907
6357759
6357160
6357159
6355329
6354156
6354154
6352255
6351484
6348184
6348070
6347746
6347384
6347144
6346473
6346312
6344344
6344034
6339568
6338638
6338587
6338441
6338205
6338203
6338202
6338181
6337925
6337388
6337251
6337250
6337247
6336596
6330834
6318709
6318525
6312725
6305319
6301903
6296378
6236412
6234723
6231797
6229105
6227169
6227164
6224371
6223615
6222563
6222558
6219475
6201820
6196007
6195834
6194654
6190470
6186721
6186666
6140236
6138020
6137427
6137072
6131680
6131082
6963221
6762958
6962004
6763001
7168228
7168164
6128630
7150955
6964724
7181144
7173132
7171001
7170623
7167080
7166601
7160953
7158636
7155235
7152665
6964861
6964716
6964709
6964412
6964329
6964328
6964195
6963327
6963270
6963269
6962817
6962809
6962478
6962273
6961976
6961819
6961817
6961577
6961552
6961511
6961346
6961345
6961161
6961021
6960970
6960051
6960050
6960043
6958713
6958711
6958703
6958702
6820794
6820760
6820010
6820009
6819350
6764576
6763906
6763347
6763247
6763075
6762099
6762098
6762096
6761272
6760725
6760724
6760395
6760394
6759636
6759557
6296349
6222691
6219448
6190522
6186770
6183302
6133410
6132952
6130108
6891523
7171603
7147106
6959628
21286543
7181439
7174715
7172287
7170038
7170036
7164125
7158662
7155622
7155621
7155620
7141708
6964762
6964702
6964698
6964696
6964353
6964313
6964310
6964307
6964305
6964178
6963556
6963415
6963379
6962961
6962341
6962328
6961813
6961812
6961811
6961808
6961601
6961592
6961585
6961582
6961331
6961186
6961183
6961048
6960987
6960478
6960316
6960315
6960308
6960169
6960165
6960162
6960161
6960160
6960158
6960127
6960126
6960073
6960030
6960025
6960024
6960023
6960022
6960021
6960020
6959810
6959804
6958866
6958862
6925300
6890171
6763786
6763784
6763418
6763245
6763180
6761737
6760722
6759128
6757279
6757278
6756131
6754911
6754910
6753700
6752358
6228047
6217306
6760608
6961691
7184484
7177676
7176213
7175641
7157922
7148063
7143016
7142385
7141698
7125319
7123221
6964898
6964847
6964633
6964559
6964553
6964464
6964404
6964321
6964163
6964089
6964083
6963601
6963414
6963376
6962693
6962690
6962102
6961828
6961800
6960466
6960465
6960463
6959352
6959202
6959062
6959059
6959058
6958858
6958856
6958854
6958851
6958415
6958414
6958407
6958406
6958405
6958327
6957604
6957600
6957596
6957469
6957468
6957465
6957463
6956605
6956603
6927573
6818170
6818169
6818167
6764585
6764557
6763416
6763242
6762418
6762417
6762191
6760721
6760332
6756936
6755699
6754904
6754482
6754475
6754338
6752385
6752384
6752129
6749923
6749921
6298018
6292388
6288346
6218129
6216257
6127045
6125257
6128647
6963249
6751359
6291154
7201754
7188282
7186550
7180440
7175749
7159260
7150106
7137866
7137223
7118023
7115192
7114597
7051059
6984749
6982910
6964801
6964798
6964797
6964422
6964375
6964140
6964133
6963587
6963405
6963403
6963280
6962675
6962265
6962198
6962108
6961797
6961795
6961674
6961669
6961167
6961031
6961027
6961007
6960995
6960561
6960523
6960296
6960234
6960110
6960102
6959996
6959995
6959728
6959402
6959395
6959347
6958689
6958688
6958687
6958685
6958683
6958653
6958314
6957593
6957591
6957576
6957574
6957569
6957539
6957538
6957537
6957452
6957451
6957428
6957424
6956721
6956720
6818731
6818730
6813792
6765037
6764947
6764560
6763044
6762606
6762604
6761739
6760720
6760118
6759100
6757348
6755609
6754766
6754765
6753599
6752243
6750100
6750093
6750089
6750087
6219164
6218292
6216216
6131402
6128991
7107568
6758413
7101079
6957208
30081616
7165928
7142960
7137291
7124931
7105603
7050359
7050358
6981487
6964842
6964693
6963986
6962556
6961788
6961784
6961783
6960864
6960860
6960490
6959189
6958790
6958788
6958629
6957968
6957967
6957623
6957305
6957295
6957290
6956841
6956838
6956715
6956621
6956483
6956482
6956480
6956479
6956478
6955516
6818263
6818259
6815118
6815111
6814519
6811989
6809920
6809919
6763240
6762006
6753102
6751792
6292586
6291065
6285688
6213687
6187109
6125593
6956352
6960603
6959440
7147384
28305057
7150854
7144418
7137725
7134651
7131654
7122110
7118761
7114903
7107655
7104161
7095680
7095677
7091796
7091227
7084385
7050350
7049227
6985300
6964808
6964679
6964675
6964541
6964538
6964367
6964120
6964116
6964113
6963647
6963595
6963584
6961778
6961774
6961773
6961376
6961368
6960559
6960486
6960485
6959549
6959548
6959547
6958964
6958833
6958758
6958118
6958110
6958109
6957588
6957327
6957049
6957042
6957019
6957012
6957011
6956818
6956712
6956710
6956592
6956590
6955511
6955504
6955493
6955486
6955435
6955369
6953199
6889746
6818727
6809921
6806967
6764782
6763820
6753249
6752489
6752369
6750823
6750822
6291103
6288635
6286686
6217322
6215792
6128010
6125555
6125425
6125421
6980655
7135619
7112522
6213931
6810092
6963245
6754284
30086602
28311751
24386688
7176157
7139364
7136809
7121009
7117646
7107333
7079401
7050340
7047726
7047722
7047720
7047615
7047613
7045183
6981218
6964772
6964769
6964174
6960735
6960734
6960552
6959875
6959787
6958553
6958232
6958093
6957911
6957839
6957580
6957510
6957509
6957506
6957505
6957498
6957494
6956990
6956640
6956571
6956569
6956547
6955933
6955932
6955500
6955499
6955498
6955497
6955428
6955122
6955121
6955120
6954958
6954445
6954444
6954434
6954192
6953121
6953114
6953113
6813277
6813275
6810849
6810848
6810447
6755962
6755078
6754967
6753248
6753247
6752313
6749694
6749693
6749692
6284895
6215370
6214511
6127369
30096970
7199871
7131729
7124918
7124915
7104897
7096868
7096563
7095056
7093556
7085687
7072999
7050284
7049750
7048439
7047698
7047578
7047577
7047069
7045343
7045336
7045335
7045333
7045175
6978357
6964873
6964648
6964094
6964091
6963701
6963683
6963682
6963422
6961088
6961085
6961011
6960728
6958941
6957417
6957065
6956244
6956153
6956016
6956015
6955945
6955423
6955421
6955317
6955192
6955176
6955065
6955056
6954580
6954579
6954427
6954260
6954259
6954257
6954167
6954166
6954161
6954160
6953242
6953240
6953237
6953228
6953226
6953187
6953081
6953080
6953078
6953077
6952764
6951865
6951864
6951851
6809289
6808596
6806339
6759297
6758600
6758597
6755711
6284849
6281720
6214050
6211528
6178759
6128990
7082999
7082998
7049610
7103611
7099700
7098152
7096227
7091017
7082891
7082802
7082564
7076902
7072987
7072744
7069122
7066992
7066283
7051442
7049055
7049010
7048208
7040638
7040637
6978028
6964790
6964593
6962772
6962768
6961569
6961196
6960718
6959870
6959528
6956184
6955962
6954863
6954651
6952978
6952974
6952973
6952971
6952970
6952160
6952154
6952152
6952150
6951995
6951624
6951262
6951255
6951253
6951035
6950978
6920344
6918535
6809672
6804398
6802945
6751445
6281434
6281193
6182753
6175737
6126048
6121547
6956129
6955585
6953309
30096975
30089350
7114194
7106881
7088015
7084754
7081950
7069355
7068895
7064944
7051632
7050269
7049505
7047659
7045177
7042578
7040631
7040630
7039781
7037888
6962366
6962365
6962188
6962187
6960711
6960710
6960706
6960571
6960242
6959866
6959538
6959536
6958458
6958457
6956678
6956677
6956541
6956128
6956094
6955887
6955413
6955405
6955400
6955399
6954603
6954220
6953639
6953636
6953573
6953571
6953071
6953069
6952591
6951911
6951841
6951838
6951645
6951230
6951029
6951027
6950346
6950344
6950089
6950069
6949980
6949945
6949940
6810702
6805919
6804164
6760018
6754342
6754341
6461751
6212665
6212659
6128989
6126021
6125989
7059842
6956125
6805866
7071577
6956137
17842407
17842406
6949602
7103692
7087818
7087250
7086881
7084931
7070621
7069437
7068457
7062345
7056576
7051326
7048429
7042311
7042307
7038088
7036032
7035659
7035655
7035654
7035647
7035522
7035521
6958936
6956269
6956029
6955955
6955950
6955949
6954683
6954567
6953329
6952551
6952545
6952543
6951708
6951702
6951695
6951294
6951293
6951292
6951290
6951289
6950084
6950083
6950050
6950020
6950018
6950017
6949665
6949664
6949121
6949077
6948862
6948854
6811457
6811455
6800684
6758594
6758593
6758592
6120188
7043843
6797662
6954707
6951584
32197560
32192245
31995901
31991999
7188229
7188214
7183212
7182733
7181378
7178065
7178062
7174781
7174777
7174775
7169841
7167777
7167776
7163270
7162837
7162296
7160916
7160785
7160452
7158810
7158802
7158787
7158470
7158282
7158028
7156156
7156133
7152227
7148553
7148552
7146089
7139106
7130355
7129251
7128068
7122570
7120348
7118258
7115135
7111374
7103102
7095038
7078142
7073221
7073194
7068317
7068053
7063892
7058259
7055747
7055739
7052031
7051324
7051271
7048396
7042870
7042869
7042864
7042495
7042372
7040152
7039583
7037907
7037865
7035093
7033513
7033512
6984279
6984218
6980411
6978540
6965266
6964935
6964749
6964733
6964443
6963885
6963882
6963880
6963870
6963782
6963781
6963780
6963773
6963770
6963769
6963766
6963765
6963635
6963469
6963103
6963007
6962983
6962981
6962749
6962745
6962668
6962667
6962581
6962360
6961916
6961909
6961907
6961905
6961904
6961902
6961901
6961897
6961896
6961504
6961503
6961501
6961392
6961327
6961231
6960695
6960694
6960693
6960676
6960665
6960662
6960661
6960656
6960634
6960633
6960588
6960578
6960501
6960500
6960499
6960241
6960095
6960086
6959078
6958223
6958171
6958169
6958168
6958167
6958164
6957061
6956642
6956264
6956258
6956255
6956254
6956251
6956250
6956079
6955990
6955985
6955160
6955152
6955147
6955041
6955034
6954832
6954830
6954828
6954230
6954172
6954171
6954132
6954121
6954002
6953951
6953948
6953946
6953944
6953938
6953936
6953935
6953019
6952831
6952828
6952825
6952651
6952597
6951529
6951527
6951525
6951314
6951313
6951305
6950682
6950676
6950645
6950642
6950641
6950557
6950533
6950527
6950258
6950212
6950209
6950075
6949969
6949961
6949926
6949925
6949757
6948949
6948947
6948945
6948903
6948621
6948116
6948111
6897319
6892169
6891381
6890943
6890052
6820758
6818874
6816016
6815318
6814349
6810857
6808655
6805450
6802731
6802465
6799637
6765306
6765184
6764935
6763467
6763298
6762655
6762648
6761885
6760839
6760688
6760165
6760156
6759280
6757921
6755421
6754484
6754384
6753597
6753168
6461105
6460857
6295678
6293679
6274799
6225317
6217538
6216690
6215800
6211865
6211535
6200910
6186161
6183240
6180660
6179899
6177669
6137037
6129268
6126077
6122727
6122459
