20301329
20301306
20301293
20301634
20301316
27303454
18055035
19254051
17888682
20614625
18087764
18084810
18080149
18074164
18038180
17945040
17892607
23745055
18947816
17957333
17952486
17952484
17891550
17643338
18788864
18725032
18177463
18004622
18061521
17976758
22062912
18616371
18164052
18155759
18022296
17936670
17891447
17786500
17764026
17659428
17641927
18249004
18157510
18086169
18086142
18061255
18060565
18049449
18040728
18027005
18027004
18006051
17976937
17964644
17942339
17822852
18164148
18166200
24179340
18093227
18078367
17940783
17922079
17919952
17767951
17727943
17727942
17709133
17681594
17600751
17586066
17949930
18203667
18086145
18081804
18081802
18076781
18042222
18040074
18035447
18022672
18021315
18021259
17899311
17897851
17764979
17701103
17688934
17673282
17520172
17483982
17467126
18063491
17764861
18291271
18272407
18081812
18081809
18081808
18081806
18078704
18075784
18061493
18061491
18061168
18042363
18042223
18037388
18005042
18001820
17979967
17973976
17938977
17896116
17876612
17849118
17697707
17690921
17669485
17669480
17636353
17619915
17541731
17476528
17434785
17574361
17560060
18156176
18054952
18054913
18003637
18155840
18045880
18163612
18215671
18215667
18215666
18194206
18179424
18162275
18096205
18085439
18082232
18081860
18070120
18063434
18060858
18060429
18054250
18049824
18048081
18047490
18045653
18045652
18045651
18045650
18045649
18042224
18039337
18037472
18034269
18032126
18031712
18023247
18005337
18005045
18005044
18000684
17998568
17989121
17981260
17977511
17971123
17971121
17971113
17971112
17964529
17961499
17961186
17959936
17956562
17943420
17942069
17920032
17919819
17805514
17804200
17786571
17786424
17764987
17764984
17665114
17651382
17619991
17619976
17613261
17604662
17559926
17544103
17418619
17329134
18006370
17548179
17540524
17532585
18001709
18084191
17935757
17910978
18082678
17478067
17459627
17827053
33001603
24265640
24265639
24265638
24265637
24265636
24265634
23285327
23285325
23285323
22022218
21998492
20467637
20142937
20142883
20142881
20142880
20142879
20142877
20102240
20054181
20037676
19839519
19839518
19839517
19839516
19740071
19655548
19655546
19655544
19641756
19641755
19634541
19627767
19626801
19626795
19626789
19626786
19561875
19493512
19480301
19469278
19408524
19385506
19374246
19374240
19374239
19374238
19374229
19374228
19366085
19360605
19358385
19358384
19358383
19358380
19358379
19358377
19358376
19358374
19358371
19350059
19350058
19301517
19301516
19301515
19301514
19301513
19301512
19294242
19294237
19291465
19278086
19278085
19278083
19278080
19278079
19271682
19271681
19227691
19227689
19227688
19227687
19223714
19223711
19223710
19216417
19216315
19216314
19216310
19216309
19212513
19212511
19212509
19212505
19212503
19209413
19205533
19192593
19189742
19189590
19181214
19180323
19180320
19180319
19180317
19178101
19178099
19178097
19178093
19178092
19178091
19178090
19177848
19177847
19172920
19172917
19172916
19170292
19163602
19163290
19163212
19163038
19162700
19156101
19156099
19151679
19146017
19146014
19146012
19133489
19127820
19127819
19127816
19127813
19127030
19127027
19127024
19119580
19119578
19119574
19119573
19119571
19119548
19116665
19097392
19095582
19089293
19089292
19089291
19089289
19089288
19089285
19089284
19089281
19088910
19088889
19088880
19088877
19085239
19083786
19075455
19075454
19075452
19075451
19075450
19051351
19050796
19024200
19024184
19016639
19008831
19008830
19008829
19001842
18998581
18998580
18997466
18985159
18974859
18974837
18974544
18974542
18974539
18974537
18973081
18959356
18953750
18949301
18949299
18949298
18949297
18949295
18949294
18942356
18932043
18927568
18927564
18852918
18846976
18841752
18841748
18841744
18841742
18841741
18841739
18837757
18837755
18837753
18837751
18833130
18832828
18832827
18827418
18819449
18818164
18800565
18800564
18800563
18798477
18792846
18787980
18781972
18781068
18780568
18780567
18780566
18780561
18780559
18780558
18768002
18767996
18767994
18763691
18763689
18763688
18763687
18763686
18763193
18763175
18758688
18754538
18753749
18720646
18720048
18720047
18717454
18717452
18717044
18716971
18715362
18709310
18708739
18701823
18701822
18700335
18700334
18688569
18683664
18672605
18672604
18672588
18666021
18663300
18663299
18663298
18661801
18661800
18654894
18647575
18646368
18646366
18646365
18646364
18646363
18637395
18637388
18637387
18637386
18637315
18618337
18616077
18614442
18612793
18604124
18599413
18584006
18584004
18584001
18581775
18577916
18572169
18568234
18568232
18568231
18568229
18568226
18568222
18568221
18567460
18565421
18557472
18557459
18557458
18551221
18551219
18551218
18551213
18551212
18551211
18551209
18551208
18544234
18540519
18540517
18533984
18533975
18523398
18523388
18523384
18523370
18522347
18522345
18522344
18522341
18522340
18516326
18512357
18510039
18509989
18508063
18507771
18507089
18505659
18505658
18505657
18505656
18505654
18505653
18505652
18505651
18505650
18505649
18505648
18505647
18505646
18505644
18505642
18500621
18500159
18500158
18500157
18500156
18500155
18500154
18500153
18500152
18497189
18494159
18491670
18473089
18463825
18459675
18459672
18459249
18457275
18454116
18454113
18446825
18446025
18444016
18443405
18438560
18438557
18437843
18437842
18435002
18431868
18427483
18427368
18425252
18425249
18425248
18425244
18425243
18425242
18425240
18422055
18420397
18417868
18416418
18416412
18413271
18413266
18412572
18402380
18402376
18402103
18402101
18402100
18402098
18402097
18402095
18402094
18402093
18399309
18399308
18399307
18399306
18399305
18399303
18396391
18392519
18391368
18391290
18390244
18390242
18389686
18389682
18389680
18389679
18389678
18389676
18389674
18389673
18380969
18380847
18380845
18380843
18380839
18379723
18379160
18377761
18376018
18373745
18368828
18364693
18364692
18364691
18364690
18364689
18364688
18364686
18364685
18364684
18364683
18363287
18363286
18361337
18361040
18355400
18354912
18350948
18350947
18350944
18345503
18345502
18335740
18335739
18335738
18335737
18335736
18335735
18335734
18335733
18335731
18335730
18335728
18335727
18333596
18333593
18330782
18328490
18326243
18319589
18315377
18313908
18309623
18309611
18306937
18302853
18300031
18293835
18293762
18292649
18292644
18292643
18290528
18290520
18288986
18287790
18286443
18285740
18283959
18279238
18277722
18277719
18277693
18277692
18273515
18271832
18271772
18271770
18269813
18269806
18265733
18257469
18254567
18254565
18254564
18254561
18254559
18254389
18250581
18248338
18245928
18245918
18245916
18237343
18237340
18237336
18237334
18231710
18226886
18217865
18216702
18216690
18216683
18215749
18215104
18215102
18215093
18215008
18213461
18213457
18209836
18204264
18204251
18198059
18195538
18195253
18195252
18195251
18195250
18195151
18193975
18193972
18193971
18193967
18193962
18193954
18193953
18193950
18192577
18192333
18191864
18190359
18190357
18186032
18184353
18184143
18182183
18181936
18181935
18181934
18181933
18181932
18181931
18181930
18181929
18181928
18181891
18179469
18179468
18176652
18176651
18176649
18176648
18176647
18176646
18176645
18176223
18176050
18175029
18174081
18174080
18174079
18174074
18174065
18174064
18173570
18173452
18173450
18173447
18173399
18172782
18172239
18172237
18167487
18167485
18167480
18167479
18167478
18167394
18167386
18166099
18166094
18166092
18165588
18165587
18165142
18164675
18157049
18155605
18155601
18155506
18155505
18155504
18155501
18155500
18155498
18155497
18155496
18155493
18155491
18155487
18155483
18155482
18154575
18154574
18097049
18096895
18089935
18089456
18086028
18086027
18086026
18086025
18086021
18085627
18083656
18083435
18083420
18083415
18082386
18081355
18079034
18078696
18077585
18069113
18068887
18066921
18063865
18061333
18058914
18050377
18048798
18045766
18045765
18042985
18037555
18033778
18023993
18023734
18022749
18022614
18021263
18020303
18006206
18005046
17998778
17981604
17981285
17979966
17971114
17964785
17959825
17957093
17956569
17956568
17956565
17951029
17950685
17949727
17949254
17944966
17944965
17943445
17942342
17941101
17938970
17931366
17927736
17927734
17927733
17923176
17920033
17920031
17916902
17916069
17916068
17913461
17881310
17878733
17825244
17803954
17786996
17765268
17719706
17703893
17656135
17647006
17644083
17618138
17614232
17604658
17587506
17583396
17577634
17560048
17494958
17481724
17471521
17442388
17420043
17361391
17320404
19551068
18084214
18084212
18154672
18154658
18097400
18096042
18077342
18000967
17886885
17881652
17855448
17663003
17620302
17940283
17921454
17604857
18075580
19551007
18067684
18065981
17891115
17911054
18053267
17949883
18032604
18024593
23120487
21503246
21499489
20614264
19674709
19652672
19089194
19089193
19089192
19089191
19089190
19089184
19089181
18564653
18524323
18476554
18476553
18476552
18472530
18472529
18472528
18472525
18402313
18386329
18386326
18386325
18386324
18386323
18383805
18383613
18383612
18380031
18380030
18380028
18380026
18380024
18380022
18380021
18380019
18380018
18380017
18369030
18369028
18361202
18361201
18361200
18345273
18330282
18309860
18309857
18309856
18309855
18309854
18306641
18306640
18306636
18306635
18306630
18306628
18306626
18306622
18306621
18306618
18306615
18283856
18278424
18278421
18278420
18278415
18278411
18278408
18275695
18274031
18274030
18271444
18269132
18269131
18269130
18269127
18269125
18269124
18265778
18265774
18265710
18265708
18265691
18265690
18265689
18265683
18265681
18265680
18246965
18246872
18246846
18246843
18246840
18236930
18236928
18236927
18236925
18232474
18231760
18217464
18217453
18217452
18202541
18198777
18198025
18196830
18196828
18196827
18196825
18196760
18195520
18195518
18195517
18195509
18195506
18186170
18183688
18183686
18183685
18179393
18173523
18163854
18163853
18159719
18159008
18158754
18158753
18158752
18158751
18097795
18096883
18092589
18092455
18092452
18092446
18091169
18084182
18082119
18082116
18082035
18081066
18080927
18076855
18076852
18076851
18076850
18076849
18076848
18076581
18076580
18076577
18068607
18068606
18068601
18068599
18068597
18068595
18068592
18068590
18068589
18065637
18061739
18061737
18061736
18061735
18059250
18059249
18056105
18056098
18055910
18052712
18052706
18052698
18052697
18052695
18052694
18052693
18043022
18042824
18042823
18042821
18039637
18039292
18039287
18039284
18037875
18037658
18037655
18037654
18037650
18037649
18037648
18037062
18037058
18037056
18037055
18037052
18037051
18037048
18037047
18037046
18034677
18034675
18033947
18033945
18033942
18031444
18031442
18031441
18028078
18028059
18028058
18028051
18028050
18028049
18028048
18023926
18022461
18021344
17999737
17999732
17999730
17993843
17992495
17991250
17991246
17991241
17991240
17991239
17991238
17991237
17991236
17991235
17991234
17991233
17991232
17991231
17987329
17980951
17973129
17971546
17971353
17966071
17965826
17964566
17962315
17961903
17961902
17961901
17953694
17953693
17950981
17949345
17949344
17949342
17947350
17942346
17942335
17942334
17938968
17935155
17935154
17931765
17931389
17931387
17928168
17924972
17916067
17915275
17906880
17906309
17904722
17901984
17900641
17899211
17888476
17888019
17888016
17887998
17883402
17878188
17878187
17878185
17878184
17870156
17868376
17825552
17720554
17708777
17706438
17706269
17690923
17690922
17686453
17683833
17679105
17679104
17673160
17671774
17670802
17669472
17651970
17641134
17640613
17629458
17609998
17607712
17598135
17593406
17576606
17574482
17570054
17569004
17562141
17530305
17522900
17522899
17499880
17428694
17400542
17379296
17353046
17349688
17339048
17316781
17931786
17923110
18037843
17555776
18030355
17923346
17845800
17872914
17761691
17655871
17320326
17320321
17957296
17983481
18020033
17983476
17976246
18813505
18813504
18683802
18666615
18666612
18500106
18405091
18376426
18360103
18307930
18307926
18307918
18278326
18271382
18271379
18271377
18271372
18261268
18257651
18254424
18254423
18254418
18254417
18254416
18254415
18254414
18246996
18246995
18246264
18225581
18224579
18219867
18203495
18203494
18203485
18203483
18200795
18200793
18200792
18200791
18200787
18200786
18198039
18197325
18197324
18197323
18197322
18197321
18197319
18186223
18181323
18181306
18177197
18175892
18163834
18160759
18159755
18091716
18091715
18091714
18091713
18088899
18087931
18087928
18086435
18085923
18085111
18080483
18069513
18069512
18069511
18069510
18069508
18069506
18069504
18069374
18069373
18069371
18069370
18069362
18064786
18064785
18051987
18051013
18051011
18051010
18051009
18051008
18051006
18051005
18051004
18051002
18051001
18050974
18050577
18047188
18046943
18040180
18035997
18032861
18028135
18023074
18022006
18021828
18021825
18021824
18021822
18005846
18005845
18005843
18005842
18005839
18005838
18005837
18005836
18005832
18005829
18005827
18005824
18004933
18004930
18004929
18004925
18004920
18004918
18004914
18004908
17994420
17994162
17994160
17994159
17994158
17994156
17994155
17994154
17994152
17994150
17993911
17993880
17993878
17993876
17990038
17987658
17984684
17981857
17978781
17978772
17975997
17974645
17974642
17974641
17973693
17973689
17973686
17973685
17971577
17971570
17970690
17970689
17970683
17970680
17970677
17970676
17970671
17970585
17968308
17967586
17965979
17965356
17964474
17963969
17963967
17963966
17963964
17963963
17963962
17963959
17963951
17963950
17963949
17963948
17963947
17963946
17959962
17959907
17959906
17959905
17959902
17959897
17957570
17957327
17956486
17956430
17954327
17954321
17951031
17948256
17940179
17940173
17935559
17935503
17935500
17935498
17934889
17927632
17924345
17923225
17922710
17920103
17919670
17919253
17919252
17919249
17919247
17917930
17917818
17913326
17888937
17888050
17878071
17877744
17877723
17877722
17877721
17869403
17868272
17851676
17850887
17850355
17850286
17846805
17828424
17825465
17785509
17785445
17766026
17764460
17764459
17764458
17724391
17720781
17717711
17703964
17690896
17672837
17672834
17672832
17656129
17643385
17632795
17632792
17629747
17624655
17617372
17583671
17582451
17560183
17559530
17549508
17516463
17462684
17453230
17448706
17410570
17394214
17385219
17334676
17296218
17294519
17267029
17207525
17188528
16973402
17915947
17965684
17965683
17698853
17957246
17686729
17699513
17945014
17940571
17943907
17943862
17943848
17943824
17943814
17943800
17941981
18090092
17938675
17656375
17934425
17660753
17704518
17446442
18018373
17916236
17970157
17174050
27408041
24298289
24298285
24198704
23277846
23277845
22557270
21857551
19655553
19655552
19655551
19655550
19212477
19212474
19212473
19212472
19212470
19089179
19089175
19089174
19089170
19089168
19089167
19089166
19089165
18710073
18705431
18489368
18432016
18432015
18421898
18320756
18297829
18297828
18297827
18297823
18274474
18274472
18274470
18274469
18274467
18274464
18274463
18246752
18246624
18232272
18215367
18215363
18215361
18173895
18092203
18092200
18087995
18087989
18080679
18078590
18078143
18078141
18072575
18072570
18072569
18072565
18072564
18072556
18072555
18072551
18072550
18069591
18065872
18062111
18062110
18062108
18060266
18060263
18055298
18041629
18040967
18038907
18038716
18038715
18019934
18019933
18019931
18019484
18018991
18007109
18007106
18007105
18007102
18007101
18004494
18004487
18004482
18004477
18004475
18004474
18004473
18004470
18004469
17993059
17993034
17993032
17993029
17993028
17993027
17993025
17993024
17993023
17992918
17992917
17992916
17992915
17990445
17990439
17987882
17985998
17983123
17978672
17975955
17975954
17975953
17975952
17975951
17974543
17974541
17974539
17974538
17974537
17974536
17972609
17972049
17971670
17968151
17968149
17968148
17952776
17949541
17948744
17938500
17938497
17938496
17938491
17938490
17938488
17936132
17936129
17936128
17936127
17936126
17936125
17936123
17934166
17933160
17931494
17923894
17923711
17920506
17920504
17920493
17920491
17915999
17910675
17909515
17909514
17909512
17909511
17908853
17908851
17908848
17908844
17908749
17908141
17907096
17903582
17903064
17902335
17902331
17902330
17898610
17897204
17890674
17890673
17890645
17889699
17889695
17889694
17889688
17889684
17889683
17889682
17889680
17889679
17885545
17885442
17884542
17884533
17884530
17884525
17881605
17881597
17881596
17881595
17881594
17880576
17877464
17873984
17873982
17873980
17873979
17873978
17873976
17873131
17854969
17851827
17850604
17850438
17850432
17850430
17850426
17850423
17849458
17845671
17845228
17825071
17824883
17823943
17822823
17822488
17822485
17822482
17822481
17803629
17803628
17803492
17803491
17803490
17803489
17803488
17803487
17803486
17803484
17803482
17764674
17764670
17764526
17760827
17727916
17726686
17716800
17716291
17714469
17714468
17714467
17714466
17714465
17710440
17709163
17706439
17703971
17703969
17703968
17703966
17703963
17697109
17697108
17697106
17697105
17693428
17689984
17686557
17682060
17660488
17656133
17656128
17656125
17656121
17656119
17655715
17655714
17655713
17646419
17628499
17625929
17625928
17618501
17618464
17608736
17596854
17584877
17570340
17570339
17568444
17565592
17562132
17559796
17521603
17507262
17483211
17477364
17477347
17448705
17410567
17385233
17358007
17336957
17257882
17215035
17197016
17178152
17178151
17027128
17340596
17901325
17987744
17898761
17706617
17905311
17883841
17880751
17640045
19090114
17663472
17657812
17607704
17848201
17673326
17585959
17828183
17660752
17714866
21503213
20614289
19760823
19681257
19681256
19681254
19681253
19681252
19681251
19245196
18813464
18813458
18813449
18482522
18482521
18482520
18482518
18482517
18482516
18482515
18482514
18482513
18482511
18482510
18482509
18482508
18294433
18246932
18210776
18203471
18203467
18203465
18198816
18070434
18062616
18044477
18044471
18041372
18038705
18035664
18027779
18027778
18027777
18027772
18027771
18027770
18019119
17990477
17985692
17985691
17974115
17974107
17974104
17970486
17970482
17970481
17970321
17970320
17970317
17970315
17969294
17969291
17969288
17969287
17969286
17969285
17969284
17969283
17967394
17967391
17966794
17958808
17958328
17958079
17958076
17958075
17958074
17958073
17958072
17955861
17953370
17953369
17948836
17944340
17944339
17944337
17944335
17942030
17939353
17938622
17937375
17937372
17931944
17931943
17931940
17931938
17931936
17931933
17931929
17931927
17931926
17928734
17928733
17928730
17928729
17928727
17928726
17928725
17928644
17919063
17919061
17919059
17919058
17917481
17913100
17912109
17910230
17910229
17910228
17910227
17910226
17910225
17910224
17910223
17910221
17910219
17910218
17908545
17908543
17908541
17908540
17908539
17908538
17908537
17907371
17902236
17902234
17899725
17899724
17899720
17899718
17892943
17886283
17884779
17882365
17882363
17882002
17879188
17878040
17876164
17868514
17868513
17854626
17854621
17854619
17854618
17854617
17846676
17846674
17846673
17846672
17846670
17846669
17846554
17846547
17846543
17846542
17846540
17846539
17846538
17826609
17826604
17826603
17826602
17826601
17826599
17826594
17826590
17826347
17824794
17823832
17823684
17823683
17823682
17823681
17823677
17823676
17823674
17823673
17823670
17823668
17804198
17786590
17768255
17767683
17767660
17767109
17767104
17767098
17767097
17767096
17762527
17761844
17761842
17761800
17761798
17761624
17761432
17760556
17760555
17760554
17760551
17760550
17760547
17760546
17760545
17760543
17760542
17760540
17760538
17760534
17760533
17760485
17760481
17728972
17727527
17723089
17721176
17720855
17719863
17719400
17719391
17719386
17716322
17716267
17716265
17716259
17714410
17714353
17714351
17714348
17714105
17712679
17710035
17709075
17709073
17709070
17709069
17709068
17708686
17707302
17705312
17701891
17699710
17699708
17699700
17699170
17697301
17697241
17696893
17693231
17690130
17688896
17686008
17686002
17685781
17685777
17685776
17685774
17684756
17683844
17683327
17683326
17683325
17683324
17683323
17683319
17681572
17680998
17674072
17666691
17645514
17645513
17645512
17645490
17636316
17634304
17630251
17630199
17626257
17614187
17613259
17608680
17608679
17608678
17608676
17604967
17599390
17588510
17584181
17582465
17568441
17559534
17559531
17559527
17503446
17489990
17485070
17476537
17451638
17449165
17442258
17433249
17433248
17429578
17420053
17410385
17391645
17374359
17368559
17361451
17333304
17333303
17331463
17294228
17266172
17250937
17221206
17216397
17164486
17156742
17142069
17141860
17136477
17125829
17112580
17109951
17021897
16983584
17764551
17721480
17721473
17717156
17848979
17715343
17714586
17702868
17537722
17694042
17694021
17571090
17693261
17562718
17522060
17686168
17670950
17555714
17671501
19089153
19089151
19089147
19089146
19089143
19089139
18578102
18578099
18254292
18246915
18094823
18088888
18020073
18019816
18001598
18001594
18001585
17995701
17969995
17929687
17929681
17924034
17924033
17924030
17924026
17924021
17924020
17921596
17921593
17907493
17907491
17907489
17907488
17907484
17907483
17907482
17907481
17901579
17896514
17896504
17896498
17896494
17896493
17878092
17878091
17878086
17878085
17878083
17878082
17869996
17869983
17868108
17867544
17853765
17849682
17849681
17847910
17847641
17846581
17822241
17803385
17785128
17762984
17762983
17762982
17762979
17728913
17726991
17726988
17702799
17702798
17702796
17702794
17697250
17697248
17697246
17697245
17697174
17697169
17697166
17696309
17696307
17696306
17696303
17693377
17693375
17693373
17693371
17693370
17693363
17693359
17693358
17693357
17692596
17692595
17692592
17692591
17692590
17692588
17678787
17678431
17676083
17671859
17671523
17670881
17670879
17670873
17668987
17668986
17668978
17668974
17668973
17668972
17668971
17668967
17668049
17664920
17664919
17664917
17662325
17660702
17656286
17656278
17654563
17653398
17652207
17652201
17652200
17651168
17651126
17650172
17650165
17650164
17645725
17643722
17637073
17635433
17635432
17635362
17635361
17635357
17635356
17635355
17635354
17635353
17635352
17635351
17635246
17635245
17631606
17630101
17630100
17627699
17626284
17621674
17618727
17618476
17617831
17615032
17615027
17615026
17615017
17615014
17614190
17614188
17607021
17604897
17603801
17600541
17600539
17600538
17590157
17574319
17567788
17565959
17562863
17560146
17560135
17559631
17559627
17556724
17555859
17554761
17554758
17540629
17535285
17532774
17524683
17517058
17517057
17517056
17514710
17513876
17513875
17512583
17512036
17511788
17501978
17497176
17487511
17485454
17483893
17483891
17466366
17458888
17443352
17441983
17429672
17415742
17410579
17401590
17394200
17371295
17369025
17352413
17336010
17324377
17260163
17253621
17113821
17097048
17070903
17660757
17571091
17933701
17653263
17650296
17636848
17636847
17636803
17636797
17636785
17636762
17636724
17640341
17636067
17630900
17385701
17715766
17546060
17631038
17625014
17620124
17572665
17595294
17583509
29539092
29539088
29539085
24327819
24327818
24327816
24327815
24327814
24327813
23277840
23277838
22993494
21672825
21672820
21432061
19655568
19655565
19655564
19623269
19590746
19212565
19212562
19212561
19212560
19161063
19161059
19161058
19161056
19070189
18604062
18591989
18591988
18591987
18399334
18372730
18318102
18178993
18026603
18026602
18019598
17987823
17972444
17972443
17966142
17961366
17961361
17961360
17961357
17961354
17961352
17957845
17957843
17957842
17957841
17953287
17951930
17951928
17939325
17939323
17929543
17929526
17929524
17929522
17927037
17927030
17926844
17921549
17917635
17915592
17915591
17915590
17912198
17912197
17908421
17907618
17899904
17899903
17899902
17899900
17899899
17899897
17886467
17886461
17886459
17886454
17879706
17874344
17867402
17867400
17867398
17867395
17867392
17848049
17848044
17821941
17821940
17821938
17804334
17804333
17804332
17804329
17804327
17804326
17804322
17804321
17804317
17804316
17804315
17804314
17804313
17803175
17802899
17786833
17784584
17728947
17722724
17722723
17722721
17718446
17718445
17718442
17718330
17717957
17717411
17715841
17715839
17715775
17710296
17710293
17710292
17710283
17708322
17708320
17708317
17708316
17708201
17701809
17696036
17695879
17695875
17695874
17695872
17695870
17695869
17695857
17695855
17695853
17695613
17695611
17695605
17695603
17694219
17694217
17694215
17694213
17694212
17694211
17694210
17694208
17694207
17694203
17694197
17692192
17692189
17692188
17692184
17692183
17691504
17687901
17687899
17687898
17687897
17687181
17687180
17687179
17682643
17682641
17682639
17682638
17680163
17672957
17667692
17667687
17660982
17660980
17660977
17650385
17646144
17641448
17639279
17639276
17635817
17631172
17631169
17631168
17628258
17628257
17628247
17628244
17620486
17618336
17618334
17618327
17618176
17610273
17608615
17608614
17608613
17608592
17608589
17608588
17608579
17608573
17608549
17608542
17606789
17606518
17606499
17606497
17606433
17605503
17605501
17605496
17605493
17605487
17605485
17605484
17605483
17605478
17605477
17591464
17586856
17586716
17586714
17586713
17586709
17586704
17586348
17586346
17586345
17586150
17586149
17586148
17585258
17584400
17581153
17580511
17580509
17580504
17577551
17577493
17577327
17577325
17577321
17574103
17572963
17572821
17572568
17572556
17566931
17564972
17564967
17564959
17561917
17559616
17559537
17559528
17559501
17559460
17559459
17559458
17559455
17559454
17559453
17559452
17559449
17555415
17555411
17544196
17538234
17532280
17529987
17524619
17517460
17516017
17512519
17511789
17511787
17509814
17499528
17499527
17499526
17493662
17492667
17482846
17475389
17468966
17457615
17455285
17455149
17451481
17451478
17451473
17451472
17451454
17449229
17443662
17437507
17376712
17368059
17368000
17367999
17354266
17352693
17318578
17316550
17306757
17292847
17288989
17270144
17270142
17252193
17223066
17161510
17141381
17097161
17055698
16997368
16950506
16949659
16890985
16865654
16483701
17594498
17578912
17579782
17311776
19079557
17545306
17467691
17451679
17547743
28876733
23120432
19513300
19089135
19089134
19089127
19083754
17933359
17933358
17917119
17896538
17891884
17891883
17891881
17891879
17888259
17888255
17888247
17888244
17886587
17886518
17847913
17805434
17695742
17695741
17695738
17695735
17695212
17695210
17695044
17694950
17694946
17694945
17691533
17691532
17691531
17691530
17687963
17687962
17687960
17687959
17687958
17687957
17687956
17687954
17687953
17682615
17682612
17682611
17681773
17679321
17679319
17672264
17672263
17672262
17672261
17672260
17672257
17672253
17665552
17663023
17660927
17660922
17660917
17660916
17660912
17660904
17660903
17655075
17655074
17655073
17655070
17655068
17645070
17645069
17645068
17645066
17645065
17634733
17634723
17633104
17631454
17631395
17629214
17629211
17629203
17629201
17629200
17629199
17629197
17629196
17629193
17625637
17625634
17625628
17625627
17625617
17625489
17622024
17618939
17618937
17618936
17618935
17618931
17618929
17618926
17618921
17618919
17618231
17615827
17615824
17615822
17615821
17603865
17603863
17601123
17601122
17601112
17594384
17594382
17594380
17594379
17594376
17594375
17594374
17594372
17594371
17594369
17594368
17594367
17594366
17594365
17589418
17587294
17587293
17587290
17580382
17571934
17571933
17571930
17571929
17571660
17571611
17565731
17565539
17565512
17564495
17563679
17563504
17562515
17561082
17561079
17561062
17561059
17561058
17561053
17561049
17561043
17558650
17556725
17555695
17555694
17555693
17555692
17555690
17555653
17554101
17554093
17546329
17545297
17545296
17545295
17545294
17545271
17545270
17545267
17545266
17545265
17545263
17544988
17542792
17539905
17539730
17539722
17539716
17539715
17539712
17539711
17535332
17534238
17531082
17525566
17525357
17525355
17525352
17519723
17518983
17518982
17518981
17518977
17518969
17518968
17518967
17518966
17518964
17518963
17518961
17518955
17518954
17518953
17517304
17517295
17517287
17516441
17516440
17515916
17514519
17514516
17514513
17513773
17513544
17512863
17511843
17511842
17511840
17511839
17511838
17511837
17511835
17511833
17511832
17509422
17509421
17509420
17509418
17509416
17509415
17509412
17509408
17509407
17509406
17509405
17509404
17509403
17509402
17501755
17497416
17488441
17483494
17471038
17467238
17459118
17451786
17451541
17451538
17451455
17449296
17449291
17449287
17447804
17445849
17441972
17433678
17433622
17431693
17429616
17428600
17420280
17418474
17416908
17403040
17403015
17391311
17386063
17367851
17355291
17355290
17350357
17350152
17346774
17339072
17337027
17335869
17331635
17329006
17321069
17321029
17317864
17309607
17306563
17288988
17286598
17277976
17273858
17268869
17268864
17241809
17230555
17224130
17211592
17188531
17181998
17174265
17115203
17027315
17010610
16949661
16915387
16860859
17562288
17499385
17435696
17322866
17433705
17383965
17369251
16529892
28091084
17502419
17473346
17506880
17502546
17502544
17431922
17363037
17496841
17531133
19360574
18572728
18477442
18477441
18477440
18477439
18477438
18477437
18477435
18477434
18477433
18477431
18477429
18477428
18477427
18477424
18239781
17978549
17877239
17877238
17876441
17822158
17760280
17708473
17694758
17694753
17694748
17694745
17694744
17694736
17688024
17688021
17688020
17688017
17688016
17686285
17686284
17679539
17679538
17679535
17679531
17679530
17679528
17658187
17658184
17658183
17657935
17646686
17646685
17646684
17642294
17642286
17641459
17622010
17622009
17622004
17622000
17614736
17612333
17609165
17607888
17605396
17605320
17601334
17601327
17594666
17589771
17581185
17581182
17581176
17580820
17580818
17580467
17580463
17580462
17580459
17580458
17580456
17580452
17580450
17569396
17568844
17568843
17568842
17568838
17568835
17565898
17555191
17555183
17555182
17555181
17555179
17555177
17555176
17555174
17555173
17555172
17555170
17553332
17552940
17547950
17547945
17536088
17536087
17522807
17522806
17520978
17516341
17516337
17515503
17514449
17511371
17511368
17511365
17511364
17511361
17511360
17510663
17510662
17499130
17486193
17486191
17486183
17486182
17484798
17484588
17482090
17482089
17482085
17482081
17482080
17482078
17482077
17482074
17482073
17478381
17478227
17477757
17477746
17474785
17473042
17473039
17472679
17470031
17470026
17470024
17470021
17470018
17470013
17468725
17468722
17468717
17466880
17465667
17465664
17465662
17465661
17465659
17465658
17465656
17465655
17465653
17465647
17465646
17465645
17464106
17464099
17461959
17457188
17456095
17456094
17452706
17452569
17452567
17452557
17448861
17448848
17448843
17448840
17448215
17448212
17448209
17448045
17448044
17446294
17441878
17441877
17441876
17437884
17437883
17437882
17437878
17437877
17437874
17437872
17437870
17437868
17437867
17437866
17437863
17437620
17433414
17430434
17418534
17407004
17397505
17397466
17397465
17397461
17397460
17394220
17391731
17377524
17374139
17374138
17362907
17353270
17347044
17336086
17336078
17331755
17331752
17326785
17320429
17316551
17309741
17309740
17307767
17296746
17295301
17295299
17270335
17258465
17224853
17223283
17216245
17213866
17210118
17203413
17196319
17178099
17174463
17174020
17143884
17126805
16844107
16843523
16820199
16790271
16787769
16765432
16730058
17471206
17471204
17292505
17307721
17443571
17443548
17443547
17443532
17443531
17440587
19532752
17415247
17366580
17352388
17289014
17435705
17308534
17321500
17425778
17372199
17197045
17408488
17408482
24348656
24348654
24348652
24348651
23277831
23277830
23277829
23277828
23277826
20069745
19655495
19212488
19212484
19212483
19212479
19089118
19089114
19089108
18604025
18271191
17983190
17915775
17899893
17894253
17894252
17712733
17710341
17696062
17696060
17683673
17683670
17683669
17663351
17663350
17663342
17663341
17663340
17663339
17663333
17663331
17663330
17663329
17663328
17660646
17660645
17660644
17660643
17660641
17660639
17633507
17628991
17624151
17612386
17612385
17612367
17589655
17589654
17589650
17589647
17589646
17576397
17558145
17557684
17550048
17550046
17550045
17550042
17550041
17550037
17547123
17547120
17546897
17546394
17546390
17546389
17546384
17546382
17546380
17546379
17546377
17542209
17542207
17542206
17542202
17542201
17542199
17539227
17532927
17532926
17532925
17532924
17532923
17532920
17532919
17532917
17532915
17532914
17532913
17530053
17530052
17530051
17530050
17525508
17522365
17515255
17514890
17514889
17514888
17511129
17511118
17508848
17508843
17508842
17508680
17508678
17506469
17506468
17506466
17506456
17506455
17506385
17506382
17502715
17502714
17502709
17502708
17499097
17499092
17499091
17499089
17499086
17493408
17489483
17489480
17489479
17489478
17489002
17488998
17487044
17486862
17485030
17484291
17474830
17470135
17468316
17462135
17461841
17461836
17461835
17461834
17461833
17453594
17453428
17453425
17453423
17451504
17451503
17451502
17448393
17448391
17448387
17448383
17444508
17441594
17439712
17439711
17439559
17439085
17435676
17432951
17432790
17432787
17432784
17429125
17428202
17425190
17420326
17418723
17418722
17418721
17418720
17418719
17418712
17418710
17418709
17418707
17416318
17403748
17403741
17397329
17397327
17397322
17397319
17397311
17397308
17397306
17395063
17395058
17394708
17391305
17391301
17391297
17384035
17384028
17384027
17378888
17375258
17373225
17373222
17373221
17373220
17371567
17371566
17371563
17371561
17368387
17368362
17368358
17368347
17368346
17368345
17368344
17368343
17368342
17368338
17368331
17368330
17368326
17368324
17367460
17367459
17367457
17367456
17367455
17367454
17367453
17367452
17367451
17363213
17360158
17357789
17351498
17351359
17348892
17348888
17348883
17347251
17345109
17331154
17331153
17324157
17324156
17318688
17317866
17317239
17313939
17311636
17311634
17309744
17309742
17305877
17305876
17298414
17298410
17296741
17294201
17284331
17284270
17284268
17284267
17283059
17277052
17275926
17275278
17270500
17267066
17258941
17256094
17254544
17250867
17243123
17229789
17222536
17218719
17216200
17210923
17205550
17205549
17198721
17196730
17180599
17174267
17147967
17141393
17124567
17116354
17116353
17113699
17113698
17110086
17110083
17109428
17109416
17101704
17097045
17084804
17049750
17011005
16997336
16969818
16941582
16930785
16924615
16924611
16698072
16690113
16310910
16310905
16233940
17408225
17391523
17295521
17145143
17362161
17318851
17068776
17353481
17353473
17351587
17273178
17339013
17306543
17210130
16839727
19845138
19845135
19772166
19354008
18458426
17910154
17876915
17868526
17853727
17722464
17722463
17699419
17671323
17668086
17654885
17654884
17654883
17642456
17624176
17624175
17624174
17621947
17621942
17604522
17598418
17571531
17565830
17565828
17565827
17565821
17546868
17546867
17546866
17546865
17546864
17546861
17546860
17546858
17539224
17539223
17539222
17539221
17539219
17525943
17516126
17510728
17510726
17510723
17500488
17500486
17500485
17500483
17500163
17500162
17491487
17491484
17491482
17477741
17472184
17472183
17472181
17472180
17471143
17465342
17463097
17463096
17456972
17456971
17456968
17456966
17456962
17455445
17455444
17455443
17455440
17455439
17455438
17455436
17455435
17455434
17455433
17455432
17441517
17435160
17435156
17435132
17435131
17435130
17432774
17432773
17432771
17432540
17429186
17429185
17429182
17429176
17427828
17427826
17427824
17427819
17427818
17424783
17405478
17405468
17405467
17405466
17403515
17403501
17394915
17394913
17394912
17394910
17394908
17394894
17394893
17394890
17394889
17394888
17394886
17394885
17390540
17389166
17385399
17385396
17385394
17378487
17378458
17378456
17378454
17378453
17378451
17374084
17372711
17371397
17365432
17365123
17362425
17362422
17362420
17362418
17359213
17359212
17359211
17359208
17356377
17356372
17355806
17355805
17353410
17352958
17351688
17351682
17351681
17351678
17346596
17346595
17346594
17346591
17346589
17346586
17346585
17346582
17346580
17346578
17341898
17337684
17335383
17335368
17335367
17335363
17335361
17334004
17334000
17333997
17333995
17333990
17333988
17333987
17333982
17333980
17332809
17332048
17332042
17332038
17332037
17332036
17331258
17328644
17327817
17325091
17325084
17322892
17322802
17321456
17321454
17321448
17321445
17320725
17320723
17320721
17320717
17320709
17320708
17320705
17320704
17320702
17320701
17319776
17319775
17319771
17319767
17319766
17319765
17319761
17319756
17319754
17317922
17317106
17316247
17316246
17316225
17314255
17314254
17314253
17312205
17312202
17311956
17309650
17307599
17307598
17305698
17305697
17305696
17305695
17305694
17305692
17305623
17305622
17303424
17302951
17302944
17302931
17302930
17302929
17302927
17302925
17302848
17296376
17263866
17263865
17263864
17263863
17263861
17263860
17263857
17258795
17257157
17257156
17241797
17240166
17238218
17223591
17223589
17223585
17208469
17206603
17188532
17161556
17157890
17154363
17154361
17150316
17145189
17142068
17136514
17136406
17123597
17116292
17115237
17115236
17112460
17109811
17106786
17101114
17097600
17084669
17082878
17079114
17048029
17043869
17043795
17031682
17030396
17027139
16969657
16823388
16697454
16621204
16540162
16530820
16530262
16376127
19071452
17464210
17386657
17189271
17015290
17304325
17304324
17304319
17304318
17277293
17256787
17226856
16687224
17296794
17256013
17287808
17286873
17228110
17326477
17252362
19089104
19089103
19089100
19089096
19089091
18088871
18088870
18088868
18088864
18088862
18088861
18088860
17822176
17721063
17621483
17510720
17510718
17510714
17510713
17510711
17473406
17462160
17462153
17462151
17444132
17444130
17441411
17436958
17435255
17432402
17432401
17432397
17432396
17432395
17427725
17403893
17403884
17403883
17403882
17390732
17380810
17380809
17380803
17380801
17378347
17378345
17378343
17377716
17377710
17377709
17377704
17377702
17377698
17377695
17377691
17375587
17375583
17370664
17370660
17370659
17367020
17361787
17359247
17354096
17354095
17354093
17354092
17354091
17354090
17352638
17352631
17352630
17348471
17348284
17348273
17341379
17341378
17341377
17341375
17341373
17333907
17333906
17333903
17333883
17328132
17323663
17316385
17314391
17314390
17313524
17310886
17309589
17309588
17309586
17306643
17305718
17305716
17305715
17305086
17300670
17290020
17290017
17288664
17286731
17280925
17277835
17277834
17277830
17277828
17277827
17277824
17277822
17276871
17276870
17276866
17276865
17276863
17276862
17276857
17276856
17276853
17276852
17275864
17275665
17275046
17274728
17274716
17274706
17272883
17272882
17272879
17272877
17272874
17272872
17272372
17272368
17266714
17264678
17263154
17263153
17260169
17259499
17258641
17258640
17258639
17258636
17258635
17258629
17258628
17258627
17258626
17258625
17258623
17257102
17251520
17251516
17251515
17250579
17250578
17244237
17244236
17244232
17244231
17244229
17244140
17244139
17244138
17244137
17241303
17241173
17241172
17241166
17241165
17241164
17239664
17238976
17238975
17236933
17234873
17234548
17234547
17234544
17234543
17234542
17234539
17234529
17229121
17229120
17229119
17229118
17229116
17229115
17229114
17229113
17229112
17227395
17227384
17227383
17227382
17227381
17227379
17227378
17227377
17227373
17227372
17224035
17224024
17224016
17223813
17223309
17214645
17214633
17200131
17186314
17182085
17157478
17142040
17118335
17109813
17103424
17101259
17095267
17095256
17084441
17083088
17078038
17078037
17078036
17078031
17052987
17049482
17049334
17049327
17045644
17028888
17015623
17013627
17013589
17005217
16973253
16973252
16973251
16963171
16956709
16955224
16950555
16949345
16945462
16945461
16941133
16927272
16923782
16923781
16919861
16911851
16890407
16862558
16842899
16767724
16519928
16504281
16499961
16494935
16472855
16469372
16464492
17266769
17078978
17511954
17255985
17235362
17235361
17253559
17253516
17227054
17228001
17202379
17154159
17220849
17052984
17215403
17209089
17208642
17112467
17109831
17167416
16979345
16963273
27732247
22866210
22593654
22460754
22460753
21475457
20146416
20143701
20020941
19655508
19655507
19655505
19641759
19212499
19212498
19212497
19212496
19212494
19212492
19212490
19212489
19088874
19069071
19031646
18949918
18808900
18780648
18767416
18704289
18652078
18595496
18595492
18590257
18590256
18590253
18564447
18561616
18557384
18557383
18557381
18548886
18523631
18506991
18506962
18506959
18504939
18504938
18437797
18437795
18437793
18437792
18430359
18430355
18430354
18430352
18430350
18380246
18369002
18341236
18340986
18340985
18340984
18340983
18340981
18340978
18340977
18335817
18320014
18306643
18303278
18303277
18278307
18278306
18278304
18278297
18277744
18277743
18277742
18277741
18277738
18274060
18265729
18254273
18254271
18254267
18236742
18225459
18225399
18220220
18220218
18220005
18213979
18213919
18211748
18210769
18201025
18201021
18201020
18198670
18187979
18176721
18176720
18176719
18176718
18176710
18176709
18175443
18173092
18173091
18173090
18173087
18173085
18170922
18163098
18163097
18163058
18158549
18158545
18158544
18158542
18092521
18088003
18087146
18085837
18069398
18051341
18047231
18046969
18042317
18041514
18041513
18041512
18041510
18041507
18030377
18030369
18018466
18005288
18005286
18005284
18005282
18003711
18002931
18002756
18002750
18002719
18002240
18002020
18001242
17993741
17992013
17987878
17987864
17987860
17982561
17982559
17982555
17982553
17982549
17982547
17982546
17982545
17977297
17977296
17977295
17977291
17977290
17977286
17966931
17966890
17956940
17939118
17933105
17921671
17921642
17921639
17921636
17921635
17921634
17917446
17917439
17917330
17913004
17913003
17913001
17913000
17912998
17912997
17912962
17907435
17899656
17897508
17897504
17897499
17897498
17897494
17897493
17897492
17896988
17891125
17891123
17891121
17882700
17879675
17879477
17879473
17877628
17877620
17855786
17853546
17828102
17828101
17828097
17828093
17828091
17828090
17828072
17828069
17828067
17828066
17828063
17827964
17827961
17827833
17824398
17824394
17823508
17821962
17726867
17722441
17722439
17722437
17722434
17722433
17721558
17716549
17713341
17713340
17713335
17710855
17710852
17705569
17703599
17696003
17696001
17695998
17695995
17695054
17694834
17691593
17691422
17690644
17690637
17689388
17688169
17684832
17682524
17675006
17674682
17674680
17674679
17674676
17663501
17662983
17660865
17653931
17645148
17641642
17639207
17639205
17639198
17639195
17639194
17639193
17635328
17635326
17635324
17635322
17627957
17627122
17627121
17627120
17627119
17627115
17619368
17615993
17615991
17615989
17603245
17595872
17593321
17589496
17589487
17589484
17589483
17589482
17589481
17578812
17575917
17568987
17566316
17566302
17566300
17564195
17560733
17557642
17556833
17541293
17541292
17541260
17539264
17534041
17534031
17520948
17518906
17518904
17518902
17508708
17508706
17508705
17508074
17508073
17505612
17503948
17503557
17499982
17499493
17497030
17495808
17495807
17495805
17491338
17486514
17484155
17469222
17455775
17455766
17449974
17447113
17441200
17436978
17436973
17436972
17428115
17427284
17426403
17426402
17426398
17426397
17426396
17426395
17419551
17419550
17419549
17410953
17410952
17410951
17410949
17410902
17410901
17410899
17410892
17410886
17410196
17407968
17402633
17402630
17402385
17399910
17385481
17385439
17384857
17384856
17384851
17384847
17380911
17380176
17380173
17380171
17380170
17379425
17378485
17378321
17378318
17377383
17377215
17374459
17374118
17374116
17374112
17374110
17370913
17366761
17366760
17366758
17366755
17364032
17364031
17354614
17354379
17350083
17348556
17348555
17347543
17347393
17346423
17346001
17346000
17345999
17344651
17338915
17338466
17338459
17333962
17333961
17333960
17333959
17331443
17331437
17330664
17329580
17327645
17327635
17326570
17319371
17319369
17319368
17319366
17319364
17315050
17314449
17313150
17306261
17303940
17298884
17296310
17296309
17294746
17294745
17294338
17288716
17288335
17288331
17288330
17288329
17288327
17288326
17288325
17288324
17288323
17288322
17287708
17287705
17285409
17284919
17284917
17284914
17284913
17284911
17284909
17283403
17280887
17278630
17278627
17274244
17274236
17269837
17265908
17262851
17257351
17254588
17244307
17244304
17244147
17244145
17244143
17243996
17243995
17241656
17241434
17241424
17241103
17239376
17239179
17238053
17233733
17229816
17229289
17228779
17217883
17216908
17216907
17215621
17214727
17214530
17213440
17212464
17211510
17211509
17211505
17211503
17211500
17210329
17209930
17209929
17209927
17209836
17209835
17209834
17209833
17209830
17209829
17209828
17209827
17209826
17208111
17208107
17208104
17208103
17208099
17208090
17207080
17207077
17207076
17207072
17206789
17204606
17204212
17199557
17199548
17199547
17199540
17199539
17199538
17199536
17199535
17199494
17197953
17197405
17197403
17197402
17196513
17195834
17195831
17189471
17189467
17189466
17189465
17189463
17189459
17189458
17187468
17187102
17185134
17185130
17185129
17185127
17185126
17185125
17185124
17185122
17185119
17185118
17185067
17181745
17181742
17181583
17181581
17181579
17181575
17181574
17181573
17178507
17178506
17178505
17178504
17178503
17178488
17178483
17178478
17174785
17174772
17174771
17174769
17172573
17172565
17171668
17167265
17167264
17167259
17167258
17167256
17167255
17166700
17164417
17160386
17160004
17159358
17159329
17156821
17146771
17143547
17139179
17137469
17132586
17132156
17126382
17125731
17116160
17098210
17095302
17078032
17075866
17074355
17070007
17066481
17063464
17055447
17049483
17029553
17029552
17029549
17029546
17029545
17029543
17029542
17029537
17029536
17029535
17029534
17029533
17029531
17029525
17027235
17024372
17016686
17016685
17004066
17000058
16997355
16965802
16949081
16945997
16924628
16860455
16838195
16782259
16781043
16757082
16750593
16697387
16615075
16586273
16564051
16549071
16483699
16434132
16430952
16417916
16376351
16372341
16246602
16054735
