37616435
35696511
29360318
12447669
11733541
11828333
29539014
23119851
21838636
17474623
17474606
17474597
17474580
17328152
16411423
15861591
15861589
15776672
15776592
15658196
15458079
15002280
14700090
14700089
14601486
14601481
14601479
14601470
12898943
12898942
12898940
12898917
12898912
12898911
12898876
12861304
12787209
12787208
12779107
12751685
12685864
12685795
12677797
12670080
12666751
12666748
12652030
12649977
12647580
12645992
12643446
12617031
12611145
12593182
12593002
12593000
12592997
12592996
12585217
12585215
12584682
12569879
12542101
12542100
12542099
12542098
12533963
12533951
12532892
12532886
12532885
12532881
12519609
12519605
12518702
12518700
12518500
12518499
12518497
12518496
12518494
12518493
12518490
12518487
12516646
12516645
12508718
12499243
12498538
12498536
12498474
12498473
12498471
12498464
12498463
12498458
12498451
12498042
12494916
12489411
12489410
12489206
12489205
12489199
12489198
12489197
12489196
12489195
12489194
12489190
12489189
12489187
12489186
12489185
12489183
12489179
12489178
12489175
12489173
12489172
12489171
12489169
12489168
12489167
12489165
12489164
12489162
12489161
12489160
12489159
12489158
12489157
12489156
12489155
12489154
12489153
12489152
12489150
12489149
12489148
12489147
12489146
12489144
12489143
12489142
12489141
12487274
12483795
12483794
12483793
12478954
12474755
12474699
12474698
12471727
12462877
12462876
12462872
12455917
12449062
12442706
12430960
12430150
12428594
12428593
12428590
12428589
12425223
12422635
12422634
12422633
12422630
12422629
12422628
12421114
12420568
12420562
12420561
12417979
12417978
12416516
12415930
12415773
12413201
12408107
12405583
12393761
12382809
12382808
12382806
12382802
12382801
12382800
12382767
12380300
12380299
12380297
12380289
12375453
12271968
12271569
12271560
12271558
12244831
12240523
12238810
12238809
12238806
12238805
12238803
12238801
12230014
12224333
12224331
12224329
12224323
12224091
12214950
12214943
12214161
12212901
12210590
12209898
12195724
12194487
12194483
12191962
12191959
12185725
12181634
12180876
12174535
12162292
12152403
12150211
12141427
12138745
12138744
12137701
12137672
12137653
12132569
12132568
12123117
12123115
12123113
12119819
12119817
12119814
12119813
12119812
12119809
12119808
12116728
12116726
12116724
12116723
12116328
12116326
12116325
12116324
12115767
12115752
12111592
12109199
12102598
12099317
12097835
12097358
12097356
12097355
12097354
12094815
12094814
12090466
12090157
12086333
12078597
12078593
12076446
12064648
12064635
12061087
12058984
12056150
12056145
12056140
12056139
12056135
12049062
12046473
12038168
12033196
12029806
12029797
12029796
12029793
12028262
12019566
12018122
12018119
12014858
12014811
12011517
12008808
12008807
12008806
12008805
12008803
11995200
11974543
11974451
11961335
11961330
11957812
11957796
11955361
11955350
11955349
11954867
11948595
11938718
11938714
11938369
11935934
11934058
11934057
11933610
11928857
11928190
11925702
11922867
11921633
11915550
11915543
11915391
11915390
11913854
11913295
11913294
11913293
11913292
11913291
11913290
11913289
11905160
11905157
11902614
11902613
11902611
11902609
11902608
11901790
11901789
11901785
11901583
11901581
11898586
11897014
11896820
11890627
11890533
11890019
11890017
11889871
11889864
11889863
11889826
11889663
11888229
11887697
11887696
11887604
11887601
11887598
11887596
11887537
11887534
11887533
11887532
11887517
11887513
11887511
11886994
11886988
11883867
11879960
11878293
11878279
11878278
11878277
11874061
11874059
11874058
11874057
11874055
11874054
11874016
11874014
11874012
11874009
11874005
11874004
11874003
11874002
11870964
11870962
11870961
11870960
11870959
11870956
11858577
11858576
11858574
11858216
11858204
11858203
11857606
11853251
11853249
11853247
11853245
11853243
11853242
11853240
11853239
11853237
11853236
11853235
11852448
11850706
11849543
11846853
11846852
11846846
11846205
11846204
11846194
11845120
11845116
11845115
11844416
11844413
11844031
11844030
11844029
11844025
11842974
11825880
11824928
11824414
11824117
11824116
11824115
11822364
11820370
11820366
11818006
11817474
11817473
11817471
11817469
11817468
11817466
11811745
11811743
11811742
11811729
11810708
11810706
11810702
11810643
11807494
11807483
11807477
11806653
11806647
11806646
11806644
11806642
11806641
11805787
11805784
11805780
11803385
11803382
11800499
11795970
11795969
11795967
11792576
11792564
11791200
11790480
11789650
11788810
11788808
11786872
11786871
11786867
11772760
11772755
11771666
11768790
11757000
11754181
11747882
11746467
11745537
11744377
11743936
11743932
11743930
11743929
11743580
11743579
11741733
11741732
11741728
11740966
11740963
11731698
11713717
11695214
11695213
11695212
11695211
11695210
11695209
11695208
11695207
11695206
11507934
11507933
11507932
11507931
11507926
11507925
12536542
11792497
11819910
11792113
11792108
11784621
11780064
11780063
11784082
11751679
11808027
11770945
11770267
11760151
11739279
11740557
27500063
14993982
14993980
14993970
14993969
14993957
14622814
14510110
12903766
12539692
12539687
12539680
12528536
12396094
12396093
12396091
12396090
12360663
12360662
12221511
12199451
11968902
11968901
11968900
11968899
11968898
11958730
11949801
11949799
11949798
11949795
11949794
11949793
11949792
11949791
11915622
11915621
11908136
11890071
11890069
11890067
11890066
11890063
11890062
11887663
11887662
11887588
11887584
11887477
11887467
11887465
11887439
11886499
11883207
11879574
11874519
11874511
11874508
11874506
11866483
11862854
11862853
11862852
11862851
11862850
11862849
11848196
11848195
11848191
11848189
11847968
11847967
11840582
11838873
11838872
11838870
11838709
11831494
11831492
11831490
11831489
11831488
11831484
11831482
11828743
11828740
11826953
11826711
11820030
11820023
11820022
11813496
11811510
11811506
11811502
11811499
11811293
11808769
11808767
11808766
11808764
11807410
11806612
11800438
11800434
11799472
11795094
11794744
11794735
11794568
11794565
11793087
11791308
11789715
11789714
11789713
11789712
11789710
11789707
11789701
11789699
11789440
11785648
11784284
11783008
11782109
11782108
11781972
11781971
11780988
11777348
11776449
11775278
11771927
11771790
11771789
11771788
11771787
11771785
11771784
11771782
11771781
11771780
11771612
11771603
11771596
11771595
11771594
11771592
11771590
11771589
11771587
11771585
11771584
11771579
11771578
11770920
11770650
11768570
11767280
11767278
11767273
11766519
11766095
11766094
11766092
11766091
11766090
11762871
11762503
11762501
11762499
11762497
11762496
11762495
11760837
11753322
11753317
11753315
11753312
11753310
11753305
11753304
11748692
11745094
11742313
11742310
11742307
11742305
11742303
11742302
11740850
11740486
11739041
11738348
11737662
11737655
11737514
11737510
11737509
11737507
11737504
11737107
11737104
11737102
11737099
11735136
11735135
11731540
11731251
11726688
11709593
11705927
11684032
11684031
11684030
11684028
11673821
11603580
11826781
11770576
11733143
11728728
11723288
11767860
11767859
11767858
11767855
11711227
11557747
11726307
12167917
11746020
11734543
11701152
11722849
11710886
11706119
11727618
11726064
11726062
11546798
11606723
28547202
24794223
18707303
14530921
14530917
12197671
12196622
12183187
12066706
12066703
12066701
12066695
12024752
12003485
12003484
12003482
11964500
11958552
11930723
11930722
11930721
11930720
11930719
11915646
11915644
11915643
11915302
11915301
11905043
11903333
11885672
11885671
11885670
11885669
11885431
11885430
11885425
11885423
11876026
11871323
11862925
11862920
11862903
11862898
11862871
11862868
11862865
11858021
11841633
11840690
11840689
11838042
11838038
11834096
11834095
11834094
11833263
11820051
11820046
11820045
11813910
11807109
11807108
11806192
11806187
11806069
11806066
11806056
11806055
11803667
11803662
11803658
11803656
11800455
11800454
11800447
11800446
11800445
11799288
11799287
11799286
11799284
11799283
11799282
11799279
11797193
11785257
11784917
11778315
11769838
11768584
11768196
11765875
11765707
11762867
11761375
11760890
11759873
11759869
11759868
11759865
11759863
11759862
11759859
11759105
11759104
11759102
11759100
11759098
11759014
11759006
11759005
11759004
11754239
11748818
11746007
11744884
11744100
11737544
11732407
11731898
11731854
11730148
11725284
11725280
11725279
11725277
11724693
11722726
11722722
11722721
11722719
11722714
11722713
11722709
11718978
11718135
11716086
11716085
11716081
11716078
11716077
11716076
11716075
11716035
11715658
11715640
11714685
11714165
11714113
11713921
11711926
11709697
11709694
11709692
11709684
11709674
11709673
11709670
11709668
11709665
11709664
11709000
11704688
11700203
11700202
11700201
11700200
11699186
11699185
11699180
11699178
11699177
11699176
11699175
11699009
11698512
11697797
11691667
11688036
11686830
11686829
11686828
11686825
11686824
11686823
11686820
11686819
11686818
11684719
11684619
11681999
11681997
11681860
11681859
11673320
11672969
11669209
11641731
11641727
11598790
11598080
11597384
11596012
11596000
11595999
11573805
11567693
11567692
11567690
11567683
11543715
11543712
11543710
11543709
11698230
11673479
11604128
12536507
11720020
11720016
11690570
11697601
11695708
11688200
18364794
12945328
12666948
12666946
12539494
12539488
12539482
12092240
11987665
11987660
11899462
11822112
11806047
11806046
11806045
11806043
11806042
11806041
11805994
11803998
11803996
11803995
11803991
11803990
11803988
11803987
11803986
11803714
11803712
11803709
11801935
11799795
11799673
11799670
11787317
11787316
11787315
11787314
11783570
11781684
11768355
11764615
11764612
11764609
11764603
11764322
11757911
11757328
11757327
11757326
11757324
11737568
11737567
11737563
11737225
11732842
11720041
11718468
11718377
11716014
11714491
11710622
11710618
11706957
11706954
11706948
11706945
11703477
11702326
11700000
11699997
11699993
11699991
11699990
11699989
11699983
11699980
11699979
11699978
11699976
11699975
11699974
11699971
11699969
11699488
11699486
11699478
11699476
11699471
11699235
11699234
11697691
11697585
11695756
11695750
11695400
11695324
11695141
11695140
11695139
11694004
11693243
11693240
11692447
11690618
11689487
11688820
11688819
11688817
11688816
11688815
11688814
11688809
11688808
11688805
11688743
11686815
11686814
11686813
11686812
11686810
11686809
11686808
11686807
11686444
11680647
11680645
11680642
11680354
11680353
11680075
11678546
11678545
11678544
11678543
11678541
11678540
11678538
11678537
11673095
11669349
11668873
11668872
11668871
11668867
11668602
11668596
11606966
11606965
11606961
11606957
11606186
11605877
11605876
11605872
11605869
11605868
11605866
11604657
11601824
11601774
11601773
11601771
11601770
11601768
11601766
11601765
11599017
11598999
11598586
11598584
11598581
11598580
11597346
11597342
11594969
11592496
11592494
11592489
11592488
11591646
11590586
11585809
11585119
11585115
11585114
11584099
11571214
11570810
11568921
11566424
11564583
11564115
11564110
11564103
11562920
11562788
11562574
11553111
11553110
11553108
11553107
11553105
11553104
11533914
11533912
11522306
11516756
11451413
11451412
11451411
11451408
11451407
11451406
11451403
11451402
11425863
11587855
11566120
11571104
11550219
11400136
11400124
11451945
27264254
29538989
15374029
14994025
14994014
14994013
14994008
14994001
14993999
14993996
14993993
14993992
14993988
12664745
12536589
12192950
12160219
12117203
12117200
12066645
12066643
12066638
12017799
12017795
12017793
12017791
11985204
11985195
11985194
11985192
11985191
11985189
11985188
11968904
11968903
11938590
11926248
11926247
11926240
11926236
11831362
11817799
11817795
11817794
11817793
11813684
11809328
11809326
11808374
11808371
11806156
11803642
11793195
11793189
11776408
11769650
11769645
11769421
11732744
11732742
11732740
11732739
11723433
11710767
11699172
11699171
11699164
11696077
11695160
11695159
11695149
11692402
11692401
11688103
11685835
11685834
11685833
11680192
11680190
11680189
11680185
11678013
11677815
11677456
11669375
11669250
11669247
11665352
11665350
11665349
11665348
11642566
11642563
11642560
11642558
11642557
11641575
11641573
11641572
11641571
11605983
11605295
11605198
11605197
11593903
11592756
11590827
11590826
11590824
11583606
11582531
11580825
11580819
11580095
11580093
11580092
11580088
11579853
11578891
11577961
11577956
11577951
11577943
11572269
11572267
11572266
11572264
11572263
11572262
11572245
11571545
11571543
11570386
11569606
11569601
11569199
11566271
11566264
11566262
11566242
11563786
11557368
11556562
11556561
11556559
11556558
11556516
11556513
11556510
11556508
11556506
11554934
11553035
11552172
11552169
11552168
11552167
11552161
11552158
11552155
11552154
11552150
11552148
11552136
11552130
11552126
11552125
11551017
11551014
11551012
11551008
11551007
11551005
11549538
11548760
11546825
11545686
11545615
11545242
11536116
11535555
11535299
11535001
11535000
11534999
11526894
11526893
11526892
11526890
11526888
11526887
11526591
11526568
11522175
11522173
11522164
11520678
11520675
11520671
11515662
11515661
11511679
11505477
11504902
11504899
11504897
11500457
11493361
11493358
11493355
11493350
11445213
11445212
11445210
11443439
11420060
11420058
11420055
11420050
11787581
11528466
11551090
11406633
11521913
12167923
11518167
11476578
11583144
11523885
11479013
15018813
12640753
12640751
12640746
12640743
12640742
12640740
12640739
12640738
12640737
12640734
12640733
12640732
12640731
12640730
12539724
12116659
11931383
11921563
11913322
11913321
11913319
11765529
11765525
11765524
11765523
11718056
11708732
11699743
11699740
11699739
11699737
11699736
11685542
11669491
11669486
11669482
11669481
11669478
11600923
11585147
11585146
11585145
11585144
11585143
11585142
11585140
11585139
11577443
11575018
11575017
11575016
11573454
11572600
11570547
11570544
11570541
11570522
11562087
11558545
11556962
11556958
11556956
11556954
11556952
11556950
11556174
11553211
11553103
11553102
11544818
11544815
11544794
11544791
11544783
11544782
11535114
11534868
11534442
11534441
11534330
11531072
11531071
11531068
11531067
11528513
11526918
11525450
11525449
11525447
11525443
11525442
11525440
11525431
11523864
11523860
11521946
11521234
11520593
11520592
11520590
11520588
11520587
11519700
11519699
11518363
11518362
11515644
11515640
11515637
11515636
11514809
11514804
11514801
11514796
11513338
11512050
11510641
11510639
11510638
11510634
11508055
11507587
11505269
11505260
11505257
11501595
11501594
11501592
11501591
11501590
11501587
11501586
11501585
11500664
11500663
11500662
11500660
11500653
11500642
11493406
11493226
11493034
11489077
11488865
11488859
11488858
11488857
11485382
11480871
11477022
11475477
11474477
11474449
11474434
11473172
11472853
11472836
11471129
11462151
11443753
11442742
11442740
11442739
11442736
11442734
11442733
11442732
11442731
11437436
11437427
11425504
11393767
11389869
11389861
11389859
11454327
11489280
11471160
11491478
11445635
11486783
11458935
11407892
11487090
11437401
11438736
11438722
20086581
17664745
15260157
15260156
15260147
12016688
12016687
12016685
12016680
12016677
11913309
11913307
11862880
11862879
11862875
11862874
11808065
11808063
11718014
11718012
11718005
11718004
11718001
11712219
11705275
11705274
11705272
11705271
11705269
11705268
11705266
11699335
11685431
11675910
11669061
11642222
11603318
11603306
11603305
11597030
11597028
11597026
11597022
11597019
11593807
11576410
11575873
11575193
11575114
11572497
11572496
11572492
11572489
11570687
11570686
11570685
11570684
11570683
11570682
11570449
11570447
11570446
11570445
11570441
11570440
11565248
11552502
11550609
11534746
11527488
11526885
11526884
11526881
11524822
11523818
11523817
11523566
11523155
11516007
11516003
11515997
11510973
11508105
11508095
11508092
11508089
11508086
11508084
11504442
11504437
11504436
11504435
11504433
11504431
11504043
11503995
11503993
11503991
11503907
11499388
11497086
11497017
11497014
11497013
11497009
11497005
11497004
11497003
11495568
11495567
11495566
11495564
11495563
11495147
11495146
11495138
11495137
11495134
11495132
11495130
11494797
11494621
11494618
11494615
11487916
11486666
11486664
11486517
11486516
11484888
11484461
11482725
11482724
11482720
11482719
11482718
11482717
11481670
11480646
11480641
11477771
11472810
11472808
11472807
11472806
11472805
11472803
11469665
11468096
11467471
11462340
11462338
11460784
11458266
11458254
11458251
11458244
11458241
11456309
11456308
11455534
11455379
11455377
11455371
11453928
11452246
11451072
11448359
11442723
11439156
11432965
11432962
11429732
11429728
11424078
11424074
11423719
11422701
11422700
11422697
11422695
11422691
11422589
11422588
11422587
11422585
11422582
11422580
11420017
11419609
11419574
11418465
11404117
11399531
11377234
11377008
11375757
11369996
11369320
11369319
11369317
11369315
11369314
11369313
11356214
11356209
11356208
11356206
11339534
11453156
11453155
11453143
11390985
11442231
11288092
11441899
11395768
11425262
29539021
18498471
15348262
14994060
14994044
14994037
14994036
14994030
14994029
14994026
12761933
12539406
12539403
12539401
12539398
11968914
11968913
11913303
11913298
11913286
11913281
11808498
11803889
11787556
11787554
11787553
11692828
11692823
11692822
11672627
11595049
11572297
11572296
11572295
11572294
11572291
11572290
11572289
11572288
11572287
11572285
11565913
11563682
11563681
11563680
11561883
11561879
11561878
11561877
11544925
11544923
11544922
11544920
11544919
11526644
11523980
11519730
11515602
11515596
11512115
11504460
11504452
11501878
11499764
11499763
11499762
11499761
11499760
11499759
11499758
11499640
11499519
11499512
11499511
11499505
11496410
11496409
11494803
11494802
11494800
11494677
11494675
11491628
11491624
11491237
11491234
11491227
11491225
11490641
11490638
11490636
11490407
11490404
11490401
11487139
11487138
11487137
11487136
11487134
11487130
11486151
11484844
11482146
11482145
11482144
11482141
11482139
11482138
11482136
11480815
11480418
11480241
11480240
11480238
11471273
11471268
11471267
11469304
11468936
11468932
11465259
11465256
11461063
11461062
11461058
11461004
11456352
11456344
11456342
11455498
11453247
11453246
11453245
11453243
11453242
11453241
11453240
11453239
11453238
11453233
11453230
11453196
11453119
11453112
11450295
11446683
11446387
11446190
11444132
11441455
11441451
11433857
11433855
11422963
11422689
11422687
11422685
11422677
11415487
11412333
11409682
11409679
11409678
11409677
11407776
11407772
11407770
11405820
11404765
11404764
11404760
11404758
11404757
11404756
11404755
11404754
11404752
11404615
11403557
11403554
11402291
11402286
11402275
11399142
11396599
11395708
11395706
11395525
11394536
11393784
11393783
11391199
11389829
11387635
11385628
11385605
11385344
11384619
11384127
11383744
11383662
11381382
11381029
11371542
11359482
11359481
11353297
11351283
11350526
11350523
11350521
11350520
11350519
11350518
11346492
11323208
11285557
11279189
11385561
11411890
11400996
11375489
12167931
11350213
11386453
11352067
11370963
11325342
12664757
12004729
12004727
11913269
11913267
11913265
11812349
11812348
11812344
11812333
11799719
11697308
11693013
11588818
11563537
11553089
11552290
11525228
11525227
11525226
11525225
11507850
11507844
11500637
11500633
11495198
11495192
11490697
11490696
11485258
11485256
11485255
11485254
11485248
11484579
11484575
11484572
11484570
11484569
11484566
11484474
11484473
11484470
11484469
11484468
11484467
11484466
11481927
11481926
11476032
11476031
11475543
11475024
11452748
11452694
11452692
11452507
11447961
11447960
11447959
11447957
11447953
11447949
11444077
11444076
11444074
11444073
11444069
11444068
11444066
11443824
11442015
11437226
11437223
11437221
11437217
11437209
11437164
11432661
11432660
11432655
11432335
11431892
11424029
11420565
11419068
11417203
11409642
11402773
11402771
11402768
11400591
11398389
11395802
11394408
11394402
11394396
11394395
11394391
11393333
11388557
11386740
11385205
11385202
11385201
11385200
11385194
11385123
11380791
11380785
11380782
11380781
11380779
11380778
11380751
11380747
11380579
11378824
11372990
11372807
11371385
11367968
11367965
11361180
11359397
11357576
11357575
11357574
11357572
11357569
11357567
11357565
11357563
11357562
11357189
11357083
11357076
11357074
11357072
11357071
11357069
11355665
11353007
11353000
11352350
11350510
11350509
11350508
11350505
11350499
11348474
11346740
11346739
11345007
11343029
11343027
11343024
11343023
11343022
11343021
11343020
11343019
11341327
11336036
11334468
11331714
11331611
11325886
11325885
11325881
11323454
11322800
11319734
11316596
11312570
11311404
11301468
11286811
11286807
11286806
11282223
11258533
11258529
11257299
11257296
11257292
11257290
12536656
11352392
11352390
11352388
11295218
11330309
11345326
11343858
11343848
11278007
11338042
11338040
11338039
11338036
11401534
11116156
14639320
12666976
12539431
12539430
12539424
12539422
12539416
12528210
12528202
12193270
12193267
12193265
12193264
12193262
12066651
12066650
12066648
12049084
12049081
12049078
12049076
12049074
12002071
11913279
11913278
11913275
11842868
11829388
11819977
11819975
11819971
11778743
11761800
11705205
11705203
11705198
11705197
11705196
11683551
11665402
11665401
11665397
11569670
11569665
11569662
11569661
11558169
11548869
11515948
11507807
11507806
11507796
11507795
11494808
11494805
11485272
11485271
11485270
11485268
11485265
11485262
11481878
11481877
11475952
11475951
11475950
11475949
11475948
11475947
11475756
11474919
11474918
11474915
11465440
11444064
11443794
11443792
11436234
11432499
11427744
11422244
11405049
11404948
11404941
11400833
11398553
11398552
11383354
11383119
11375734
11375733
11370757
11370753
11370750
11370749
11370748
11370740
11370453
11370278
11367598
11367596
11360768
11360109
11359204
11359128
11357915
11355577
11350589
11350588
11350586
11350583
11350582
11347661
11347658
11347656
11347655
11346997
11345729
11345728
11345662
11339669
11338309
11338305
11338304
11338302
11338301
11338297
11332704
11330768
11329776
11328356
11327467
11327078
11327076
11326631
11319537
11319534
11319528
11319527
11317389
11317386
11317385
11317384
11317383
11317381
11317380
11315379
11315377
11314895
11314889
11314887
11314886
11314883
11312584
11312464
11308286
11305227
11303113
11302592
11302591
11302589
11302587
11300178
11300176
11300175
11300172
11300171
11298314
11298308
11298307
11298306
11297619
11295023
11293285
11289514
11289168
11286446
11284764
11284233
11276334
11275961
11275960
11275391
11275328
11273967
11269871
11269866
11269863
11269862
11254818
11254787
11254785
11254614
11254570
11251668
11251665
11295246
11286815
11325156
11325154
11325152
11293993
11255528
11266688
11303683
11261899
11237754
11954306
16894712
16894711
15775523
15775521
15775520
15775519
15775518
15775517
15348313
15348301
14994096
14994094
14994089
14994086
14994080
14994069
14994066
14510146
14510140
12524866
12160238
12095109
12066667
12066666
12066665
12066661
12066659
12066658
12066657
12053900
12004701
12004699
12004698
12004694
12004690
12002057
11968911
11968910
11968909
11968908
11913261
11913259
11913258
11913257
11905336
11905335
11843457
11843455
11843454
11843452
11843450
11843449
11843445
11819962
11819960
11819955
11812331
11812327
11812324
11812317
11695134
11695131
11695129
11506171
11506170
11506169
11506167
11500627
11487154
11487153
11487151
11487148
11487144
11484656
11484653
11484652
11484586
11484580
11475689
11475688
11475687
11475686
11475685
11441484
11439913
11421406
11421400
11421107
11414117
11411406
11407534
11406794
11406793
11406792
11405040
11401416
11394373
11393113
11383636
11383634
11383352
11383348
11379895
11379892
11379890
11372183
11372180
11361243
11359353
11355249
11355248
11355247
11355244
11355240
11355237
11355236
11355101
11355097
11355096
11355095
11354824
11350578
11350576
11350574
11345581
11341672
11340731
11340730
11340729
11340719
11340718
11340717
11340483
11332159
11327504
11327070
11327066
11326718
11325056
11324225
11324215
11324213
11324210
11324207
11324206
11321812
11321807
11320652
11315427
11314470
11313736
11313732
11313731
11313728
11310144
11310143
11310139
11310138
11310133
11310132
11307266
11307263
11307260
11307258
11306163
11306160
11306159
11306158
11304930
11304927
11303855
11300526
11300279
11294543
11291348
11284542
11284541
11284539
11284538
11284537
11284536
11284535
11284532
11284531
11283768
11275677
11275676
11275674
11275673
11275670
11275668
11275667
11275666
11266068
11264938
11264937
11264932
11264931
11264928
11264927
11262548
11258097
11258095
11258086
11255479
11254808
11254805
11254801
11254798
11251408
11250640
11250638
11250636
11250635
11250634
11246036
11244528
11244425
11244423
11244420
11244419
11244417
11244416
11244414
11244413
11241484
11241189
11241186
11241185
11240110
11239949
11231086
11231073
11230948
11222967
11214760
11214759
11207671
11180951
11180948
11178637
11165573
11165564
11163390
11163386
11163385
11163381
11163379
11163378
12536601
11262321
11270384
11233433
12167942
12167941
12167940
12167939
11231025
11170097
11157804
11798863
11236918
11236917
11164817
11341980
11166401
11166287
18763093
16894694
16894691
15025038
14639340
12905820
12539635
12539634
12539633
12539630
12539629
12524843
12066682
12066678
12066676
12066672
12066671
12066670
11926305
11860843
11829041
11829034
11810330
11806483
11806481
11806480
11806479
11806478
11806477
11806474
11806472
11682940
11553084
11553082
11553080
11547814
11491646
11491642
11491641
11491639
11491638
11491636
11491635
11491631
11484794
11475771
11475770
11475769
11475768
11475767
11475765
11425281
11383279
11383278
11360404
11358197
11345621
11340459
11332534
11332533
11332532
11332531
11332530
11332529
11332527
11332526
11332523
11330936
11330933
11330930
11330928
11327410
11326447
11326445
11326442
11320893
11318045
11318044
11318042
11314486
11310510
11307614
11303628
11298267
11298265
11296513
11296509
11296507
11289627
11289625
11289622
11289615
11288802
11288798
11288795
11288787
11288785
11288784
11281619
11272717
11271367
11264864
11263700
11262801
11262799
11261911
11253298
11253297
11252295
11246705
11241207
11239590
11239587
11239585
11239584
11239581
11235823
11233841
11233721
11227879
11226743
11223922
11223921
11220745
11217596
11217593
11217592
11213976
11211296
11211293
11208208
11208205
11208200
11208196
11205072
11180613
11175790
11175779
11175770
11174606
11174598
11174592
11174559
11174558
11174557
11171713
11169944
11169902
11168746
11168743
11168742
11168268
11168266
11163326
11163324
11163322
11159940
11153564
11153561
11153558
11313190
11214136
11214130
11213332
11164782
11219037
11162539
11223856
11203701
11195829
11116231
11074171
11235978
11235975
11148244
11191993
27365573
21370146
18493565
16894681
16193851
16193850
15354496
15354490
15354489
15354485
15354484
15354482
15354481
15354480
15354479
15354476
15354475
15354474
15354472
15354471
15354467
15354466
15354464
15354463
15354462
15354457
15348375
15208934
15208931
15208929
14564066
12818150
12811910
12666973
12572048
12571972
12524892
12524886
12500879
12500878
12500877
12500876
12500871
12500870
12498438
12498429
12390003
12233269
12092143
12092119
12061017
12050704
12004679
12004675
12002824
12002823
12002820
11977372
11977356
11977297
11977296
11968218
11961855
11936189
11924851
11913773
11912864
11911061
11901561
11898503
11893052
11893051
11893049
11893047
11893044
11891615
11890039
11890035
11889649
11889647
11887677
11887674
11887658
11881466
11881464
11881463
11881456
11862940
11842913
11842911
11842908
11842907
11842843
11838046
11838044
11831312
11831309
11831308
11831307
11822412
11819949
11819944
11817478
11817453
11813666
11813664
11813663
11813450
11812306
11812303
11812295
11812291
11806517
11803646
11802566
11801201
11801183
11799850
11799837
11799725
11799722
11799705
11799702
11799701
11795453
11795447
11794563
11794561
11794560
11786990
11778856
11778855
11778667
11778584
11764638
11763998
11760160
11759814
11757406
11746110
11743703
11729819
11708286
11706736
11705319
11705313
11699584
11699583
11699582
11699581
11699579
11697155
11696987
11696958
11696954
11696951
11696920
11696918
11686409
11676220
11665366
11665365
11603830
11603820
11592682
11590707
11586739
11585977
11582871
11579905
11573223
11572637
11572508
11572507
11572506
11565448
11563394
11563352
11561541
11561530
11561525
11561497
11556096
11548351
11548298
11548295
11548291
11543691
11534777
11534310
11534168
11534166
11534162
11534159
11534157
11528981
11528980
11528979
11528790
11528150
11521760
11517875
11516838
11515397
11508131
11508117
11507922
11507920
11507919
11507918
11505966
11505965
11505964
11505962
11505891
11499769
11499768
11499451
11499448
11499446
11499444
11497377
11495405
11494947
11494945
11487170
11487169
11487168
11487167
11487166
11487165
11487164
11487163
11487162
11487161
11487158
11487157
11476015
11476014
11476013
11475709
11475708
11475707
11475706
11472657
11472656
11472654
11472651
11471970
11471969
11471967
11460763
11460761
11452908
11451323
11450685
11450419
11450410
11450370
11448020
11448016
11445919
11445918
11445917
11445915
11445913
11445912
11441801
11441797
11441568
11441539
11438991
11437131
11433771
11419399
11417498
11410894
11407331
11407330
11405030
11405026
11393532
11392603
11388314
11383277
11378639
11378636
11374781
11372468
11359061
11359055
11359050
11357809
11352266
11344707
11344519
11341697
11336225
11334168
11324413
11324412
11324411
11324410
11324407
11324406
11324402
11324401
11324195
11323952
11319841
11317604
11314222
11314220
11314218
11314213
11314211
11314210
11314208
11314187
11314184
11309876
11309874
11309873
11309872
11309870
11309869
11309867
11307381
11307379
11307376
11307375
11307374
11301528
11296895
11291961
11288682
11280368
11280366
11280363
11280356
11279699
11276594
11272387
11272384
11271456
11270602
11269734
11269726
11269723
11244233
11242735
11242734
11242732
11242731
11242729
11242728
11242727
11242726
11242724
11241938
11241744
11236157
11236151
11236138
11236008
11234796
11227207
11227205
11227204
11227203
11223334
11219817
11212455
11210907
11210897
11210702
11210700
11210696
11210694
11210693
11210692
11210688
11210246
11210077
11210073
11210072
11210066
11209503
11209502
11207974
11206982
11204676
11204674
11204405
11204121
11203783
11203781
11203780
11203779
11203778
11203775
11203774
11203773
11203770
11197570
11197106
11194397
11194389
11193235
11191613
11191610
11182278
11177219
11175273
11175269
11174686
11174681
11174678
11174673
11174671
11174578
11174543
11174542
11174540
11174539
11174538
11174536
11174501
11167338
11166163
11163597
11163593
11163592
11163591
11157584
11155185
11155181
11152993
11152187
11152144
11144243
11142918
11142673
11142671
11142670
11142669
11142668
11142665
11142663
11142662
11142660
11140898
11139357
11137641
11137640
11137639
11137634
11137347
11133603
11125200
11125198
11125197
11125194
11125192
11125190
11125189
11124413
11120479
11118899
11118262
11112660
11077406
