31918511
31918496
31918473
28561459
24572440
21413316
21307513
20121645
15513035
15091371
12292593
12089766
12089765
12089764
12089763
11921970
11921968
11885253
11524865
11524863
11524861
10592639
10163770
9854852
9813636
9813617
9813613
9601764
9590890
9590889
9584796
9571917
9567130
9540698
9524505
9524504
9524501
9520675
9495122
9495121
9487874
9468846
9468839
9468831
9468828
9461891
9461890
9456629
9456626
9456611
9455417
9369034
9333682
9320215
9304124
9304123
9281175
9281059
9275611
9275606
9246493
9246492
9242120
9242114
9242107
9238900
9238899
9238898
9238897
9238896
9238895
9238886
9238885
9238882
9238881
9238879
9238878
9238877
9227153
9214034
9214028
9206409
9206408
9206407
9206364
9206360
9206352
9206351
9206350
9206348
9199122
9173515
9161240
9151634
9151633
9102812
9096742
9087782
9086877
9084675
9084658
9084642
9084636
9084331
9084279
9072660
9065983
9065982
9063214
9063212
9063211
9063207
9063206
9045410
9045409
9045407
9045398
9043865
9038396
9036586
9034974
9034973
9034971
9028276
9028274
9028273
9028271
9027133
9026912
9026151
9015449
9000325
8993629
8992671
8992667
8992665
8988368
8985731
8983004
8974185
8974184
8974181
8974178
8974177
8971997
8971995
8966524
8962951
8962946
8962715
8959196
8957912
8957911
8957909
8957885
8957137
8957134
8956985
8956046
8956042
8956034
8953392
8948221
8948220
8948215
8946106
8946101
8946097
8946095
8946094
8940568
8934697
8932870
8928725
8928721
8928717
8928716
8928715
8928714
8926576
8919531
8915958
8909882
8909873
8909560
8907552
8905090
8900602
8899953
8896261
8893104
8893103
8889588
8877092
8877090
8877088
8877084
8877083
8876325
8875032
8875031
8875030
8872320
8863968
8863963
8863958
8860034
8860031
8860028
8860026
8851123
8850590
8850588
8850587
8850578
8850577
8850576
8850492
8850488
8850478
8850458
8850453
8850447
8850446
8850164
8850161
8850154
8850153
8848632
8848631
8844219
8838422
8833597
8833594
8833593
8833592
8833591
8833585
8833583
8833283
8833280
8833142
8833141
8833140
8833135
8833134
8833133
8831132
8829637
8825240
8822544
8822091
8821388
8820122
8814426
8808404
8807343
8805918
8805917
8804151
8800924
8789446
8786862
8781657
8779737
8779275
8778525
8773416
8770705
8767264
8761101
8755692
8755431
8754546
8754544
8751392
8741956
8741091
8740536
8738909
8738906
8738905
8738904
8729620
8727500
8727108
8723697
8721528
8720234
8717330
8713615
8712499
8712498
8712495
8712493
8712489
8712399
8711914
8711331
8708225
8701621
8694142
8693874
8685621
8685617
8678350
8678348
8678347
8678274
8676273
8676270
8676269
8673938
8673937
8668573
8668572
8668571
8668570
8668566
8667317
8667314
8667312
8666436
8665477
8664899
8658581
8658579
8658571
8655945
8655763
8655761
8655760
8655759
8655758
8655756
8655747
8655746
8652088
8636500
8636498
8636496
8636493
8636490
8636483
8636459
8636458
8636457
8636453
8636452
8636451
8635628
8635627
8635620
8635618
8632521
8630177
8630176
8630174
8629864
8625881
8624574
8624573
8624570
8624567
8619982
8619981
8619980
8619978
8619976
8619975
8619974
8619970
8619969
8618086
8618083
8618081
8618080
8618079
8610193
8599243
8598034
8587817
8587212
8587208
8587182
8581954
8568101
8568086
8565823
8565626
8559379
8557256
8542125
8540486
8540485
8540483
8540482
8538673
8530994
8566801
8847735
8746536
8534572
8534570
8534562
29865347
29865343
16538361
16538360
16538357
11836820
11625396
9693645
9693641
9693640
9693637
9601256
9601255
9594788
9594066
9468921
9312954
9312952
9227073
9227071
9227070
9217298
9206464
9052030
9052026
9052025
8957839
8957837
8957836
8957835
8956469
8948187
8948186
8948185
8940559
8940556
8940552
8940551
8919985
8903623
8901197
8901196
8865744
8851994
8850656
8849869
8845187
8839335
8839333
8838557
8835320
8779764
8778393
8778389
8778384
8778382
8778381
8778380
8766653
8752481
8752425
8752424
8750418
8748967
8747757
8747673
8747670
8714812
8713940
8705836
8705830
8705828
8695015
8695014
8695011
8695006
8695004
8695002
8695001
8683415
8682171
8681520
8681514
8680980
8680972
8680969
8668323
8652143
8636637
8634706
8617166
8617165
8617164
8617162
8617160
8617159
8617158
8615738
8613561
8613560
8613558
8613556
8613555
8603116
8603115
8603111
8603110
8602341
8602288
8601187
8601180
8601179
8601064
8600188
8600186
8600181
8599389
8599384
8598016
8598015
8597129
8596819
8596818
8596813
8596086
8596084
8596082
8596081
8596078
8596077
8588290
8587848
8580605
8564150
8562558
8551077
8539652
8536085
8536084
8536083
8536082
8530730
8530725
8530722
7591151
7503041
7503040
7503039
7503038
7503036
7499668
7499666
7490396
7490390
8636467
7487257
8519560
7481826
7477345
7479871
23087970
23087969
23087964
11837088
11837087
11837083
9534474
9482088
9462087
9161166
9161165
9055665
9002922
9002894
9002891
8948224
8934940
8934939
8907554
8868583
8835245
8821033
8809257
8809254
8809251
8786914
8779759
8772253
8770293
8762544
8762543
8762541
8762537
8762531
8751087
8713944
8710707
8710706
8710705
8710704
8700605
8689758
8670029
8670025
8670023
8670021
8670018
8655107
8655103
8654440
8646212
8636477
8636474
8636472
8628842
8628839
8628835
8615951
8615947
8615946
8615942
8615941
8601769
8601767
8601766
8601764
8601763
8601762
8601520
8601519
8601518
8601515
8600283
8600282
8598012
8598008
8595115
8595111
8576556
8574844
8574837
8572155
8565389
8564801
8563204
8561826
8558399
8558396
8558356
8558350
8556469
8555039
8554819
8554792
8550866
8550864
8550861
8550859
8550858
8550857
8545676
8538889
8538045
8530740
8530736
8530735
8530173
7589793
7581451
7581450
7559070
7501164
7499652
7497353
7489712
7484973
7484971
7484966
7484965
7484964
7484693
7475426
7475425
7472568
7472546
7495950
8586342
8849012
34261274
11837095
11837094
11837093
11837092
9601244
9601243
9584708
9569862
9540647
9540646
9525154
9520717
9520715
9497703
9497702
9497701
9497700
9497698
9497697
9497692
9497689
9497688
9497683
9495118
9495117
9495115
9468962
9227144
9227142
9063125
9063122
9002900
9002898
9002897
8991998
8948206
8948202
8948201
8948200
8935115
8935114
8935111
8935109
8845738
8821490
8742623
8721209
8721202
8719350
8682926
8682925
8682924
8682923
8682922
8682918
8634203
8634198
8634197
8634196
8634195
8634192
8634191
8634189
8634165
8634163
8634156
8629968
8629967
8625939
8625938
8625937
8625935
8625934
8625933
8613576
8613575
8608267
8606333
8603311
8603308
8601153
8596075
8596071
8596070
8596069
8592838
8591675
8582749
8582726
8575224
8574423
8574420
8573341
8568754
8568447
8567881
8559570
8553811
8553810
8553809
8553804
8553803
8551465
8551462
8551459
8551458
8549965
8538062
8537872
8537871
8537866
8537864
8533793
8531165
8531159
8531157
8531153
8531151
8531147
8530704
8527962
8526807
8526799
8526798
8526390
8522044
8522039
8522001
8521123
8521120
8521114
7659121
7594016
7594013
7594012
7594010
7593982
7573046
7572857
7572855
7572854
7572851
7572849
7572847
7572845
7560881
7560375
7560374
7560373
7560372
7557388
7499596
7499589
7499585
7498346
7498333
7496373
7490781
7482767
7477983
8560684
8541153
8541152
11362805
7668204
7546970
29865330
17974437
17590635
16535116
15335645
11837100
9693636
9693634
9693632
9601238
9601234
9601233
9594784
9552708
9540595
9508873
9002915
9002914
9002911
9002909
9002908
9002905
9002903
8948214
8948212
8948210
8941742
8941740
8941732
8941731
8779743
8748217
8729750
8728966
8728964
8728962
8714299
8710700
8705818
8705816
8704649
8697930
8679181
8669365
8669364
8668111
8651892
8651891
8651887
8651885
8651884
8651883
8651882
8643015
8626210
8626209
8626208
8626207
8626204
8618537
8618429
8603212
8603161
8602444
8602443
8602441
8602440
8602439
8600559
8598025
8595829
8595828
8595826
8595825
8595104
8585811
8585810
8585809
8585149
8578630
8574933
8568431
8550928
8550926
8550925
8544192
8541610
8541148
8537793
8537791
8537790
8537789
8537788
8537786
8537784
8534877
8528631
8524684
8524682
8523910
8522895
8522894
8522070
8522068
8522024
8519478
8519475
8519474
7668829
7661148
7661146
7661144
7661143
7661142
7661141
7661140
7661139
7661138
7661137
7658908
7649547
7649097
7595317
7593704
7593701
7593698
7593697
7593695
7593694
7591000
7590998
7590996
7590995
7585225
7584585
7584584
7578793
7578210
7578207
7578204
7573877
7573869
7566756
7560589
7560420
7560415
7557798
7557249
7543913
7501994
7501990
7501826
7500293
7500249
7500246
7500242
7495266
7494175
7492894
7490671
7490667
7490666
7490609
7490605
7489277
7489264
7486768
7480616
7480606
7473290
7473289
7473286
7473281
7473279
7473277
7473273
8533802
8577926
7546958
7546956
7546952
11362711
7546951
7546943
29281423
28306823
11837116
9522731
9052014
8779735
8779733
8689754
8689753
8665730
8620399
8620398
8620396
8620394
8619966
8617395
8617391
8613588
8602437
8602435
8602426
8602338
8583023
8583021
8583020
8583019
8583017
8583015
8541219
8541216
8537931
8537928
8537922
8537919
8537918
8536072
8527936
8527831
8527241
8524465
8522020
8521925
8519895
7673256
7665937
7661800
7652670
7649472
7649376
7641785
7636458
7635471
7629325
7629322
7628084
7625393
7625389
7625384
7624398
7618588
7616289
7603395
7595155
7594996
7588345
7588343
7588342
7588341
7588340
7588339
7588338
7587146
7587142
7587141
7587139
7584875
7583151
7577881
7577879
7577875
7577874
7577872
7576387
7576386
7576385
7576381
7575280
7575278
7575277
7575276
7575275
7575274
7566826
7560567
7560114
7558363
7553403
7553401
7553400
7553399
7553398
7552954
7552953
7552948
7552891
7552888
7552887
7547409
7545574
7486969
7485436
7484112
7484107
7484102
7484101
7480119
7473263
7472739
7472736
7472735
7472731
7472727
7472723
7573163
8533255
7557754
7583278
8533248
7632484
7632482
8530038
7626336
7626334
7626333
7677148
29865337
12096705
10707726
9594063
9511556
9497677
9497672
9497671
9497670
9497668
9497667
9497666
9497658
9495917
9495114
9462093
9455382
8975023
8949859
8949854
8948235
8948172
8940599
8935037
8935036
8935035
8935034
8935033
8935032
8935029
8825980
8777805
8745445
8745439
8700783
8700782
8700780
8630853
8626181
8626180
8626178
8621048
8621043
8595945
8595944
8595943
8595942
8595941
8595940
8595588
8582924
8578511
8572553
8572547
8538583
8535603
8532630
8532623
8522017
7674191
7674190
7674186
7674185
7674182
7672852
7672849
7672679
7671165
7667665
7657155
7649516
7649513
7649512
7629359
7629344
7628530
7627889
7615640
7612387
7608233
7604135
7598259
7598242
7598108
7598104
7598101
7598097
7598084
7593889
7593887
7593886
7593884
7593883
7580242
7577669
7577231
7575980
7575976
7575974
7575973
7575242
7575241
7575240
7575238
7575237
7575235
7575234
7575232
7575231
7575230
7574319
7573979
7573331
7567635
7562961
7562733
7562731
7562730
7562728
7562727
7562724
7562358
7562351
7562349
7562348
7562326
7562322
7562319
7562211
7560395
7560390
7560389
7560388
7560241
7560236
7560233
7555531
7552868
7552861
7552849
7549566
7549565
7549244
7548109
7547490
7547488
7547487
7547485
7547484
7547482
7547481
7546142
7546141
7546133
7546132
7546123
7545493
7541610
7499983
7499982
7499981
7499980
7499979
7499976
7499974
7492918
7485999
7484284
7480365
7604261
7652980
7773950
7763126
7607551
7668321
28140258
16538350
16538333
16538332
16538328
16538326
11836809
11836807
11791262
11791260
11791259
11625386
9693629
9693628
9693627
9601224
9601223
9601222
9540476
9461864
9461861
9227112
8940541
8907002
8830203
8714740
8714739
8620386
8602425
8602423
8602422
8602421
8602419
8602418
8599592
8599591
8599589
8599585
8544167
8528445
8528441
8522015
7797734
7782528
7782527
7771371
7771366
7771363
7771362
7768577
7741364
7677604
7677599
7677596
7677593
7675347
7674559
7674444
7674002
7674000
7673999
7673845
7673844
7673841
7673839
7673838
7673837
7673836
7672568
7669437
7668413
7668402
7666403
7666154
7665968
7665964
7665962
7665961
7664102
7663866
7661764
7661762
7661761
7659226
7655082
7655079
7654656
7653510
7653502
7648489
7648484
7648418
7648414
7648413
7641633
7641632
7641631
7641629
7641628
7641627
7641626
7636617
7636616
7636608
7636607
7634772
7634134
7634128
7630035
7629339
7629336
7629332
7621920
7621040
7621038
7621036
7621022
7594761
7585349
7578785
7578781
7577436
7572874
7572094
7572088
7572087
7571346
7570999
7569817
7569662
7567067
7567061
7562336
7562334
7562332
7562330
7560226
7560221
7559133
7558661
7558658
7558361
7557669
7553808
7548893
7548891
7547818
7547817
7547812
7545884
7543951
7543363
7543122
7541290
7541086
7490022
7476787
7476782
7599221
7779504
7779496
7739072
7781982
7730636
7633881
7770970
7766458
7766457
7766456
7766455
7623491
29281520
24172929
11995906
11837124
10348593
10348588
10348587
9601216
9552679
9540620
9515386
9515383
9485676
8940584
8869455
8626202
8626200
8626199
8626197
8626196
8624991
8624989
8600012
8600009
8600007
7790601
7790598
7790597
7790596
7789927
7789924
7782754
7782739
7781026
7773867
7759693
7759691
7759689
7759686
7759683
7753582
7750640
7747804
7742131
7733062
7733060
7733057
7733055
7733054
7722725
7722719
7700183
7673834
7673831
7673830
7673829
7673826
7673618
7670092
7670090
7670088
7669690
7664195
7658394
7650338
7647427
7647411
7645674
7645442
7640259
7640255
7640252
7640250
7639649
7639647
7639645
7636818
7628817
7628783
7628781
7626799
7623262
7623261
7623258
7623257
7623250
7617497
7617496
7617495
7617494
7617493
7617490
7616346
7616343
7616341
7616340
7615333
7615331
7615329
7615296
7609310
7605785
7605566
7601923
7601922
7601920
7601917
7601916
7600228
7600227
7600224
7600222
7583005
7581288
7568761
7568758
7568754
7568753
7568752
7560371
7560370
7560367
7560366
7560362
7540634
7489654
7489651
7488970
7479192
7479189
7476776
7476774
7476773
7473004
7742107
7742105
7742104
7742103
7742098
7742097
7785893
7732510
7793627
7707808
11362268
16411319
11951441
10495701
10150574
9540674
9520770
9497649
9497648
9495107
9055697
8935008
8935006
8697507
8684861
8646014
8611493
8611490
8611486
8592889
8579716
7883572
7788833
7786235
7786234
7786230
7785991
7785417
7783575
7783010
7783004
7782985
7782980
7782978
7782977
7782541
7782539
7782538
7782533
7781831
7781830
7781828
7781826
7781825
7781726
7781725
7781721
7781720
7781304
7781303
7772958
7769522
7769521
7767711
7767708
7750135
7738271
7738265
7737458
7731614
7723957
7722109
7722108
7717404
7716772
7711620
7710370
7709907
7709904
7709903
7709902
7709900
7702124
7699496
7698992
7675526
7675525
7673822
7673821
7673819
7673814
7673436
7671914
7670083
7670081
7669549
7659051
7650453
7649836
7643332
7643331
7641624
7641623
7641622
7641621
7641620
7641619
7641618
7641617
7624858
7622636
7622633
7622631
7621753
7621751
7617579
7617229
7614213
7614206
7614201
7610783
7610778
7610776
7608587
7605260
7605253
7604890
7568749
7568746
7568744
7568743
7568742
7558539
7558351
7558348
7551565
7550085
7550082
7550081
7546487
7546486
7546483
7546482
7546481
7546480
7541901
7536824
7488983
7481371
7750871
7713779
7625442
11648293
7885475
7697577
7537238
7702952
7702949
17252664
17252663
17252662
17252658
15160105
15160104
15160098
11873684
11837076
10495696
10495694
9693623
9693621
9693619
9540541
9525141
9511510
8975663
8975662
8975661
8975659
8941790
8941787
8935045
8935043
8935042
8935041
8935040
8935039
8935038
8935002
8934999
8779658
8700773
8700770
8700769
8696155
8696154
8632203
8631447
8603156
8603152
8603151
8553016
8525423
8522004
7897101
7895316
7879764
7879761
7879760
7879757
7879756
7879755
7870790
7870103
7868248
7796679
7790797
7790530
7790527
7790526
7790524
7790523
7786045
7785727
7783177
7782820
7782077
7776167
7776166
7776164
7776163
7776162
7776158
7773849
7772671
7771689
7769519
7769517
7769515
7769513
7760282
7760280
7760277
7760274
7760273
7756504
7755170
7751802
7744444
7744439
7744436
7741225
7737613
7737610
7737609
7714906
7697567
7697565
7697564
7697563
7677244
7670613
7670609
7670608
7670079
7670078
7670076
7669867
7669866
7665207
7665205
7665204
7665202
7665201
7665199
7665198
7657326
7648924
7648922
7625549
7623758
7623703
7621012
7621007
7615591
7608378
7608374
7608371
7608370
7608367
7605250
7605246
7605245
7603904
7603902
7602298
7602295
7575967
7568739
7568736
7568735
7568733
7568732
7568730
7561661
7561660
7561659
7561657
7561656
7561651
7561650
7553384
7553374
7545442
7543314
7539838
7484515
7746980
7893546
7900112
7863482
7762588
10150567
9567115
9567113
9567112
9567110
9525138
8779732
8689739
8593909
8593902
7897686
7891962
7891961
7889355
7876985
7876418
7876413
7876411
7869353
7860893
7860890
7847271
7847270
7847268
7840088
7840086
7835276
7794132
7794131
7794127
7786869
7786862
7777672
7775674
7775671
7775669
7775668
7775667
7775280
7774176
7774175
7774174
7774172
7774170
7769645
7748997
7745607
7740934
7740924
7730969
7730967
7730964
7730963
7728890
7726753
7725117
7723194
7722939
7722937
7722934
7722924
7722923
7722740
7722070
7722069
7722064
7722063
7722062
7722061
7714446
7714445
7714444
7714443
7714442
7714441
7714440
7714438
7714437
7710415
7710414
7710413
7709213
7706083
7677822
7641616
7641615
7641614
7641613
7641612
7641611
7641610
7641609
7626423
7626422
7626420
7626419
7626418
7626417
7626416
7626415
7626414
7626413
7626412
7626410
7626408
7626407
7626406
7626405
7626403
7626399
7626398
7626397
7626396
7614189
7614186
7614182
7614173
7614172
7607747
7607746
7607744
7607743
7607740
7600414
7600248
7600246
7591523
7591521
7568726
7568725
7568724
7568722
7568721
7546477
7546473
7546472
7546470
7546467
7546466
7546465
7541286
7537328
7529786
7848758
7848746
7895866
7712169
7841012
7827558
7702089
7538210
31924080
31924068
28769240
28557035
28557034
23511613
18415499
18215866
16795884
15503428
15091494
12346873
11623425
11362436
11322308
10740699
10163358
10163357
9601752
9601751
9590895
9528500
9526252
9526234
9520778
9520775
9497641
9497640
9497637
9495098
9495097
9495096
9470539
9462052
9462049
9263490
9117870
9117866
9117865
9117864
9082016
9082013
9082010
9064491
9063141
9063140
9063129
9063128
9063106
9063105
9063104
9063103
8984826
8975074
8975061
8975057
8934974
8882569
8861634
8854270
8854268
8849982
8849981
8834302
8830225
8822149
8819896
8785262
8775423
8742786
8739766
8713536
8707232
8702065
8702064
8700767
8700766
8700763
8699521
8699513
8699510
8699503
8699502
8694985
8694982
8688660
8688659
8688657
8688656
8688650
8688648
8686558
8664424
8664421
8664149
8655028
8650500
8650499
8650496
8650379
8650378
8634903
8631431
8624234
8624230
8624229
8624227
8617381
8615990
8615985
8615551
8615549
8615548
8615087
8614900
8613128
8597180
8593239
8593238
8593196
8593194
8593193
8591563
8591433
8587001
8579231
8569538
8561943
8560395
8556749
8556745
8556744
8554630
8553037
8553036
8536818
8534197
8532355
8531253
8529708
8527208
8527207
8527196
8526296
8526294
8526291
8526288
8521442
8521441
8521440
8521437
8521432
8520061
7899815
7899099
7899098
7899097
7897621
7897565
7897563
7897562
7897560
7897559
7897557
7897556
7897553
7895805
7895256
7895255
7894831
7894715
7891814
7891256
7891255
7891254
7891251
7891245
7891244
7890110
7890108
7890106
7890105
7890104
7890103
7890101
7890100
7890099
7884071
7881267
7879921
7879463
7878425
7878418
7878417
7876432
7876431
7876428
7876423
7876422
7876421
7875630
7875629
7875626
7867056
7867053
7867052
7867051
7867049
7867045
7866928
7863516
7855578
7855569
7854764
7852439
7837792
7825607
7820764
7817960
7817372
7789235
7789225
7789224
7785811
7785807
7785805
7785804
7785803
7785800
7784880
7784877
7784876
7783681
7780860
7776285
7775688
7775680
7775679
7775678
7774040
7770892
7770885
7770884
7758038
7754335
7748116
7743781
7735502
7735430
7734651
7734164
7728835
7728834
7728833
7728832
7728828
7728824
7728822
7726465
7726464
7726459
7726458
7726295
7725768
7722846
7719438
7718736
7718686
7717762
7716463
7716461
7714434
7714433
7714432
7714431
7714429
7714428
7714427
7712325
7711736
7710628
7710624
7710621
7710598
7706544
7706543
7706542
7706541
7706540
7706537
7706534
7704317
7699606
7699603
7699599
7699597
7699595
7699593
7676389
7676388
7676386
7670072
7670070
7670068
7664972
7664970
7664969
7660316
7656298
7656297
7656295
7656293
7651055
7644974
7642331
7642330
7642329
7642327
7642326
7642325
7642323
7642322
7639435
7639433
7638765
7632598
7631188
7624848
7621495
7621493
7615323
7615318
7614170
7614169
7614155
7614152
7614147
7610367
7610366
7605097
7605094
7605091
7605085
7605082
7605079
7601914
7601913
7601912
7599636
7599093
7597634
7597631
7597630
7597626
7597416
7581589
7581209
7581204
7577741
7577738
7577731
7577730
7577729
7577728
7577727
7570701
7570699
7570697
7569704
7568893
7557795
7557794
7557793
7557792
7557791
7557790
7557789
7557779
7557778
7557776
7557775
7557774
7557773
7557772
7557771
7557770
7557769
7557768
7557767
7557766
7557765
7557764
7557763
7557762
7557759
7557758
7554969
7554968
7554966
7554965
7554961
7554958
7554957
7554954
7554953
7554944
7554943
7554941
7554939
7554937
7554936
7554934
7554933
7554932
7554930
7554929
7554928
7554927
7554924
7554923
7554919
7554918
7554917
7554916
7554915
7554913
7554912
7554911
7554910
7554909
7554906
7554904
7554903
7550882
7550881
7550880
7550879
7550878
7550873
7550231
7549016
7548623
7502313
7502302
7498610
7498608
7498606
7495682
7495680
7494983
7494976
7494975
7482624
7482615
7481701
7481689
7481687
7481676
7481672
7481670
7481519
7480934
7480932
7480931
7480930
7480929
7480928
7479425
7473871
