21089229
20556892
20301786
36862822
20614582
36913510
24822019
24644399
23890265
23551511
23551507
23762935
23599946
20932120
23211070
21126168
20977611
20690832
21126151
22827820
22827818
21073343
20977606
20932125
20662863
20662861
20662860
20662859
20586784
20491824
20491811
21083744
21054508
20865302
20712442
20712438
20491820
20491819
20491818
20345985
20156225
22432824
22432823
22432822
22432821
22432820
21091344
20662666
21204163
21120568
20604811
20561061
20207393
21187530
21181215
21135033
21047216
20967476
20941633
20938794
20932150
20932122
20931252
21183521
21069407
21038101
20859649
20842517
20809080
20737181
27502628
22117722
22117721
22117717
21054507
21035293
20967560
20952277
20938795
20936314
20925498
20922439
20838834
20830497
20821262
20703775
20697755
20676908
20609005
20604813
21985210
21170545
21086189
20971754
20953875
20934291
20832378
20815732
20730468
20615643
20582610
24421993
23960513
21936025
21168271
21135034
21127168
21097991
21097534
21071238
20965624
20951663
20947226
20932786
20883114
20809268
20706752
20694567
20661607
20652339
20585815
20553126
20505963
20499116
21443745
21138466
21080110
20851501
20832327
20815718
20815714
20725757
20719416
20680319
20669038
20635106
20598351
20589404
20532581
21780246
21771187
21771186
21771185
21771183
21771182
21356017
21198897
21198773
21198763
21175736
21173030
21114515
21113806
21091540
20966067
20845265
20833686
20690855
20638150
20553161
20553159
20553144
20405184
20387085
20372949
20223781
20185261
20185260
21800264
23674914
21123264
24421991
21683264
21565726
21565718
21496183
21215980
21198774
21189085
21177129
21168924
21142982
21142981
21142979
21138359
21134786
21133984
21121958
21121943
21118289
21091529
20854719
20801667
20655131
20549280
20532582
20473775
21055830
23674913
21068036
22654371
21564147
21185010
21176828
21168446
21138354
21135035
21131666
21117895
21114516
21091754
21091525
21091353
21091345
21073331
21070378
21070328
21070323
21070319
21055978
21039750
20960226
20955394
20835760
20819783
20798209
20730577
20729403
20658349
20651043
20638305
20573534
20457084
20383545
20372951
20238232
21167668
21523736
27857665
21239122
21168288
27672261
27672260
27672259
27672258
27672257
27672256
27672255
27672253
27672249
27672247
27672245
27672244
21492213
21195526
21193170
21176870
21147150
21146154
21146152
21144496
21143533
21127931
21114593
21114589
21107784
21080788
21074463
21054511
21054226
21041048
21029265
21029149
20961345
20961344
20961342
20952229
20945405
20939845
20936432
20929720
20868433
20836083
20836082
20827678
20801061
20799278
20572777
20568035
20422239
20414707
21541253
20880643
20861053
24421987
24151417
23960502
21419367
21418411
21413154
21404236
21404234
21404231
21365666
21316634
21316620
21316619
21316617
21199335
21195473
21194847
21194846
21191126
21182449
21176946
21168501
21167964
21166827
21163516
21159693
21159372
21146640
21144495
21120687
21118415
21115144
21111400
21106132
21070693
21070320
21059875
21054555
21054224
21043803
21043799
21043793
21029264
21029144
20971695
20969613
20965634
20950917
20950914
20937669
20932909
20890705
20878404
20878157
20868428
20851474
20843235
20841314
20819136
20796226
20728296
20709724
20709618
20708944
20678841
20674129
20663781
20660128
20644971
20558788
20553158
20541237
20511359
20452232
20403738
20349098
20303242
20221780
20151312
20143243
20143242
20140470
20127378
20094743
20054594
20049493
21687508
21328527
21483728
21990799
21592211
21337711
21332744
21332738
21329831
21329830
21329812
21302272
21302268
21302267
21302266
21302262
21284733
21277447
21198765
21177072
21176854
21173178
21169038
21168482
21166828
21166825
21156215
21144778
21143530
21142585
21133982
21130183
21121988
21121987
21120558
21118332
21115324
21112411
21112362
21107594
21098475
21091452
21083570
21075442
21074250
21074177
21073982
21068020
21063810
21059105
21056408
21055726
21054199
21050063
21043794
21043792
21039896
21039628
21039626
21039623
21035111
20953743
20949282
20949276
20934794
20932158
20931227
20923449
20923441
20880325
20880136
20878431
20873996
20852088
20831373
20831371
20817890
20809864
20796227
20796225
20738432
20738431
20731735
20731734
20731733
20722774
20712437
20674407
20673636
20652770
20577772
20553166
20545550
20433248
20413167
20338971
20336494
20309597
20309596
20221781
20162317
20157753
20151169
20148278
20142299
20107826
23674910
21146824
21147086
21131362
21213344
21344018
21129747
25427329
25427324
21412843
21332691
21238790
21235007
21227568
21210488
21210486
21205165
21205164
21199334
21198899
21194947
21193943
21182947
21177012
21169333
21168349
21168252
21167759
21155997
21153807
21149859
21149858
21145637
21143392
21143391
21143390
21132275
21129835
21129160
21129159
21129158
21127961
21126556
21125213
21122971
21122968
21120652
21118796
21115117
21111521
21111042
21109278
21108643
21108641
21093527
21091514
21091495
21087294
21083830
21083575
21083573
21083571
21082281
21078847
21067889
21044166
21044162
21041035
21039627
21029145
20971154
20970963
20970176
20951420
20951041
20947064
20943212
20943210
20937388
20937384
20934744
20931254
20922645
20922394
20878537
20878533
20860592
20860591
20857133
20854943
20853439
20843232
20833511
20831368
20809865
20809861
20795795
20740658
20722529
20692675
20681813
20660130
20656532
20653435
20631083
20631082
20573712
20571843
20558591
20558589
20440633
20364310
20305054
20149925
20084416
20054595
20049497
20049495
21114966
20869825
20869824
20846802
20558019
20974199
21191101
21288841
21034733
21130736
21141834
27616861
27616858
27616852
26549917
24778685
24478951
24478950
24421982
24363696
24155537
24151412
24031639
23960500
23875398
23875397
23875396
23738859
23738858
23569611
23484474
23482829
23482677
23393529
23386883
23383552
23383551
23376760
23286643
23285398
23209960
23209949
23130053
23130051
23130049
23130048
23113094
23019506
23019505
23019504
23019502
23002676
23002674
22937378
22937364
22830149
22766021
22661791
22606509
22594001
22593997
22568273
22567450
22567447
22567446
22567442
22567441
22567439
22567438
22567435
22567431
22567294
22553623
22550881
22550823
22550821
22550818
22550816
22550814
22524086
22524085
22524084
22524082
22524079
22524074
22524073
22524071
22524070
22470234
22470232
22448410
22442617
22442612
22442611
22439344
22439330
22433649
22433648
22433647
22433646
22433643
22433641
22416623
22416621
22403989
22403988
22403987
22403986
22403981
22403979
22403976
22403972
22399837
22399836
22393983
22372307
22372304
22372187
22372186
22371663
22362338
22362337
22360086
22360077
22360076
22347683
22338967
22338822
22338785
22338784
22338287
22338281
22332387
22332383
22332381
22324222
22319759
22319756
22319754
22319753
22319750
22303604
22299115
22299112
22299110
22299107
22299105
22299104
22296348
22293591
22293590
22293589
22287910
22287893
22283107
22282731
22282730
22260808
22260802
22255609
22255484
22254188
22252492
22238839
22238739
22238737
22238732
22238730
22238728
22238727
22238726
22238725
22238724
22238723
22238719
22238718
22238717
22238715
22235654
22233305
22219655
22216256
22216093
22215951
22207889
22207878
22206013
22203951
22203931
22203929
22203909
22203853
22200995
22200993
22195013
22195003
22194962
22190932
22189731
22189644
22189643
22189641
22189639
22189202
22186693
22186692
22186691
22186687
22186686
22186685
22180994
22174868
22166148
22165322
22165317
22165315
22165313
22165312
22163299
22156664
22145005
22145004
22145003
22145000
22141234
22141231
22141229
22139713
22135947
22135946
22135945
22135727
22135613
22132334
22132012
22132011
22132010
22132009
22132008
22125647
22125437
22123022
22123012
22123004
22123001
22119837
22114597
22114595
22114594
22114457
22114455
22114454
22114453
22114449
22114447
22114445
22112987
22112427
22101687
22101686
22096584
22096511
22087335
22084705
22074600
22071638
22071417
22071415
22068187
22068186
22068184
22068179
22067411
22067068
22054964
22046099
22043655
22041015
22041014
22041013
22041011
22041008
22041006
22041002
22041001
22039479
22030820
22030817
22029166
22028714
22027459
22024919
22024792
22022138
22022136
22022134
22022133
22022132
22022130
22014874
22011892
22011890
22010416
22010415
22010411
22010410
22010407
22010400
22007218
22002215
22001627
21998806
21996638
21991484
21991481
21991471
21991466
21991464
21991462
21991460
21991459
21991458
21991457
21991456
21987376
21987358
21987305
21986398
21986394
21986015
21986013
21986012
21985895
21984897
21983610
21981635
21979772
21979768
21979766
21979765
21979764
21979762
21978782
21977088
21976989
21975074
21975072
21970260
21961002
21957645
21949664
21946498
21946496
21946494
21946482
21941550
21941549
21940263
21931743
21929947
21927546
21919311
21918739
21915526
21915522
21915521
21915517
21915515
21915514
21915227
21915226
21913541
21913423
21909352
21905401
21901625
21897734
21892543
21892540
21892365
21877378
21877268
21877267
21877266
21876971
21876339
21876251
21869538
21865737
21865689
21863585
21861250
21861037
21861030
21861028
21861027
21860242
21860241
21860240
21858167
21857887
21853142
21849786
21848004
21846990
21846460
21846458
21846244
21845783
21842022
21842021
21842020
21842018
21842017
21842016
21842015
21830350
21829688
21829526
21827018
21827017
21827016
21827014
21826260
21822195
21822194
21822048
21822047
21822044
21822041
21822038
21822015
21809720
21804736
21778724
21778723
21778722
21778610
21778606
21778598
21774875
21774874
21772728
21772726
21772724
21772722
21772721
21772718
21772715
21768749
21765925
21765907
21765896
21760864
21760863
21757792
21755050
21754930
21753900
21750641
21748004
21747855
21747846
21747709
21744740
21739834
21738646
21736863
21736862
21734947
21734944
21731287
21731282
21731281
21731272
21720160
21716828
21716242
21716239
21716233
21708313
21702327
21702326
21702325
21702324
21702323
21701548
21701547
21701542
21701540
21701198
21701197
21701196
21701194
21701193
21701188
21701141
21701123
21701118
21691588
21691516
21691515
21691512
21691508
21691506
21691505
21691500
21691499
21691498
21691497
21691496
21688580
21687564
21683027
21681703
21671222
21667563
21667562
21667561
21660656
21657125
21657123
21656389
21656388
21656385
21655658
21654929
21654171
21654063
21627869
21625429
21625134
21625132
21625131
21625128
21625126
21625063
21614940
21613043
21613040
21613039
21613031
21613030
21613029
21613026
21613024
21597270
21597266
21597208
21597206
21594206
21594203
21594201
21591595
21586105
21584253
21577000
21576990
21576960
21576958
21576957
21576913
21576911
21576905
21568078
21563449
21558787
21558786
21557097
21555859
21555858
21550598
21548264
21546779
21546760
21546759
21542418
21542250
21537591
21537586
21537585
21537584
21537583
21537580
21528724
21525751
21525718
21525705
21525700
21525694
21525690
21525687
21525686
21525682
21525681
21525676
21525674
21525672
21525670
21521923
21521920
21521919
21521916
21521913
21521911
21521910
21519655
21519654
21519653
21519652
21519645
21519641
21515236
21513656
21513655
21512473
21512472
21512470
21512469
21512467
21507285
21504629
21503465
21503447
21500765
21496636
21488738
21488730
21488727
21488726
21488725
21488724
21488723
21486510
21485963
21485954
21485616
21471690
21467782
21462624
21462622
21456473
21449213
21449211
21437474
21437468
21437466
21437463
21436861
21436858
21436857
21436856
21436855
21436852
21434585
21431602
21431514
21430961
21430382
21430381
21429315
21425080
21424105
21424090
21424087
21424046
21422669
21422667
21418949
21417165
21417161
21415550
21413453
21413173
21412003
21412002
21412000
21409770
21409762
21409760
21406150
21406143
21406142
21396263
21396170
21389699
21389671
21387981
21385536
21382210
21378719
21378718
21372465
21370772
21370765
21366156
21366155
21366152
21365053
21359454
21359451
21359445
21340203
21340116
21340110
21339303
21337861
21337860
21335990
21335886
21335874
21333807
21331345
21325845
21322387
21319726
21319654
21319417
21319416
21319415
21311610
21311609
21311608
21311146
21306074
21306072
21291015
21290981
21290979
21282895
21282883
21282882
21282879
21280073
21280068
21276378
21271787
21271331
21271327
21271322
21271321
21271319
21271178
21270003
21269979
21266802
21254239
21252846
21252474
21251117
21239932
21235613
21233746
21229419
21228963
21228962
21228961
21228960
21228953
21228952
21228593
21228022
21221114
21214977
21214975
21214974
21214973
21212699
21212451
21210008
21210007
21210005
21210003
21210002
21210001
21209999
21209998
21206935
21206934
21206933
21206930
21206927
21206926
21205734
21198621
21196691
21196499
21196351
21196346
21196326
21195286
21195283
21195282
21195280
21195278
21195275
21195274
21195261
21195258
21195253
21194587
21194583
21194581
21193770
21193769
21193768
21188849
21187758
21182523
21181706
21176827
21176825
21176810
21175291
21159912
21159911
21158932
21158931
21158857
21153784
21147974
21146791
21146088
21146087
21146086
21146085
21146082
21146079
21146076
21146075
21146074
21146070
21146069
21146066
21143467
21122905
21122903
21115624
21110188
21108317
21107517
21106229
21094721
21094718
21094717
21093034
21092053
21091792
21091693
21091539
21091538
21087341
21083576
21082683
21082283
21079930
21078857
21074996
21071064
21070426
21070326
21070243
21061280
21057036
21055980
21054950
21054144
21050648
21050642
21050641
21050638
21035876
21035516
21035310
21028990
20979233
20976668
20974901
20971693
20971137
20969438
20969432
20960463
20955754
20953898
20952240
20952219
20951042
20940364
20940359
20940358
20940355
20937350
20936966
20936965
20934401
20933489
20933046
20888884
20888883
20887975
20880030
20880027
20875853
20864802
20863148
20860429
20858779
20858776
20855172
20855059
20854361
20849849
20831759
20831669
20813785
20809866
20809859
20809079
20800834
20735705
20735703
20735698
20733498
20731736
20728311
20726945
20722772
20722535
20722531
20721947
20721946
20719084
20711166
20711162
20711157
20711147
20711131
20695775
20681963
20681815
20659265
20659259
20659182
20659181
20659179
20658440
20653433
20646079
20635397
20634416
20630736
20626573
20626251
20625993
20623604
20604872
20586999
20584094
20580286
20545534
20507240
20500067
20482598
20458622
20453499
20453484
20408905
20171767
20099071
20084534
20016923
19793345
19789937
19784712
19596745
21209820
21194415
21203416
21182769
21179161
20519197
21203554
21090577
21173829
21170110
20885412
21164587
21339898
21155687
20872798
20683851
21118988
21179450
21151063
21154245
21150869
21151572
21134646
21078988
20554545
20971075
20858015
22767566
20813541
25161475
22798310
22736862
22190836
22190820
22132255
22131673
22131671
22131669
22131668
22131667
22131666
22131663
21901953
21874742
21863077
21809605
21744759
21510355
21510353
21510148
21473359
21473357
21473354
21431273
21431269
21431268
21431249
21404973
21404971
21387832
21375007
21365851
21365843
21365839
21365836
21365835
21365827
21351412
21344837
21344836
21344834
21344833
21344829
21344828
21344826
21313969
21308296
21308295
21308294
21308290
21308282
21308168
21302741
21302736
21302734
21300266
21300261
21291090
21275236
21268394
21268392
21268391
21265436
21265433
21265309
21264195
21264190
21261189
21250776
21250773
21250768
21250765
21246983
21246578
21246065
21246063
21246015
21239862
21239861
21239859
21239858
21239857
21221934
21220860
21215190
21211242
21206171
21206162
21206158
21206155
21206153
21203740
21203739
21203738
21203736
21203735
21203734
21199105
21199102
21195976
21195971
21190637
21180859
21174264
21157822
21152020
21150513
21149811
21144473
21143439
21142934
21142724
21142720
21142719
21142718
21140603
21140589
21134930
21133948
21133946
21133943
21133936
21130344
21130343
21130342
21130341
21130340
21130339
21130337
21130336
21130334
21130332
21130331
21130330
21130326
21130318
21126295
21126294
21126291
21124563
21122100
21121523
21120277
21119354
21119352
21119130
21119129
21119128
21118009
21117837
21112538
21112537
21112536
21112534
21112526
21112525
21110720
21108924
21108923
21108922
21108921
21108920
21108918
21108386
21108190
21104867
21095402
21095401
21095168
21093815
21093808
21093731
21092824
21092822
21092813
21092812
21092810
21092809
21092808
21092807
21091845
21091844
21091843
21091842
21091672
21091457
21088940
21083626
21083625
21083624
21083622
21083621
21083616
21083615
21080000
21078079
21078078
21078077
21078076
21078075
21078074
21078073
21078072
21078071
21076415
21071831
21071625
21069375
21063818
21063670
21062944
21062939
21062217
21060984
21054639
21051307
21040098
21035344
21030100
20973737
20970905
20969610
20969609
20969540
20969442
20967306
20967305
20967303
20967302
20965633
20961184
20957652
20950913
20950911
20950773
20947155
20946346
20946345
20946344
20943264
20940356
20934740
20929724
20929716
20926267
20924070
20924064
20921196
20920378
20886441
20883686
20881174
20880380
20880378
20878767
20878642
20869764
20857180
20851573
20850975
20850974
20849841
20833709
20832851
20830809
20828673
20828639
20826192
20825508
20825507
20817456
20813348
20801488
20801185
20800230
20739705
20739700
20735448
20734335
20732674
20726914
20726910
20711686
20709137
20706742
20702106
20697731
20690934
20682017
20681812
20681811
20681808
20677879
20656077
20653828
20653437
20637035
20637034
20636416
20630706
20623675
20618549
20601240
20580576
20580276
20572917
20572916
20560959
20557432
20547494
20545778
20545721
20533004
20491574
20466771
20462912
20418495
20413451
20403957
20403956
20383501
20338773
20308200
20305056
20217469
20157652
20157648
20116356
20077118
20039129
20007004
19937075
19902278
19889488
19888611
19830462
19816719
19780842
19655179
19619229
19617246
19469879
19438939
24955932
21118524
21115951
21594044
21114831
21109809
21152114
21108791
22797196
21055944
20956292
21102665
21079185
21041630
21163160
21085584
20870250
20816801
21070657
21067620
24198477
21081018
21164744
21350642
20534620
21060725
21050499
20818826
21147619
21047224
28876749
28876725
26877723
25427272
25427261
23554665
22043140
21510577
21510023
21483648
21475554
21465452
21462767
21462766
21426851
21404523
21381366
21365884
21365883
21365882
21361149
21348277
21323016
21314039
21309277
21284137
21271064
21254111
21247049
21226408
21226403
21226402
21219726
21217630
21217626
21217623
21217622
21215027
21211437
21211435
21211430
21211429
21211168
21209989
21209986
21199616
21197924
21197504
21197501
21197497
21197493
21197491
21180937
21180005
21180003
21180002
21179998
21179933
21179932
21179931
21179928
21175033
21175032
21175030
21175025
21175024
21175022
21175021
21175019
21175018
21174937
21164051
21164042
21162178
21158192
21158189
21144217
21133033
21126653
21121502
21121227
21119487
21119469
21119440
21119420
21119419
21109275
21099166
21099162
21099153
21097439
21082303
21082302
21078104
21072100
21064264
21062724
21062720
21062717
21062712
21062710
21062709
21062707
21062706
21061764
21055609
21055605
21055603
21055602
21055600
21055595
21055594
21055592
21055582
21045233
21045229
21044560
21044559
21044558
21044556
21044108
21040467
21040462
21040461
21039747
21037194
21037192
21034880
21031629
20978073
20978072
20976808
20972666
20970538
20970537
20958340
20957404
20955955
20955941
20953168
20951311
20951310
20951309
20951308
20951305
20951304
20951303
20951301
20951300
20951292
20951291
20951290
20951288
20951287
20951286
20951285
20951284
20950386
20948377
20942588
20942426
20941478
20934968
20931341
20930652
20927424
20927421
20927420
20927418
20927417
20890934
20886237
20880054
20878092
20876646
20875760
20875756
20872788
20870333
20869275
20869273
20863482
20860046
20858783
20858781
20854283
20851973
20850944
20832773
20831450
20831358
20830590
20828787
20826844
20826648
20826365
20825523
20823032
20817481
20817290
20813556
20807267
20800965
20800346
20800220
20797740
20739940
20739698
20739690
20738456
20738434
20730878
20728866
20727639
20727635
20727634
20727570
20726915
20726913
20726912
20726909
20722756
20722755
20722753
20721978
20721945
20719359
20718877
20717709
20713117
20711150
20711129
20711112
20708317
20707831
20705472
20705432
20702542
20701960
20700576
20696202
20696201
20692192
20692191
20692188
20692186
20691750
20688952
20688951
20684986
20682455
20681809
20681807
20677966
20677964
20677961
20677959
20677954
20677953
20677951
20677950
20677949
20677947
20670340
20659178
20655177
20654681
20652427
20646235
20645406
20644212
20642471
20642469
20642467
20642463
20637133
20636352
20635221
20633072
20629905
20629904
20629542
20626574
20621613
20601246
20600551
20599388
20598856
20587496
20583915
20573529
20561145
20557436
20556410
20546251
20546046
20537790
20533306
20532630
20529177
20526277
20526257
20526246
20500061
20499338
20499091
20450368
20425127
20387099
20299983
20155718
20097537
20012384
19802717
19727921
19688586
19685196
19664893
19653059
19636663
19593602
19588075
19562404
19548057
20729551
22791737
21029454
20633620
21060879
21060740
20855313
20855312
20855308
20855307
21164677
21049043
20967005
20953167
21243073
21221175
20962843
20975999
20958961
20955614
20673670
20957018
20976177
20723913
20978726
20978725
20978724
20978722
20978721
20978720
20978719
20978718
21127687
20663623
20303684
20920668
20923557
20920332
20667500
27365744
24790631
24421976
24421974
24345696
23960495
23960494
23346342
23346341
23346339
23346336
23346335
23285391
23130047
23130046
23130045
23130044
22577425
22455272
22445123
22419924
22114442
22114441
22114440
22114436
22114435
22114433
22114432
22114430
22114429
22114427
22114426
22114423
22114422
21998798
21998797
21998795
21998794
21755798
21731254
21731252
21500481
21500477
21500475
21473409
21473408
21462483
21415980
21384627
21305835
21299004
21273726
21273725
21273724
21273721
21273718
21273717
21273715
21273714
21273711
21271101
21266133
21244775
21217953
21217952
21217948
21217947
21217945
21207798
21207797
21207794
21207793
21197513
21197210
21192619
21189775
21189772
21189769
21189767
21189765
21189760
21187633
21187632
21187629
21187626
21187623
21187622
21187621
21187618
21187613
21187607
21186752
21180972
21180956
21180287
21180285
21179693
21179691
21179679
21179675
21176604
21176603
21162348
21161137
21161136
21161134
21161132
21161129
21161125
21161122
21157176
21153934
21141206
21137843
21137591
21128529
21128527
21089672
21085790
21079362
21077385
21072219
21063551
21051035
21051033
21049169
21049168
21040174
21038837
21038834
21038833
21038831
21038445
21038444
21032994
21032982
21032981
21032980
21029335
21029334
21029333
20979138
20973643
20963297
20960990
20960594
20960383
20956911
20956670
20954037
20943103
20941745
20935195
20932402
20932398
20932397
20932187
20932152
20932130
20931524
20930244
20929675
20929275
20922169
20922168
20922167
20922165
20922161
20922154
20920702
20889058
20889057
20889056
20889048
20889043
20889041
20889035
20889033
20887671
20887668
20885361
20884936
20884935
20884934
20884933
20884927
20884923
20881811
20881807
20878740
20877741
20877736
20877735
20877733
20877730
20875532
20875069
20868998
20865235
20863942
20863241
20863237
20863236
20860545
20855348
20853483
20853480
20851354
20850686
20850685
20850683
20850680
20850679
20850677
20850674
20850670
20850669
20850668
20850664
20850663
20850114
20848554
20847990
20846154
20845114
20840007
20831937
20831642
20831641
20831640
20831639
20831638
20831637
20831635
20831586
20831585
20831583
20830797
20830793
20827066
20820459
20820457
20820456
20820455
20819131
20816561
20814606
20814604
20814600
20814599
20813364
20809232
20808216
20806103
20806100
20806099
20806097
20806095
20806094
20802180
20799124
20797899
20796108
20739448
20738427
20738363
20738362
20738361
20738360
20738171
20738170
20735719
20731414
20724950
20724674
20724449
20723601
20723194
20723015
20723014
20706776
20701961
20701898
20696465
20693479
20692189
20685671
20684947
20683731
20679442
20675598
20674412
20674404
20674123
20673869
20671206
20668275
20666978
20663050
20663049
20660796
20660504
20656903
20656534
20655098
20647498
20646928
20646081
20646078
20639508
20638712
20638116
20637517
20636363
20636362
20636361
20636351
20633597
20631092
20630982
20630704
20629544
20623326
20619717
20618878
20616213
20600557
20600522
20599465
20599464
20594049
20584620
20580285
20577776
20573528
20573527
20572923
20569172
20566756
20562409
20561157
20557971
20554886
20551084
20546114
20546111
20546108
20545722
20545717
20545716
20534713
20532933
20528695
20518070
20507229
20499360
20497006
20494589
20490493
20486799
20478659
20476890
20471895
20464402
20461396
20458728
20457032
20452259
20449733
20443038
20443018
20434975
20406270
20237077
20223718
20164127
20164126
20157681
20157650
20146349
20100785
20089571
20083445
20080961
19798521
19795136
19760084
19690902
19688229
19685086
19669175
19609574
18651112
21139959
20920246
20957113
20871549
20871523
20651709
20728430
20860800
20731400
20877465
23662087
20595386
20862276
20957093
20700893
20685295
20600659
20600647
20591826
20547096
20840757
20833313
20859452
20837580
20829856
20922052
20554135
20493649
20452156
20399051
20338704
20304571
20824846
20819212
20576613
31051865
28809519
27616849
27616848
27616847
27616846
27616842
27616839
27616837
27616836
27616835
23457815
22190814
22190794
22044473
22044470
21886405
21886404
21452508
21283507
21280423
21246104
21221472
21219809
21180084
21180083
21165280
21165279
21165277
21165276
21165273
21125795
21125794
21125793
21122453
21122446
21090047
21090045
21089027
21085806
21085804
21085802
21085797
21080757
21080752
21080751
21080750
21077550
21077424
21077422
21077421
21077416
21073042
21070715
21070711
21070708
21070707
21070706
21070705
21070704
21046912
21046909
21046908
21046906
21046903
21038126
20977102
20977099
20972271
20968103
20968102
20963730
20963546
20963544
20963541
20961031
20954417
20948941
20945750
20945749
20945747
20945746
20945744
20945743
20945739
20945662
20941913
20941331
20937428
20927001
20922305
20922301
20887523
20887517
20887516
20887515
20887514
20887513
20887510
20882737
20881346
20881342
20881340
20881339
20881338
20881332
20881326
20879202
20875983
20862420
20862414
20862413
20862411
20862409
20859566
20859563
20859555
20859554
20859553
20857030
20856051
20856050
20856049
20837744
20837742
20837735
20833858
20831735
20830195
20829169
20829166
20829163
20829162
20829156
20829155
20829154
20829153
20829151
20816304
20816297
20816296
20816294
20816292
20816290
20816284
20816194
20813232
20813228
20810140
20810061
20810045
20807362
20806400
20806391
20805347
20805344
20803647
20802411
20797655
20796049
20739241
20739237
20730948
20729189
20729186
20728733
20728732
20728729
20728728
20728725
20728721
20728718
20728716
20728715
20728713
20728711
20728710
20728709
20728708
20728707
20728706
20728037
20727499
20727498
20720503
20714769
20712977
20712976
20712975
20712702
20712701
20711558
20709271
20708567
20700695
20691334
20685737
20680966
20676671
20674414
20674413
20665518
20664953
20660910
20660058
20657856
20657851
20657848
20655015
20652229
20642473
20642472
20642466
20638244
20630496
20629983
20627360
20621288
20609025
20609024
20609022
20607661
20600554
20600550
20595268
20595020
20591700
20589892
20586673
20580767
20580345
20580344
20580279
20578871
20578870
20578866
20578863
20578859
20578856
20573183
20569977
20564519
20561524
20561314
20561079
20550970
20546045
20546043
20545791
20545790
20545789
20545779
20543094
20542552
20542497
20541802
20530729
20528484
20524789
20519491
20505050
20505048
20492441
20492437
20491836
20485863
20476887
20466579
20457623
20457622
20450374
20445074
20437277
20422240
20409724
20403965
20397906
20387021
20383108
20383098
20383097
20382197
20358215
20346420
20336748
20333714
20310058
20236127
20229081
20227533
20180704
20173714
20173710
20173708
20173707
20170387
20157854
20131979
20124316
20064692
20058022
19997765
19995154
19702672
19702670
19608221
19560800
19529881
19488675
19455366
19438944
19438943
20709958
20599594
20798727
20798726
20798701
20798700
21221176
20630877
27744960
20865121
20541209
20438725
20733147
20591639
21258495
20599812
20712908
20726289
20678978
20676391
20580765
20538880
20510228
20471747
20706252
20706251
20706227
21339901
21228919
20707924
20707911
20691405
21483575
20704737
20704718
20686573
20687072
20684751
21258472
25427189
25427183
25427181
22550451
21904590
21473203
21250576
21250575
21250573
21250570
21133230
21125881
21122365
21053644
21053643
21053642
21053640
20963274
20960947
20949763
20949761
20882765
20873656
20873655
20873647
20871964
20871963
20871962
20871959
20871954
20871950
20871949
20871948
20871946
20853730
20853235
20848938
20848937
20848936
20848934
20848928
20848927
20848924
20847997
20840832
20840831
20840829
20827328
20827324
20826437
20802848
20740707
20730353
20715541
20713288
20713270
20713268
20709679
20708511
20693855
20691364
20691362
20691360
20691357
20691355
20691352
20691346
20691344
20690948
20689565
20688019
20683287
20681781
20681780
20679458
20679455
20675938
20666794
20666756
20666755
20666752
20666751
20666748
20666577
20666572
20664843
20664841
20664839
20664837
20664836
20664835
20662916
20662913
20662908
20662905
20662889
20662888
20662887
20662885
20662884
20662883
20659700
20654765
20654764
20654762
20650422
20650418
20650416
20647110
20647106
20647105
20647103
20647098
20647097
20647096
20647092
20647089
20647088
20647087
20647086
20647085
20647084
20647083
20647081
20628774
20627571
20627235
20625241
20624196
20624194
20624192
20624189
20624187
20624186
20620804
20618720
20618717
20618716
20618715
20618546
20618545
20594056
20591698
20581832
20580811
20579171
20573530
20572903
20564656
20563598
20562406
20561320
20557403
20557399
20554890
20554269
20553714
20549197
20549178
20546824
20546087
20546042
20545853
20544937
20544920
20541742
20538351
20538260
20528965
20522781
20520561
20511564
20508948
20505045
20500235
20500234
20497450
20497449
20494903
20493614
20491988
20491987
20491986
20491984
20478291
20476889
20476883
20476882
20472869
20471083
20470855
20459458
20456512
20455916
20455915
20452745
20452393
20450952
20450369
20449756
20448245
20443982
20440482
20439150
20435438
20434064
20422303
20418125
20418063
20412864
20412420
20412418
20406354
20406280
20406275
20406273
20400723
20395410
20384702
20384701
20374437
20370421
20370417
20347623
20345381
20337864
20308621
20236208
20231213
20188868
20157668
20157656
20157655
20153611
20089570
20001320
19953665
19861582
19822530
19780631
19685168
19590908
19590907
19568775
19548011
20599763
20599717
20689576
21399310
20659313
20656992
20592728
22767557
20689692
20660233
20462713
20447783
20381983
20073049
20669382
20616834
20579626
20615236
20615230
20614447
20614437
20551503
20802787
23662083
20625398
20598123
20439466
27408310
27408308
26242595
26242592
24778684
24778682
24421970
23960491
23960487
23960486
23960485
23960484
23960483
23451550
23130041
23130039
23130038
23130037
23130036
23130035
22991609
22991607
22991604
22991603
22991602
22442596
22442592
22442589
22442579
22238712
22238711
22238708
22228963
22174536
22114417
22114416
22114414
22114412
22114409
22114405
22114403
22096335
22013463
22013461
22013459
21998791
21998790
21998789
21998786
21992836
21808578
21760677
21760675
21760673
21760672
21760671
21760670
21760669
21760668
21731347
21731345
21731343
21731339
21731269
21731264
21660217
21629614
21566786
21485555
21485416
21485415
21446137
21434589
21243818
21197218
21157062
21157059
21157058
21157055
21157050
21157048
21157044
21137616
21122437
21122432
21116394
21116393
21116392
21116391
21116389
21116388
21116387
21116385
21116383
21113481
21086593
21053673
21049765
21037803
21037801
20981175
20968230
20964069
20953565
20953563
20953562
20953560
20949615
20941985
20930368
20930367
20930364
20930363
20930361
20930357
20930350
20930349
20930347
20930340
20922866
20879648
20879647
20879646
20877976
20877975
20877972
20877971
20877970
20877969
20866651
20860270
20842885
20842884
20842079
20842078
20836957
20836956
20836955
20836953
20836950
20836949
20836947
20836946
20835577
20835574
20835572
20835571
20835570
20835569
20835567
20835565
20831140
20831138
20831137
20831135
20831133
20831131
20831127
20821986
20819469
20806738
20806703
20806701
20806699
20806694
20806630
20799842
20799836
20799540
20799380
20726492
20722309
20712109
20712106
20712104
20694343
20694340
20694338
20688799
20688717
20687310
20676817
20676815
20676814
20676052
20672732
20672731
20672729
20672728
20672727
20672724
20672721
20668326
20668325
20657880
20657869
20657868
20657863
20653871
20652799
20652798
20652791
20647846
20642945
20636839
20636729
20636724
20636518
20636517
20636516
20632864
20631272
20630310
20630309
20630308
20630307
20630306
20630303
20630302
20630297
20630296
20630294
20630289
20630286
20630284
20630283
20630197
20630196
20630195
20630189
20630188
20623037
20623035
20620841
20620840
20620836
20620826
20620824
20620760
20620755
20620625
20620364
20619771
20618434
20617228
20617226
20617224
20616294
20614049
20614044
20614043
20614039
20614038
20614037
20613926
20613923
20613922
20613915
20613914
20613913
20613912
20613607
20613602
20613565
20610303
20606188
20597571
20597251
20596020
20594428
20594426
20594306
20594082
20594081
20593555
20592408
20592405
20591781
20591778
20591763
20591762
20590757
20590463
20589264
20589263
20589262
20589260
20589259
20583251
20583178
20581431
20579426
20579035
20571529
20568965
20564430
20561467
20553134
20552106
20552104
20552101
20552099
20548192
20545831
20544874
20536592
20536591
20536588
20534997
20533966
20533965
20528960
20514045
20514044
20511387
20505054
20505052
20504228
20497507
20497303
20492076
20492075
20492073
20491983
20489614
20482368
20482367
20482364
20482356
20482354
20482350
20482348
20482346
20482345
20472893
20459496
20459463
20456518
20456516
20456515
20456450
20452258
20444981
20444949
20444636
20444441
20439931
20437019
20434250
20421365
20418064
20417016
20417012
20417007
20416554
20403409
20403368
20402772
20399669
20399512
20399496
20399289
20399284
20392131
20384704
20384532
20381575
20381138
20374439
20363021
20362701
20359738
20359518
20350158
20350157
20345743
20345738
20338728
20337902
20337900
20337869
20337867
20336083
20310064
20236764
20236234
20233316
20232219
20226710
20219379
20214440
20202097
20179601
20173727
20173723
20173719
20169446
20149065
20149064
20116887
20100214
20089470
20085614
20083446
20041975
20038885
19953663
19924428
19897381
19860529
19824824
19430725
19396579
19330424
19277822
20591157
20416338
20590200
20485772
20585584
20582309
20507154
20404336
20565753
20556788
20556759
23662081
20304572
20540808
20538946
20493460
20448149
20529368
20530801
20529386
20498092
20420446
20525339
20525244
20223282
29149528
29149526
25018618
23739254
23739251
23056700
22736849
22190780
22190770
22110819
21629459
21629457
21629456
21629454
21629450
21485660
21413602
21392327
21234862
21188920
21173940
21171309
21165191
21165190
21165189
21165188
21165186
21163015
21163010
20929098
20863039
20835403
20819609
20808272
20737934
20737931
20721447
20721300
20718312
20718218
20718216
20718215
20718213
20718212
20718210
20718208
20718207
20698422
20698418
20685541
20685535
20685530
20685529
20685528
20685523
20685521
20685512
20684442
20684440
20684439
20672754
20672752
20672751
20672750
20669709
20669708
20669707
20669705
20666789
20662305
20662304
20657977
20648889
20648888
20648883
20642970
20640349
20640348
20640341
20635846
20635845
20635842
20635841
20635839
20635838
20635671
20635659
20635657
20635654
20635647
20635048
20635045
20635036
20635031
20629368
20629367
20626781
20617766
20614799
20614798
20614796
20614728
20607059
20607055
20607054
20605179
20604766
20604759
20604755
20604754
20604753
20604750
20602879
20602876
20602873
20597238
20593665
20590972
20590968
20590967
20589257
20588224
20588223
20588220
20587964
20587963
20587962
20587960
20587958
20587957
20587955
20587954
20587950
20587942
20583505
20579435
20572867
20572865
20572864
20572849
20572848
20572846
20572845
20572844
20572843
20572842
20572841
20572840
20572837
20567036
20567035
20567033
20566913
20565028
20557216
20557202
20553705
20546361
20546240
20543791
20543774
20536580
20536578
20536577
20536575
20536574
20536572
20535083
20533405
20527464
20523178
20523177
20519107
20516806
20516300
20516111
20516102
20516094
20516093
20516084
20516033
20515813
20515472
20513111
20512109
20507816
20507815
20507813
20507812
20507811
20507809
20507807
20507373
20507372
20507371
20505232
20500696
20493326
20493323
20493321
20490393
20490392
20490389
20490387
20490386
20490385
20478471
20478468
20478467
20478465
20478451
20478450
20478447
20478446
20466330
20466315
20464352
20457581
20457536
20457024
20457021
20456473
20456077
20451847
20451837
20451834
20451831
20451827
20451434
20450365
20450363
20450360
20450354
20437036
20436392
20434419
20418196
20414903
20411381
20409677
20406279
20406278
20400721
20392435
20387077
20386788
20386786
20386780
20384705
20382840
20382476
20382453
20382373
20373958
20372693
20370809
20370807
20367186
20356664
20353453
20353452
20353448
20351355
20350155
20350152
20347481
20346565
20346564
20337663
20334906
20308007
20307624
20304544
20303579
20302903
20299523
20299089
20298738
20233920
20229503
20229184
20226160
20223273
20223272
20214895
20211728
20206724
20206483
20206312
20205208
20202675
20202099
20200938
20195761
20188783
20181388
20177988
20172659
20157677
20157671
20157663
20157661
20157659
20156234
20156233
20144538
20129064
20127707
20116355
20113394
20108107
20091849
20091416
20088703
20087402
20081523
20080960
20080958
20077466
20067397
20055661
20053131
20034010
20018797
20002974
19969525
19967360
19959612
19959610
19917626
19879369
19875744
19860567
19859733
19854628
19837747
19793779
19779767
19755534
19752016
19745002
19737135
19729399
19688227
19592261
19557443
19555356
19543927
19536570
19506922
19488796
19285432
19220844
27789992
20508025
20505726
20520782
20457923
21523229
20525476
20489766
20495769
20486090
20121266
20477729
20470364
20465835
20465831
20646602
20479893
20448613
20448595
20448584
20334424
20215060
20170920
27507925
27507922
27507921
27507917
27507916
27507915
24855536
21284250
21284248
21284246
21186548
21186544
20976120
20857012
20857011
20857006
20856997
20831101
20819409
20819408
20819407
20819406
20819405
20819404
20819402
20819401
20819400
20799558
20740469
20734781
20715569
20685596
20632151
20615003
20607970
20607969
20602065
20592380
20587826
20584185
20578562
20575206
20575204
20575202
20575199
20575195
20575193
20575192
20563399
20557711
20557708
20557705
20557704
20557702
20557700
20556262
20556256
20556253
20556246
20552092
20552087
20543479
20533639
20533637
20533635
20533633
20533630
20533628
20533627
20533626
20532061
20525048
20525039
20522134
20522133
20522131
20522130
20522129
20518939
20518938
20518935
20518934
20518931
20518930
20518929
20518927
20514622
20507367
20506906
20506904
20506900
20503005
20503003
20503002
20503000
20502433
20502430
20500707
20500704
20495285
20495284
20485082
20485068
20485064
20485054
20484829
20478806
20478799
20478798
20478791
20478790
20478789
20478786
20478785
20477972
20477971
20476527
20467158
20464197
20464194
20464190
20463423
20461960
20461959
20461327
20461326
20461325
20461324
20461323
20461322
20461321
20459202
20455902
20453174
20451791
20451790
20451789
20451788
20451784
20451783
20451782
20451777
20451774
20451772
20451770
20448409
20445298
20443806
20443804
20441424
20438978
20436100
20433303
20433209
20429658
20429657
20429656
20429652
20426680
20426675
20426674
20425816
20418531
20416929
20416538
20416525
20416524
20416523
20416513
20416445
20416441
20416436
20416434
20416431
20416430
20416429
20416427
20416426
20416425
20416424
20416423
20416422
20416421
20416420
20416419
20416418
20416415
20416410
20416408
20415972
20409205
20409203
20409202
20409200
20409199
20402574
20400843
20394696
20383477
20381012
20376379
20376376
20376372
20376371
20376368
20376367
20372918
20369361
20362324
20350576
20346902
20345796
20345781
20337664
20334975
20334487
20332333
20309582
20304556
20235169
20230309
20228277
20223574
20223573
20223571
20222921
20218780
20213300
20202098
20202086
20202066
20198380
20190045
20189701
20189637
20189237
20188449
20180897
20180895
20176905
20170706
20167362
20156669
20156663
20144498
20141361
20139337
20138419
20136710
20128880
20128831
20097106
20097101
20096980
20091920
20091839
20080198
20050758
20050757
20050754
20050753
20050750
20050745
20050744
20050740
20050738
20050735
20050734
20045265
20038906
20038903
20038893
20038889
20033817
20033791
20033505
20015238
20005075
20003632
19965905
19953616
19949810
19937744
19927281
19902458
19888897
19860525
19644658
19575263
19481765
19438938
19288054
19219484
19076177
19012952
19011951
27458329
22736560
22736556
20345098
24281088
20418813
20178975
20071389
20422000
20410104
20625221
20411003
20406435
20138489
20672073
20398340
20123092
20106616
20102707
20080938
20060671
20043904
20418947
20398271
20393961
20480036
20385006
20379243
20380929
21729337
20396633
19955158
20184942
20184340
20067823
20368809
20206604
29213678
24421965
24421964
24421963
24421962
24151407
24109165
23960479
23960478
23130034
23130033
23130032
23130031
23130029
23130028
23130027
22991600
22991599
22991598
22691855
22238704
22131714
22114400
22114392
22114390
22114386
21998779
21998778
21814437
21702275
21691555
21691554
21691553
21546983
21483578
21455464
21250405
21250403
21250402
21250401
21209533
21061921
20859487
20859486
20859485
20859482
20859481
20859479
20859478
20859476
20836396
20825078
20701001
20700999
20700973
20698434
20668795
20660981
20660980
20660979
20660978
20660973
20660972
20660971
20660969
20658045
20658044
20658041
20658036
20658034
20658032
20657107
20657100
20657095
20657092
20657090
20657089
20657088
20657087
20657082
20657080
20654203
20654194
20640380
20608305
20608304
20608303
20608301
20608299
20608297
20608293
20592834
20578669
20578660
20578653
20568913
20540401
20537013
20533716
20512226
20511175
20506584
20496842
20495222
20491370
20491369
20491234
20491221
20491220
20491219
20491217
20491216
20487630
20487450
20487448
20487446
20487445
20487011
20487009
20487008
20487000
20486949
20486948
20486947
20486383
20485989
20485988
20485985
20485984
20485983
20485974
20485972
20485971
20485969
20485968
20481299
20480673
20480665
20480663
20480660
20480659
20480657
20480656
20480652
20480649
20476718
20476714
20476713
20470260
20470257
20469793
20469792
20469791
20469789
20467597
20467595
20465953
20465698
20465032
20464299
20461343
20447263
20447262
20446549
20446488
20446487
20443798
20434040
20433984
20433982
20433980
20433977
20433976
20433566
20414070
20414064
20413792
20413790
20406153
20403305
20403300
20398174
20398152
20397513
20397511
20397133
20396453
20396450
20396447
20396446
20396444
20396442
20396441
20396440
20396439
20395909
20393439
20392410
20388816
20387185
20386216
20386212
20386211
20383412
20383244
20381767
20381758
20381756
20381755
20381751
20381750
20377563
20377562
20377561
20377559
20377558
20368118
20367106
20367105
20367104
20367103
20367101
20367099
20362918
20362917
20362915
20362914
20362911
20362905
20362902
20362770
20362768
20362767
20362766
20358612
20358607
20358169
20354094
20353654
20347466
20338548
20337543
20335565
20307765
20307762
20307760
20307759
20307758
20307754
20307752
20307751
20307749
20307747
20307743
20307741
20307737
20307734
20307732
20307729
20305991
20305875
20305873
20305872
20305871
20305869
20305868
20305867
20305866
20305860
20304327
20303065
20303060
20303052
20303051
20303048
20303046
20303040
20235316
20235314
20233613
20228980
20228979
20228978
20228974
20228971
20226966
20226674
20220177
20217139
20211451
20209181
20209180
20209178
20209171
20209170
20209169
20205176
20202094
20201662
20200451
20200414
20200410
20189430
20189427
20188606
20187762
20184551
20179896
20179581
20174778
20167319
20164496
20163430
20159792
20157678
20157676
20157675
20157674
20157673
20157670
20157666
20149460
20141524
20141523
20141522
20138600
20130037
20127805
20127478
20117068
20113396
20113393
20109485
20107973
20106520
20097109
20091904
20089073
20089072
20089071
20089070
20085618
20083450
20079396
20074787
20070350
20070349
20070346
20064611
20061121
20060432
20060336
20059490
20053455
20049634
20045555
20045036
20040034
20040026
20026403
20026232
20016922
20005290
20004757
20004698
20004439
20002878
20002631
20001844
19962418
19962245
19961894
19945128
19941344
19937049
19927276
19924139
19921295
19918990
19918771
19913336
19910127
19909406
19891716
19889647
19888301
19882637
19882173
19874533
19860551
19849806
19816229
19805394
19803725
19795996
19795982
19793211
19780910
19778325
19778323
19778322
19748923
19744265
19740977
19737789
19721467
19721466
19719885
19698965
19691903
19671887
19664932
19628046
19530908
19509345
19504133
19484274
19399539
19343381
20452900
20350294
20339402
20339401
20346142
20346124
20220757
20335458
20138210
20339592
20238367
20238319
20045451
20517868
21483589
20504286
20389602
20028792
20028791
20006850
19922956
19780036
20228749
20226082
21119994
20219141
23662078
22039575
21935291
21892257
20203608
20203600
20112925
23204727
23199045
23139581
23139576
23139575
23139562
23139559
23057310
23056690
22993547
22736836
22347237
22254021
22162916
22046746
22046742
22046738
22046737
22046736
22046732
21413572
21386213
21386207
21275129
21165179
21053459
20929626
20839478
20839477
20839473
20795450
20690397
20683563
20683560
20661369
20632671
20628551
20617010
20594281
20575318
20535924
20520942
20506659
20506658
20502645
20499492
20499491
20489449
20487718
20485933
20485923
20485921
20483017
20483016
20483015
20483014
20483013
20472621
20459276
20450687
20450684
20450680
20450679
20447314
20447029
20443792
20443354
20443352
20443351
20443350
20441048
20441047
20441046
20441044
20439928
20439925
20438672
20437762
20434027
20426264
20426263
20426262
20426260
20426259
20420070
20420069
20420068
20420066
20420065
20420062
20420059
20420058
20420057
20415918
20415916
20415914
20415913
20415912
20415911
20415906
20415805
20415804
20415253
20415251
20415248
20415245
20415012
20415006
20414599
20413813
20413812
20411727
20402325
20402324
20402323
20401430
20397502
20397501
20397499
20397498
20397495
20391947
20391946
20384831
20384830
20384825
20379022
20369102
20369101
20369097
20369096
20369094
20369093
20369088
20361700
20359448
20359447
20359446
20359444
20359281
20359277
20359276
20359275
20359273
20357739
20357738
20357737
20350717
20350715
20350708
20339250
20339249
20339248
20339247
20339242
20339237
20339236
20339229
20305852
20305851
20305850
20305846
20305845
20237985
20236921
20236914
20236910
20236909
20236905
20236904
20230975
20230973
20230971
20230967
20230966
20230965
20230964
20230963
20230962
20230961
20230960
20230959
20230957
20230956
20228992
20228991
20228990
20228989
20228982
20224097
20223067
20222332
20219604
20219603
20219600
20219577
20216455
20216452
20216438
20215965
20213026
20213020
20213018
20213017
20210640
20210632
20210551
20203280
20203279
20203278
20203274
20197180
20197179
20197178
20197176
20197175
20197174
20197172
20197165
20197161
20194393
20194387
20194386
20194384
20194382
20194363
20193074
20192872
20192867
20192865
20192864
20192863
20192860
20192859
20190674
20188241
20188238
20186086
20186084
20171484
20171482
20171474
20171472
20171379
20171378
20171373
20171372
20171369
20171368
20171367
20171366
20171365
20171360
20171359
20171358
20171355
20171354
20171353
20171351
20158536
20158533
20158531
20158530
20158529
20157281
20156247
20156246
20154182
20150282
20148916
20142762
20141364
20139340
20127068
20123767
20116783
20110511
20110185
20108204
20102762
20102470
20097105
20097103
20093674
20093502
20091889
20088981
20088980
20085615
20079800
20070861
20070860
20050984
20038916
20038915
20038616
20031288
20022224
20012302
20007650
20005915
20005025
19969343
19968764
19953528
19951984
19945498
19941930
19939646
19931901
19931587
19918995
19906417
19905870
19905869
19905868
19905867
19905866
19905863
19905857
19905852
19905850
19905849
19892523
19883724
19882100
19861183
19860520
19853002
19843105
19840829
19827158
19817878
19767712
19767706
19767705
19767697
19767689
19744195
19744172
19713553
19687752
19633868
19580690
19578823
19578804
19545321
19383762
19371391
19076182
18787759
18685884
19186044
20186195
20186185
20195514
23662077
20184732
19963328
19942385
20383967
20195365
19904773
20170481
20169619
20163743
20163741
20140057
20140056
20140055
20140054
20140053
20140052
20140050
20130249
20174667
20166090
20166078
20166077
20093990
21160694
20507649
20151861
19934113
20147930
20147924
20134480
20146806
20144243
20224737
20181113
20094673
19570797
20059976
20043976
19947912
20450356
23853309
23705150
20653820
20653816
20645840
20628702
20560450
20559471
20437728
20437727
20437725
20437724
20437722
20414577
20411796
20394246
20368008
20368005
20368003
20361572
20337142
20337090
20337089
20337084
20337082
20337081
20337079
20337037
20300702
20300701
20300694
20300693
20300692
20300690
20300687
20300683
20234065
20234061
20232533
20229704
20225703
20225700
20225699
20224836
20224832
20224830
20222361
20218953
20218064
20214181
20212404
20210971
20196342
20196340
20182615
20175268
20170752
20169697
20165748
20165747
20165746
20165745
20165742
20158462
20156267
20156264
20156263
20155505
20155502
20155233
20155231
20155230
20155227
20155226
20155225
20152684
20152683
20152679
20152675
20152672
20152667
20152661
20152659
20152552
20151948
20151813
20151812
20151803
20151799
20151798
20147820
20147818
20147813
20145066
20141818
20141815
20141813
20141812
20136948
20136947
20136946
20136945
20136944
20136940
20129433
20129422
20129033
20129030
20129029
20129028
20128744
20123878
20123877
20123876
20123871
20123414
20123411
20123398
20123392
20121617
20121359
20116703
20116700
20116690
20113806
20113805
20113804
20113803
20113802
20113801
20113800
20113797
20113793
20113791
20113790
20113786
20113783
20113781
20113780
20113779
20113777
20113776
20113775
20113774
20113691
20104247
20103370
20101698
20100921
20100920
20100918
20100840
20097309
20096085
20096077
20096042
20089069
20089068
20089065
20089064
20089063
20089062
20089061
20089059
20089057
20084064
20078797
20078794
20078792
20078703
20078702
20078699
20078698
20078697
20074788
20074763
20074205
20071144
20070757
20070148
20065717
20065716
20065713
20065710
20065708
20065707
20065706
20065705
20065704
20065703
20065702
20065701
20065689
20065672
20060266
20056193
20045179
20042744
20042740
20042737
20042736
20041980
20041978
20040027
20040023
20039784
20037587
20037586
20034610
20031454
20024968
20018274
20018273
20012111
20004960
20002977
20002972
20002630
19969481
19969480
19969477
19968767
19968676
19955272
19950375
19938149
19931851
19927338
19922495
19922494
19919543
19919542
19919541
19918795
19910848
19902454
19895866
19875316
19857888
19845710
19844984
19843497
19843136
19843133
19828592
19819290
19818487
19815349
19811511
19810118
19804811
19799959
19797410
19796717
19781594
19781591
19768397
19764896
19752017
19737072
19736219
19735525
19726491
19705173
19679651
19672970
19656634
19618221
19602117
19596090
19574543
19543926
19495814
19487435
19475438
19401356
19397470
19333627
19306025
19280233
19241096
19913377
20109185
20102631
20080622
20098389
19640887
19586952
19535376
19515665
19386654
20091655
20091651
20091645
20091594
20090806
20080560
20180965
19969528
19846120
20082269
20080749
20057458
20057437
20057432
20090842
19889629
20205797
19766658
19765593
20148142
19828015
23671397
20137577
20018682
20018657
29913935
27625559
27625557
27625556
27625555
27625552
27625551
27625550
27365709
27365704
24778681
24778680
24151406
24151405
24109164
23960473
23285376
23130026
23130024
23113044
23057300
23057299
23022779
22572181
22442555
22442547
22442546
22399835
22238701
22228981
22228980
22114381
22114380
22114379
22114378
22114376
22114375
22114374
22114369
22114368
22053628
21998775
21998774
21998773
21998769
21998768
21918622
21866746
21866743
21794678
21698071
21687561
21673839
21673833
21638967
21638965
21638957
21612045
21548319
21547146
21545030
21528762
21528755
21510091
21491006
21491004
21491001
21491000
21490997
21490996
21490995
21490993
21490992
21490990
21490989
21490988
21490985
21490980
21488825
21473102
21473076
21473003
21471664
21469287
21469286
21469285
21469283
21469267
21467835
21465852
21465851
21448443
21448441
21427819
21427817
21427816
21425708
21417130
21417125
21417124
21417123
21417122
21417120
21417118
21417116
21417114
21417113
21395520
21391183
21387820
21372547
21365798
21350602
21329238
21329237
21325862
21323012
21322432
21322431
21322430
21322429
21322366
21322365
21318180
21314087
21314086
21311445
21311442
21311441
21311435
21306086
21306084
21306083
21299056
21280457
21271046
21271044
21269041
21269040
21269039
21266836
21266835
21266833
21264366
21264361
21264358
21263180
21258276
21243544
21234408
21234381
21229915
21209502
21207919
21207917
21207915
21207302
21203711
21203707
21203703
21197434
21191329
21189989
21189986
21189985
21186653
21186642
21180803
21180797
21180796
21180683
21180681
21180679
21180678
21180669
21180668
21174567
21170019
21170016
21170014
21170010
21167087
21151663
21141433
21141049
21138696
21137668
21124031
21121412
21121411
21118634
21103643
21103642
21103631
21096504
21095979
21095928
21088401
21069110
21069107
21063137
21063135
21057664
21053691
21053683
21053679
21053517
21051892
21051891
21043092
20976961
20976392
20976383
20976380
20976379
20975268
20974454
20974453
20974449
20954457
20948573
20948572
20948569
20943036
20943031
20943029
20938479
20938478
20938474
20938473
20938471
20938469
20938468
20936196
20936193
20936189
20936186
20934966
20931923
20924460
20922084
20922080
20922077
20922075
20886059
20883134
20879465
20879463
20879460
20879215
20877163
20877162
20877157
20873303
20871810
20861631
20861630
20857075
20848007
20848004
20847999
20842290
20838043
20838042
20834054
20834053
20816460
20813087
20809043
20809039
20806545
20801184
20798522
20735266
20720422
20719101
20719098
20717792
20717791
20717784
20717780
20714153
20706536
20706535
20704476
20701218
20701215
20701214
20701213
20699614
20696101
20692318
20689718
20689239
20689238
20689237
20689236
20689235
20687358
20679754
20675274
20672745
20671961
20669816
20669815
20668377
20659524
20652078
20652071
20652044
20645647
20645643
20645637
20640366
20640363
20640360
20640359
20638437
20628510
20628232
20626187
20626136
20623943
20621154
20616552
20616551
20613956
20608033
20606913
20606432
20606407
20600560
20599463
20597319
20597307
20597259
20597258
20597257
20597256
20597052
20593636
20589255
20589245
20582388
20582221
20582219
20582216
20582215
20582213
20582212
20579445
20579440
20578505
20577288
20577286
20577282
20577281
20577278
20574131
20574130
20574128
20571287
20568423
20567068
20562012
20559240
20559226
20556935
20553175
20553132
20545544
20545536
20545533
20545527
20543965
20530964
20527507
20527505
20524253
20517258
20517256
20517255
20517243
20517242
20517241
20517240
20516707
20516691
20516690
20516689
20516687
20514921
20514785
20514558
20509310
20509308
20509307
20509305
20501966
20501964
20500134
20496804
20495758
20495747
20495246
20491635
20490271
20484882
20482478
20481291
20481288
20480059
20480058
20480054
20476665
20476664
20473846
20472020
20467562
20464323
20464319
20464318
20463771
20458147
20454647
20454579
20454445
20453308
20450473
20445755
20445734
20440088
20436411
20436408
20436401
20428327
20428008
20427930
20427928
20427927
20427925
20427916
20427915
20427914
20427913
20427905
20427904
20427903
20426593
20426591
20422908
20420204
20420194
20418986
20414341
20407486
20402828
20402075
20391142
20390814
20389070
20389069
20388311
20388072
20387331
20379687
20379680
20379679
20379366
20379356
20379015
20379012
20379005
20378014
20376261
20372670
20372669
20371434
20362639
20359430
20359428
20359427
20359426
20359424
20359423
20359309
20359064
20359062
20359045
20357443
20355278
20348898
20348895
20348894
20348890
20348889
20348888
20348887
20348886
20344958
20339723
20339722
20339720
20339718
20339715
20339708
20339707
20339518
20339492
20339490
20339489
20298654
20298653
20298648
20238280
20234896
20234892
20234890
20234889
20234888
20234887
20218871
20218870
20218869
20218866
20218865
20218459
20218457
20218267
20217960
20215674
20215673
20215672
20215671
20215670
20215668
20214158
20213939
20212406
20209212
20209197
20204833
20199431
20190505
20178228
20173325
20168052
20166415
20166409
20166406
20166405
20160442
20160423
20159546
20158016
20158012
20158008
20157203
20155700
20151077
20135249
20135247
20135246
20134181
20134179
20131727
20130404
20130403
20129896
20129892
20129891
20129890
20129884
20128187
20126347
20123588
20123389
20123388
20123373
20123368
20122441
20122433
20122428
20122423
20122421
20122418
20122311
20121911
20121910
20117994
20117990
20116657
20105682
20105680
20105676
20105674
20103478
20098972
20098971
20098970
20098969
20098968
20098967
20098966
20098965
20098964
20098963
20098962
20098960
20091929
20090327
20090326
20090044
20089740
20089739
20082587
20078202
20077488
20077486
20072016
20071918
20070750
20070749
20070748
20070745
20068303
20068302
20067418
20067414
20066624
20061967
20059593
20059592
20059591
20059589
20059588
20059587
20059427
20059424
20059421
20059417
20059416
20057173
20056569
20052370
20051070
20051069
20047523
20046484
20046480
20046477
20046476
20046475
20046054
20045828
20045824
20045820
20045819
20045102
20040148
20034071
20013654
20012519
20012408
20008136
20007794
20006172
20006168
20006164
20006163
20004135
20003959
20003956
20003950
20003948
20003947
20003943
20003941
20003940
20003939
20003936
20003934
20003932
20003931
20003930
20003929
20002804
20002802
20002801
20002800
20002269
20001640
19996616
19969285
19966041
19959237
19958253
19949943
19945626
19942210
19940971
19939349
19937642
19932620
19929637
19923784
19922492
19914039
19912483
19912273
19910020
19907734
19907733
19907732
19907730
19907727
19907724
19906096
19903181
19902531
19900183
19899120
19898233
19893324
19891719
19891718
19880335
19879763
19879641
19878909
19878192
19875313
19864171
19854755
19852714
19852661
19852658
19852656
19852652
19852650
19852649
19852646
19852643
19852635
19850027
19849775
19847394
19845708
19837452
19837098
19837024
19828341
19824920
19819013
19818702
19818701
19816704
19813192
19806668
19804957
19804903
19801918
19796801
19793611
19781592
19770815
19767698
19767694
19765911
19765197
19762142
19758404
19754644
19748664
19748548
19747973
19744862
19744171
19737596
19737595
19735454
19735453
19733205
19732352
19719401
19716453
19712044
19709350
19709166
19695785
19692346
19683378
19682916
19682219
19682218
19680605
19680184
19680177
19680172
19672851
19659599
19659474
19653310
19623627
19623212
19603246
19598108
19582441
19574260
19544585
19533607
19530172
19469666
19466395
19435728
19373495
19277818
19230988
18663557
18648868
18600292
18600290
