20301456
20301300
21634087
20301578
20301712
20301738
20301464
20301367
20301686
20301329
25392904
20301532
20301668
24027799
20301291
21882399
26110198
35617449
20301306
26937547
20301315
34324282
34292692
26131548
20301472
24027798
20301586
21089229
20556892
26677511
20301514
20301581
20301293
20301621
20301283
24830047
32790266
32672908
20301634
20301285
20301684
20301726
20301786
20301548
25577943
20301418
22993869
36508511
20301316
20301484
20301645
20301500
22855961
28426188
20301711
20301641
20301462
20614582
20301384
20301694
24228289
23926620
20301731
20301366
31936940
30260352
28548448
28548427
28548255
23511451
23511257
21307458
17265645
15091672
11885230
11830988
11640586
11640340
10150603
10150602
10150208
10150164
10150161
10147170
9594056
9590883
9588150
9588149
9588147
9588144
9588143
9588142
9588141
9584769
9571844
9571842
9517345
9508968
9495145
9495144
9470526
9470524
9117859
9117858
9117857
9117856
9117855
9117846
9063109
9063108
9063107
8975039
8975034
8974549
8974543
8934964
8638858
8611311
8611310
8611308
8611307
8602905
8602903
8593220
8534382
8534380
8534379
8534378
8534377
8531250
8308518
8307236
8305327
8304593
8294620
8294619
8294617
8294615
8293721
8293361
8291499
8291494
8291491
8291490
8290299
8287054
8282894
8282877
8273712
8264707
8263083
8205582
8205581
8205580
8205579
8205578
8205577
8205576
8202584
8201082
8196529
8193934
8193919
8192237
8191535
8191532
8191530
8191526
8190886
8190879
8190876
8183731
8183729
8183728
8182390
8182385
8182384
8182382
8182381
8182198
8182196
8182194
8181088
8181083
8180372
8180370
8180368
8180367
8179783
8179780
8179777
8179510
8179507
8179506
8179504
8179503
8175508
8170450
8169602
8165453
8165451
8165450
8165449
8165448
8164192
8164187
8162049
8160487
8159602
8159072
8158975
8156566
8155349
8153554
8153552
8151813
8150518
8150517
8150515
8150514
8150512
8143884
8141973
8141242
8139099
8138974
8134814
8134187
8133420
8133417
8133414
8133412
8133410
8133391
8133390
8133385
8133383
8133166
8126247
8126246
8126245
8126241
8126238
8126237
8124701
8124698
8124697
8124695
8124692
8122088
8121791
8120846
8120839
8120837
8116883
8113952
8113951
8113950
8113949
8113373
8108688
8108687
8108686
8108104
8108098
8091176
8091175
8091174
8091173
8085218
8085217
8080835
8078711
8073793
8073791
8070507
8069883
8069882
8069879
8068567
8065664
8060017
8060016
8060015
8056111
8055770
8055762
8054297
8052946
8042141
8042022
8042021
8040240
8036439
8036430
8036426
8033941
8033938
8033191
8033190
8033189
8033188
8033186
8032468
8032447
8032443
8032442
8032441
8032438
8032437
8032434
8032329
8032307
8031488
8031486
8031484
8031482
8031481
8031478
8029522
8015944
8015942
8015941
8015939
8015938
8010527
8010524
8010521
8010519
8006485
8006481
8006122
8006116
8005401
8001061
8001059
7999948
7998410
7995473
7995141
7995128
7995126
7992695
7989815
7989813
7984993
7984992
7984960
7980664
7978526
7978524
7978522
7978520
7978519
7976528
7973555
7973552
7973551
7967937
7967217
7956208
7950865
7939549
7939547
7939354
7916166
7915854
7912397
7909331
7908490
7903071
7886618
7885172
7883332
7883254
7878330
7871477
7871476
7869414
7864461
7852016
7850852
7850851
7850847
7850843
7850841
7849745
7849606
7844272
7843834
7839793
7833640
7830472
7825115
7825113
7824902
7824901
7824897
7816955
7816954
7814925
7814921
7813667
7809844
7806413
7806410
7806409
7806405
7806404
7804395
7803136
7802333
7802332
7802329
7801229
7801046
7778815
7772197
7762451
7747169
7727316
7721201
7721200
7716410
7702473
7702469
7702466
7702464
7702462
7702461
7702458
7702457
7702248
7701844
7643438
7618414
7555760
7515304
7511317
7503441
7497985
8266101
8152588
7512246
8253729
8138809
8274325
8274324
29865462
20830885
20830883
20830881
20830880
20830878
20830877
15335825
15159815
15159807
15159805
15159801
8935087
8935083
8935082
8935078
8935077
8311258
8309101
8308419
8308418
8308415
8308414
8306618
8306617
8306616
8306613
8306612
8306611
8306610
8304014
8304013
8302515
8302514
8302512
8302511
8301838
8296873
8291553
8290885
8290884
8290877
8290875
8286289
8286288
8285600
8285336
8284083
8284073
8284071
8277440
8277437
8277436
8277435
8277434
8277062
8275547
8275546
8275545
8275544
8275394
8263237
8263235
8263233
8258585
8258583
8258582
8255473
8255457
8254130
8254128
8254126
8254125
8254124
8249933
8249928
8229427
8229413
8229407
8225600
8225578
8202306
8181914
8181912
8181910
8176699
8159944
8151258
8151257
8151256
8151255
8151254
8151252
8151251
8149400
8148506
8148504
8148502
8148312
8143577
8143574
8142325
8142324
8142323
8142321
8142320
8141939
8141674
8141671
8141669
8141668
8141664
8141596
8138324
8138318
8137797
8131789
8131788
8131766
8129339
8128755
8127982
8122737
8122514
8120581
8112697
8112418
8112416
8111385
8111370
8110078
8110077
8110076
8106955
8106951
8106950
8106811
8106712
8056093
8040213
8040211
8023085
8004916
8004914
8004913
7997814
7925477
7920393
7908262
7880484
7880483
7880482
7880480
7880479
7880476
7713532
7713531
7713530
7713529
7713526
7514658
7514657
7514656
7511372
7509400
7509397
7509228
7507258
8297988
8149640
8255139
8257646
7504284
8251249
8251248
8240424
29865481
29539698
29539697
28313411
23087954
23087953
23087948
23087947
23087930
23087929
20830898
20830893
20830891
11822132
10412487
10412484
10412480
10412478
10129508
9601232
9518767
8620584
8620383
8620381
8620380
8620378
8598520
8413376
8406859
8309707
8309428
8302240
8299440
8297260
8297259
8297257
8297256
8295105
8295103
8295090
8295088
8295086
8293926
8287849
8287322
8287321
8286305
8277580
8276984
8276981
8276978
8275092
8270587
8269486
8269482
8267799
8266829
8265750
8263481
8263480
8254554
8254552
8254543
8254541
8254461
8254458
8252450
8250590
8250191
8247504
8247499
8247496
8246163
8245291
8238753
8237901
8237897
8237895
8233390
8227773
8227705
8227704
8222820
8215977
8181646
8181642
8164623
8153003
8153002
8152999
8152997
8152996
8152995
8151249
8151247
8151246
8151245
8151242
8151241
8151240
8150144
8150143
8148030
8148024
8144247
8144244
8144242
8144241
8139425
8116208
8061499
8061497
8061496
8042130
8033639
8015695
7988771
7988765
7919407
7908826
7906026
7693873
7693782
7693781
7691754
7507126
8272266
8217429
8217423
8415710
8244868
7694771
8104708
16429858
11917879
11822143
9588126
9588122
9588120
9569843
8413959
8412462
8409157
8409000
8408999
8408891
8408884
8408882
8408881
8405288
8403667
8299812
8299810
8286150
8286148
8282533
8279997
8279995
8279991
8279988
8279271
8279270
8279268
8279267
8278638
8278119
8278117
8277406
8277404
8277402
8277401
8277400
8277398
8275633
8275278
8273894
8273832
8273831
8273830
8273825
8272320
8270144
8268915
8268499
8266997
8266918
8259914
8258789
8258787
8258784
8258782
8253442
8252046
8251716
8249268
8248902
8248735
8248727
8248726
8248725
8248724
8248581
8245574
8244217
8238976
8234610
8233430
8229892
8229888
8229886
8229882
8229879
8227690
8227688
8227686
8227457
8227453
8227448
8223972
8223971
8223970
8222608
8222388
8221282
8221281
8219122
8214793
8214792
8214791
8214790
8214787
8214786
8214784
8213659
8142942
8142940
8138312
8138311
8138310
8138309
8121987
8121985
8121984
8120491
8120487
8120485
8118832
8114466
8110615
8110614
8110612
8110611
8110609
8110608
8108838
8108836
8108831
8108826
8105684
8056110
8056105
8040517
7919866
7919865
7919861
7903594
7880460
16977768
8259485
8222206
8256814
8224794
8398438
24198103
15159833
15159830
11822149
10412474
10412471
10412467
10412466
10129160
9791245
9582634
9582631
8595585
8595584
8595583
8595580
8595577
8414036
8410886
8410730
8410602
8410418
8409030
8408725
8408721
8408717
8408716
8408088
8403108
8403107
8402341
8378058
8378050
8378049
8378048
8378047
8375058
8363003
8362787
8362786
8360383
8360379
8360374
8359924
8355721
8355122
8355107
8354695
8308159
8302671
8302670
8302669
8300262
8300261
8300260
8300257
8298726
8298160
8297963
8297958
8297817
8297458
8297454
8297452
8292830
8292828
8292533
8273274
8272505
8272504
8272502
8272499
8270172
8269348
8269341
8269338
8269336
8268323
8263451
8263449
8260723
8260462
8260461
8260459
8255914
8250280
8246837
8246045
8246044
8246042
8244846
8243746
8240631
8240089
8240087
8240086
8240084
8240081
8238294
8238290
8238287
8231157
8229627
8229626
8229625
8229624
8229623
8229620
8229158
8228888
8228877
8227374
8226131
8217562
8215263
8215231
8215156
8214537
8214506
8205631
8194427
8194413
8180618
8180617
8180612
8160067
8157334
8152991
8152989
8152987
8152986
8150189
8146625
8146624
8146623
8146602
8144063
8135298
8128981
8122592
8122591
8122590
8122062
8090533
8056128
8056101
8040717
8040716
7995483
7995482
7995480
7968335
7726993
7716691
7694726
7693130
7693129
7691897
7689084
7505151
7503936
7488359
8357679
8102432
8372289
7688964
8213921
8213917
8213898
8211107
8405123
8357672
8357657
8223888
29865478
29539759
29539755
12083023
9508940
8412535
8410615
8410614
8410612
8410611
8410609
8410607
8410605
8410604
8409569
8408125
8406488
8405783
8405132
8404971
8401506
8401243
8399054
8396644
8396385
8395674
8377277
8377272
8377271
8375786
8375784
8372939
8372933
8371882
8371187
8371184
8371175
8370262
8370261
8370258
8370254
8370253
8370252
8370251
8362206
8362197
8361744
8361740
8361736
8361735
8361732
8361731
8361727
8360365
8360362
8358663
8354749
8354744
8354731
8354726
8354722
8354721
8352487
8349894
8348356
8338070
8338065
8338064
8336230
8300324
8300321
8300320
8300319
8299833
8299831
8298158
8282420
8276518
8272491
8272490
8269883
8269880
8269879
8269878
8269438
8263446
8263445
8263441
8263439
8260659
8247475
8247466
8244767
8237306
8237305
8237304
8237300
8237175
8233530
8229868
8219462
8218727
8216035
8216034
8215995
8215994
8215989
8215138
8213198
8210802
8210801
8210798
8210797
8210796
8186840
8186830
8181113
8181109
8181108
8119451
8103801
7803010
7803007
7803006
7803005
7803004
7803002
7693923
7691515
8374383
17770024
7808944
8101453
8407487
8367879
8228489
8510709
29865430
12286975
11913344
10143628
9590973
9569855
9495142
9495141
8509916
8498708
8498706
8498704
8498703
8498700
8498699
8412991
8407362
8406474
8403444
8394390
8393106
8373608
8371902
8371196
8371194
8371191
8371114
8370635
8370433
8368956
8368953
8368950
8366460
8366458
8366453
8366452
8366450
8366417
8366415
8366412
8366411
8366409
8364055
8361118
8360355
8360215
8355907
8355010
8351111
8351043
8350179
8350175
8350173
8349839
8349836
8349835
8349001
8348998
8348996
8348994
8348992
8348990
8346971
8342082
8336248
8336245
8335798
8333674
8333490
8331066
8328632
8322724
8322722
8317798
8300119
8300118
8300115
8300113
8298155
8293705
8284820
8280966
8265461
8262344
8259997
8259996
8259995
8259991
8258573
8257493
8247904
8247903
8247901
8247898
8247897
8247415
8247387
8245762
8245760
8245759
8245758
8245757
8242788
8240644
8236312
8236309
8236305
8236304
8236293
8236286
8227294
8225645
8225643
8225642
8225641
8225640
8219690
8219689
8219688
8217892
8217890
8217887
8217886
8217884
8214621
8212032
8210321
8210320
8210319
8210315
8204941
8174405
8174403
8174399
8152985
8152982
8148856
8142784
8102164
8076525
8064435
8037965
8037963
8011490
8011484
8011481
7921800
7921798
7692930
7688887
7688815
7506968
7504227
8518050
8518048
8102311
8518706
8504029
15159860
15159852
15159846
11822030
11638795
10146266
9673185
9582694
9227059
9227058
8516003
8515978
8513418
8512913
8512911
8512910
8512909
8511636
8509771
8506813
8506812
8505452
8502093
8498686
8496482
8496480
8496473
8496472
8496458
8410207
8406958
8406956
8406953
8406950
8406949
8402304
8402303
8402302
8402301
8402298
8393653
8393109
8391032
8390925
8389388
8373298
8373297
8365919
8362624
8357021
8353634
8353419
8349463
8348794
8348791
8348786
8348785
8348784
8348783
8345709
8345687
8345248
8343076
8343074
8343070
8342405
8342404
8342403
8340038
8339765
8339760
8339758
8339692
8338238
8336257
8336255
8336254
8336253
8336252
8336250
8333733
8332227
8330096
8326497
8324136
8324120
8322014
8322012
8322011
8322010
8322005
8322004
8320649
8320645
8320643
8320640
8320143
8317557
8316711
8315090
8315089
8315086
8306602
8268843
8268842
8268841
8268840
8268839
8268838
8257838
8244297
8243345
8243343
8243342
8243341
8243340
8242171
8242166
8240780
8240778
8240777
8240776
8240775
8240772
8240771
8234649
8234648
8234646
8234645
8234643
8234642
8233571
8232136
8229852
8228754
8228753
8228751
8228746
8228744
8223271
8219171
8219166
8218747
8218746
8218745
8218744
8148114
8132255
8106046
8106035
8100580
8055779
7904201
7692005
7692003
7691142
8502212
8494666
8393383
8479468
8486695
8485000
8484995
29539736
10757921
9511616
8517556
8515369
8515365
8515363
8515361
8515028
8513478
8512051
8507754
8507721
8504377
8501294
8501293
8501292
8501290
8501289
8501287
8501286
8501282
8501281
8501278
8501276
8501275
8501273
8501272
8501271
8501270
8501269
8500795
8499833
8499832
8496785
8496740
8496739
8496738
8496734
8495663
8492918
8490279
8488029
8488018
8483128
8483127
8483124
8483122
8482784
8482779
8480716
8480714
8480713
8480712
8480710
8415168
8415167
8413104
8413102
8406967
8406966
8406965
8406962
8405618
8402529
8397698
8397697
8397695
8397694
8397692
8397691
8391583
8389830
8387111
8378162
8378157
8365058
8362566
8362050
8362047
8362046
8362045
8362044
8362042
8360605
8360604
8360603
8360602
8360598
8360596
8360348
8347206
8338856
8337487
8336988
8336983
8333247
8330806
8328925
8328924
8328923
8328922
8328919
8315601
8302139
8299501
8275814
8275808
8275807
8275805
8269557
8269556
8268009
8233412
8229826
8229809
8219161
8153854
8150327
8056175
7691760
7687593
7686542
7685819
8482547
8476683
8496089
10125098
9543842
9511633
8679505
8593364
8593363
8593358
8517805
8516441
8514661
8513063
8513019
8507035
8507028
8507027
8505719
8500541
8500540
8500538
8500537
8499720
8498165
8498164
8495952
8495950
8495949
8495504
8494792
8494762
8494517
8494508
8494504
8489757
8489038
8486107
8485977
8485971
8485970
8485968
8483095
8483094
8483093
8483091
8480701
8480699
8480697
8480696
8480695
8478357
8478280
8477868
8477866
8477865
8477864
8477863
8476003
8473598
8473596
8473594
8473592
8473538
8473537
8473536
8473535
8473533
8473531
8472213
8472197
8472196
8471571
8469703
8467413
8464619
8464608
8463963
8459489
8456257
8456254
8456252
8456250
8450353
8449487
8413098
8408742
8404703
8404702
8404700
8404698
8404697
8404696
8404694
8397992
8397988
8397985
8386197
8384162
8376190
8362041
8362039
8362037
8362033
8358378
8358375
8358364
8338388
8326280
8326263
8326260
8325967
8325966
8320754
8320457
8320449
8320009
8318725
8315595
8263656
8248918
8233636
8224346
8224342
8224341
8129902
8099303
8097615
8048144
8048143
8048137
8048135
8048133
8048131
7898800
7686535
7685434
7681043
29633990
8448059
8448052
8462000
8467382
18415418
15159874
15159869
9791242
9791241
9511499
8595846
8595843
8595839
8593918
8593917
8518755
8518433
8511277
8511273
8509752
8509750
8509749
8509748
8509705
8496355
8495389
8493170
8490779
8489422
8489418
8489416
8489415
8489413
8489412
8487596
8486862
8486861
8486853
8482913
8482912
8482905
8482903
8482902
8482897
8482896
8477488
8476273
8476272
8473693
8470821
8469557
8469553
8469552
8469550
8469547
8469536
8469524
8469518
8468631
8468629
8468624
8468623
8463949
8463943
8463939
8462782
8462118
8462117
8460654
8460053
8456838
8456785
8456784
8456783
8456777
8454998
8453068
8452845
8452831
8450123
8450121
8450088
8450087
8450086
8450085
8450079
8450031
8445566
8445563
8445557
8445555
8445554
8429200
8391352
8385214
8383850
8383707
8379898
8379893
8379892
8374715
8374714
8374713
8370797
8359340
8340097
8337183
8337182
8337180
8334611
8332315
8330941
8330940
8330938
8330937
8330933
8329536
8329533
8329532
8329338
8329334
8329333
8329100
8329098
8329094
8329090
8327362
8327361
8327360
8321167
8318825
8316798
8316796
8316645
8272985
8266733
8261948
8240847
8222969
8222966
8222957
8148792
8148790
8098718
8040699
8040698
8040697
8040696
7681250
8465332
27652963
8096082
8443008
8427730
29865433
17233169
12073906
11908427
11908424
8513743
8511270
8511269
8511268
8511263
8511262
8511261
8510984
8510982
8510981
8510980
8510978
8509744
8509743
8509737
8509736
8508938
8495793
8495792
8491129
8491128
8491127
8491126
8491125
8491124
8491123
8491122
8478133
8478131
8478127
8478126
8478124
8476349
8476344
8476342
8476340
8468500
8467200
8461430
8459279
8459120
8454242
8453519
8451919
8449153
8448911
8447770
8447768
8447767
8447766
8447765
8442926
8441901
8441897
8441891
8441889
8440638
8439530
8439525
8436638
8436637
8436636
8436634
8436633
8436630
8436628
8436581
8436386
8436200
8436198
8436192
8433254
8432108
8432106
8432105
8432104
8432103
8432102
8432101
8432098
8432097
8432096
8430694
8430140
8429518
8429509
8429504
8429502
8429176
8428064
8428063
8427435
8427221
8427220
8427218
8426726
8426724
8426723
8426715
8426060
8425986
8425985
8425982
8425981
8424496
8423248
8423245
8392462
8384047
8381489
8329167
8329164
8329162
8329161
8329156
8329154
8329152
8319389
8315855
8266689
8151687
8101744
8101167
8095845
7682917
7680499
8422315
8422677
8417771
8417767
31941199
28548393
28548363
23511174
15503554
15448824
12061308
12061306
11885246
10171970
10148566
10148564
10148333
9790022
9590878
9511610
9495911
9120343
8695195
8695187
8519057
8515678
8515674
8513842
8511558
8511557
8511555
8511553
8511551
8511550
8511258
8511256
8511255
8510619
8510614
8510613
8509665
8509662
8507511
8507509
8507508
8507330
8507326
8507325
8503096
8503095
8500131
8500120
8494649
8493502
8491244
8488671
8487033
8478751
8477426
8475666
8474243
8474051
8474048
8474047
8474046
8473039
8473036
8472837
8472017
8470752
8468731
8468083
8467883
8466848
8466847
8466844
8466843
8466842
8466838
8466837
8457869
8457782
8455176
8455174
8455173
8455169
8455166
8455165
8455164
8449789
8448779
8448777
8448771
8448769
8448101
8446875
8446873
8445138
8445136
8443054
8442726
8441512
8441510
8441508
8434755
8434509
8434506
8433129
8432951
8432950
8430281
8429427
8429423
8429419
8426533
8426532
8426531
8426290
8426288
8426278
8425023
8422037
8422031
8422027
8421590
8421120
8421119
8421118
8421116
8421115
8421113
8420914
8420908
8419881
8419880
8419875
8419589
8419586
8419585
8419572
8419569
8418668
8418114
8418110
8418106
8418104
8417619
8412481
8409779
8403897
8402808
8402807
8402806
8402804
8402801
8402800
8401838
8401825
8401819
8400220
8400216
8397839
8397838
8397836
8397835
8395176
8395091
8392239
8387167
8386054
8386044
8386043
8386042
8386041
8386040
8386039
8382148
8381176
8380680
8380146
8377600
8373991
8373987
8373982
8367715
8367714
8367712
8362362
8362360
8362340
8362336
8360009
8360006
8360005
8359879
8359876
8359873
8359250
8358808
8358807
8357693
8357509
8357508
8356537
8356418
8354551
8338268
8337925
8337924
8337923
8336427
8330946
8330663
8330660
8329893
8328234
8323232
8319259
8319256
8319251
8317222
8310420
8303240
8301161
8299875
8299874
8299873
8299867
8299863
8299539
8299538
8299536
8299534
8299533
8299532
8299531
8299529
8299496
8297056
8297055
8295888
8295468
8292985
8291030
8291027
8289026
8289023
8289022
8289020
8289019
8285857
8284303
8284300
8281565
8281561
8281560
8280666
8274794
8270317
8270312
8270307
8270306
8267875
8267872
8267871
8267870
8267376
8266046
8266041
8266039
8264326
8262724
8262722
8260069
8246299
8246295
8243970
8242680
8242679
8242678
8242016
8241764
8241762
8241759
8236030
8235534
8235527
8235521
8233995
8233991
8233989
8231437
8228430
8225467
8222955
8222945
8222940
8222939
8213038
8209579
8209417
8187142
8182298
8181829
8181827
8181826
8181823
8180576
8180486
8180484
8180280
8180278
8180277
8164968
8149152
8149148
8149146
8148428
8148427
8145392
8134893
8134890
8134331
8120940
8120939
8118049
8117794
8115402
8112795
8112793
8110413
8099267
8095767
8090963
8090960
8085026
8085024
8085020
8085018
8069712
8054228
8054227
8054226
8054225
8048115
8048112
8048109
8048106
8048098
8048097
8048087
8037970
8029158
8007027
8007026
8007025
8007022
8006473
8006472
8003239
8003238
7973420
7973413
7968831
7934227
7915426
7904776
7871054
7862040
7687811
7683298
7682609
7679348
7678426
7515545
7512272
7509882
