20301300
20301291
20301315
20301586
20301581
20301621
20301285
20301500
21473038
20641385
20641395
14691677
14693675
14681233
15029484
14624350
14583837
14607846
14668967
14586770
14525772
14578349
14551215
29539104
28247377
27820001
20959944
19003229
18248223
18248203
18084870
16892592
16892581
16892576
16871751
16871749
16868626
16859022
16296256
16296254
16296253
16211991
16146123
16146088
16146069
16146004
16145994
16145981
16145960
16145959
16145955
16106622
16027487
15959993
15887366
15844655
15841925
15841903
15841901
15841582
15841578
15801342
15798832
15798830
15798822
15798821
15798820
15798819
15794458
15794457
15794456
15794455
15794273
15794269
15782477
15779494
15779493
15779317
15779316
15779313
15779312
15779311
15776618
15776200
15776198
15776196
15776194
15776192
15776191
15763932
15763930
15750579
15745052
15726850
15726848
15726798
15726797
15715143
15690776
15690775
15690773
15690772
15690765
15688964
15688963
15688962
15688960
15688756
15684731
15682793
15675423
15675259
15674997
15672619
15672617
15672616
15672615
15672614
15671636
15656447
15646944
15646943
15646941
15646673
15646671
15646592
15646591
15646587
15646586
15646585
15646389
15646261
15646259
15645880
15645877
15645085
15641766
15641762
15641761
15641625
15641624
15641622
15641456
15641454
15641320
15638366
15635949
15635945
15635944
15635942
15633382
15633380
15633378
15633376
15631190
15630224
15625576
15617434
15617431
15611956
15602475
15602468
15597640
15597639
15595703
15587600
15587599
15587598
15580139
15580138
15580135
15580132
15580129
15576977
15571099
15571082
15559212
15553268
15546422
15546015
15546013
15544300
15535039
15530548
15529809
15529655
15529654
15526648
15526646
15526645
15526643
15526642
15517530
15515818
15512772
15509895
15509084
15506690
15506321
15503463
15500062
15500060
15500058
15497654
15497297
15493581
15490263
15478274
15477843
15477842
15477832
15473387
15467353
15448743
15382727
15370615
15359544
15359543
15359542
15359541
15359348
15353709
15353687
15340308
15340307
15340299
15340295
15334614
15334612
15322647
15322645
15322643
15322641
15322640
15322639
15317307
15315218
15307634
15305058
15299264
15299243
15298493
15295939
15293708
15287421
15287386
15286132
15286131
15286127
15286124
15286123
15286121
15286119
15278724
15273791
15273789
15273788
15273783
15273781
15272664
15272663
15272661
15272660
15272659
15272658
15272657
15272656
15272652
15272651
15272650
15272509
15272390
15272380
15266519
15266505
15266503
15266471
15266455
15261887
15259849
15259543
15259541
15259540
15259539
15255397
15255395
15255394
15255392
15255389
15250175
15250174
15244166
15224640
15224592
15218714
15218713
15218710
15218709
15216668
15211991
15209163
15197604
15185481
15159750
15157057
15157055
15156056
15143484
15142654
15140821
15140817
15129604
15129602
15125604
15125602
15125598
15125595
15125592
15125591
15119780
15119779
15119456
15111957
15111950
15108813
15108059
15108058
15106687
15106501
15106499
15103060
15096683
15094849
15090931
15085696
15083703
15083586
15083490
15080508
15080365
15080362
15080357
15080354
15080353
15080352
15078060
15078059
15078056
15078055
15073442
15066517
15065387
15065385
15059946
15059037
15058376
15058373
15058370
15058369
15058368
15058367
15058366
15055666
15055665
15051154
15049227
15049225
15049224
15049164
15043121
15042795
15029311
15026856
15025230
15025225
15025224
15025221
15025217
15025216
15025214
15025212
15022535
15022253
15022252
15021877
15021871
15021867
15008449
15008239
15008236
15008231
15008230
15008229
15008228
15008226
15008095
15005587
15002362
15000007
15000004
15000003
14999915
14998051
14998050
14998047
14996294
14996292
14996288
14989880
14989876
14989872
14989870
14989868
14987124
14984754
14982366
14982361
14982354
14981828
14981801
14979356
14978398
14977229
14975508
14974971
14974066
14973992
14973991
14973985
14970743
14969381
14969379
14969377
14969375
14969374
14969373
14969370
14969369
14969368
14969367
14969365
14964489
14964411
14962042
14960772
14959882
14959875
14871043
14870762
14870760
14768241
14768238
14768236
14768207
14765642
14765638
14765637
14765636
14765635
14761899
14761173
14761168
14760910
14760909
14760908
14760905
14760904
14760903
14760900
14760899
14757958
14753342
14753339
14753337
14753336
14753333
14753332
14753328
14753325
14751569
14749886
14749849
14749669
14745894
14745241
14745232
14744744
14740099
14739894
14739893
14739892
14739891
14739888
14739887
14739886
14738835
14738834
14738833
14738832
14738831
14738830
14738829
14735645
14728976
14725714
14718886
14718885
14718884
14718882
14718881
14718879
14718877
14718874
14718057
14718054
14718053
14718052
14717860
14716269
14716266
14716265
14716264
14716263
14716262
14716256
14716251
14715749
14709254
14709252
14706470
14706032
14706031
14706025
14706024
14706023
14704620
14704618
14704604
14702085
14702018
14699584
14699573
14699552
14699540
14698931
14698779
14698683
14698391
14697064
14694495
14693612
14693200
14693199
14693198
14693197
14693195
14693194
14691681
14691563
14691118
14691115
14691113
14691112
14691110
14691106
14690660
14690657
14690655
14688224
14687898
14685022
14685018
14684977
14684976
14684975
14684974
14684973
14678503
14675285
14675140
14673660
14659722
14659721
14659718
14659716
14659714
14659712
14657228
14656652
14607795
14607794
14607793
14598376
14595091
14586692
14585710
14565969
14530961
12955523
14630411
14718966
14718956
14681595
14710268
14710266
14710265
14710264
14679510
14663027
14655080
29539079
21394412
21394410
21394409
21394403
19087392
19087388
19078724
16228653
15570796
15569551
15332454
15332453
15301367
15259918
15206166
15126206
15074076
15074071
15074070
15061239
15061235
15061234
15061232
15045018
15042981
15035026
15033770
15031900
15023000
15022998
15022996
15011547
15011543
15008331
15005233
15005232
15005223
15005220
15002958
15002957
15002956
15002954
15002953
15002951
15002950
15002948
15002895
15002892
15002887
14986914
14986912
14986911
14986908
14986907
14983729
14976568
14974825
14974820
14974814
14974813
14974170
14974169
14974168
14971355
14971261
14971254
14971253
14971251
14968100
14966600
14966598
14966581
14960003
14769367
14768786
14765612
14765609
14765604
14765023
14765021
14765019
14763519
14763517
14763516
14761037
14756532
14750366
14746170
14740394
14738130
14738128
14738125
14738124
14737900
14737794
14736043
14733160
14733158
14733125
14732982
14732980
14732975
14730782
14728799
14727800
14726974
14725505
14725504
14725501
14725378
14725376
14725373
14719765
14719760
14719756
14719754
14719744
14719741
14719739
14719736
14719735
14719733
14718742
14711171
14710636
14710621
14710620
14710568
14710567
14710283
14710282
14709811
14709222
14709218
14708551
14703762
14703758
14703757
14700398
14700397
14700396
14700269
14700263
14700262
14696744
14696742
14696741
14696738
14690594
14689960
14689959
14686819
14686817
14686814
14686813
14686811
14686810
14686809
14686808
14686806
14686678
14686677
14685904
14685682
14683427
14683425
14676767
14676760
14670106
14668767
14668761
14668758
14668756
14668755
14668751
14668750
14668131
14666089
14666082
14666081
14666077
14666074
14664448
14663804
14660911
14660876
14657304
14656576
14654219
14653939
14653937
14652156
14648842
14648258
14643680
14643271
14643197
14641666
14641662
14641661
14641660
14641655
14641427
14641426
14641425
14641422
14637067
14636611
14634171
14634166
14633051
14632919
14632690
14632686
14630906
14630905
14630904
14630903
14630899
14630896
14627558
14623935
14623826
14623234
14614866
14614754
14608378
14606043
14596873
14596869
14586785
14580355
14574683
14568437
14512248
14512240
14511732
14511727
14505071
12942352
12905059
12810923
14604769
14609652
14609649
14638973
14631428
14631426
14627639
14625602
14625601
14625597
14625596
14625594
14625593
14625591
14598405
14598398
14598394
14597139
14572874
14644705
14604922
18624131
15449788
15348516
15348511
15152460
15103918
15095633
15085957
15085956
15070844
15070843
15070835
15067947
15055983
15055982
15055981
15055980
15055648
15055646
15042882
15019196
14984052
14984049
14984048
14984042
14765752
14761124
14761122
14761116
14761115
14737897
14733479
14733478
14733475
14733473
14733470
14733469
14733468
14733466
14733465
14722988
14714847
14714845
14714842
14714841
14711189
14708423
14703588
14703484
14703472
14703471
14703470
14703333
14703332
14702763
14696902
14696668
14696666
14696658
14696656
14696392
14689778
14689655
14686189
14686187
14682665
14682657
14682655
14682654
14682626
14680548
14669487
14669484
14666946
14664827
14664266
14664264
14664263
14664262
14661619
14658730
14655144
14653300
14653296
14653295
14653294
14653293
14653292
14653291
14653289
14653287
14653285
14653279
14651290
14651287
14651280
14651279
14651278
14650504
14649739
14648248
14641680
14641679
14641674
14641671
14641668
14641443
14641441
14641439
14631905
14629241
14628135
14628133
14627688
14624747
14624746
14621949
14621259
14620269
14620265
14620264
14620263
14620262
14619812
14616599
14616306
14614427
14614426
14614424
14614419
14614418
14614415
14614394
14613081
14613077
14611716
14611715
14607592
14606528
14606519
14600703
14600698
14600696
14600695
14600694
14600693
14600687
14600625
14600466
14597524
14597327
14586315
14586312
14586310
14586308
14586306
14586303
14586302
14585968
14583688
14578508
14578504
14576715
14574644
14571272
14571127
14571126
14571125
14571123
14571122
14571116
14566564
14564667
14563858
14561496
14561495
14554076
14554073
14554071
14554070
14554069
14550381
14550379
14550376
14533185
14523603
14522216
12958698
12910407
12901996
12901995
12901983
12761638
14593178
14585505
14584101
14576798
14499958
14593639
14550785
14528460
14506683
13129500
12925573
14557576
14530412
14528001
14551631
14551623
14551613
14551612
14551611
14523444
23120003
18196668
15527028
15527021
15329000
15328999
15328996
15328995
15328993
15328992
15248664
15107921
15107918
15107917
15107916
15107913
15107912
15022524
15022523
15011527
15011525
14982222
14982221
14982220
14982218
14976816
14973425
14966626
14966624
14966623
14966617
14966610
14966607
14966606
14966604
14966603
14964469
14964055
14964051
14964049
14763782
14763780
14763776
14763775
14756035
14746257
14737878
14727426
14710772
14710770
14710769
14710767
14710766
14710765
14710764
14708657
14708656
14708655
14708653
14708652
14708651
14708650
14708649
14708648
14708647
14694938
14691597
14682647
14682646
14682645
14677617
14677616
14677614
14677609
14677606
14675956
14675955
14675952
14675951
14667011
14667007
14667006
14667005
14667003
14655968
14653932
14653393
14651800
14651797
14651795
14650994
14650992
14650989
14650987
14650986
14649054
14647003
14629574
14628840
14626185
14621366
14621310
14621246
14621245
14621244
14621243
14621242
14621240
14621238
14620643
14620124
14620123
14620121
14620119
14620118
14620021
14620016
14620014
14620012
14619735
14619733
14619732
14619731
14619723
14618770
14617182
14609017
14606793
14606790
14606788
14606787
14606786
14606785
14606783
14606782
14606781
14604146
14604145
14604144
14604142
14604140
14604138
14604137
14604136
14604135
14604134
14604059
14603780
14603632
14601313
14596408
14594585
14580032
14580031
14580030
14580027
14578974
14578973
14576024
14575276
14575270
14575268
14570085
14564290
14564289
14563202
14561977
14561974
14561970
14561969
14560803
14560800
14560274
14560272
14560271
14560266
14559185
14557730
14555828
14527699
14523535
14523332
14522753
14517999
14517864
14517102
14514764
14514758
14514757
14514756
14513339
14511228
14511226
14511225
14511223
14511221
14508405
14504506
14502374
14501846
13678281
12974867
12974866
12974865
12974863
12974860
12974855
12974854
12974853
12974685
12974678
12974677
12972005
12971951
12971950
12969660
12969370
12969369
12969367
12969232
12966201
12963397
12941078
12941075
12941072
12941067
12930522
12930519
12905535
14512991
14714050
14500978
12941438
19570260
12851394
12969620
19466117
14514355
14516109
12927794
12788949
21659238
21394397
21394391
21394390
21394389
21394388
20803456
15796413
15055634
14998213
14998212
14998208
14998207
14998204
14998203
14998202
14965180
14965179
14756114
14709607
14705434
14705431
14705377
14705376
14705374
14705372
14703219
14703217
14703214
14703213
14696944
14692211
14692210
14692208
14692205
14692049
14692046
14680592
14680590
14680581
14680576
14680574
14674507
14674504
14674503
14674502
14674497
14674496
14674494
14674490
14671908
14670550
14666293
14653902
14652447
14651239
14651238
14651237
14651236
14651234
14651233
14651166
14650583
14650580
14649617
14649615
14649614
14649612
14649611
14649607
14649605
14648914
14640370
14640368
14640367
14639810
14620995
14620991
14620213
14620211
14620210
14619669
14618766
14608252
14608248
14608247
14596209
14596208
14584873
14584872
14584866
14584862
14584860
14584859
14584405
14580591
14579968
14579967
14579962
14579658
14578577
14577517
14577341
14569227
14567956
14566469
14562650
14562647
14562646
14560441
14558205
14558200
14552231
14552230
14552217
14551807
14551803
14551458
14535680
14534978
14534977
14534976
14534975
14534972
14533344
14533342
14531613
14531607
14531606
14531605
14531596
14531595
14531594
14531592
14531590
14531275
14530422
14530420
14529338
14529337
14529336
14529335
14529331
14529125
14528998
14528995
14528990
14527628
14509169
14508746
14508742
14505185
14505182
14503837
14503834
14503832
14503831
14503830
14503829
14503826
14503824
12973292
12973291
12973288
12973283
12970669
12970668
12970667
12970661
12966517
12966482
12966481
12956660
12956658
12956657
12954138
12950978
12950976
12950974
12950630
12950623
12950574
12950573
12950572
12950571
12950084
12950080
12949568
12949410
12949322
12949319
12949310
12949189
12948789
12944629
12943432
12943430
12942351
12942067
12942059
12942055
12941628
12940837
12940307
12940306
12940304
12940303
12939361
12939356
12939351
12939350
12939349
12937096
12933861
12929199
12927666
12927462
12927461
12927459
12927458
12927456
12925831
12925828
12925826
12925822
12924993
12924992
12924991
12924990
12924989
12924988
12924985
12923899
12920350
12918908
12911457
12908130
12904234
12901733
12900793
12900460
12898294
12893951
12888911
12888224
12888002
12887999
12850297
12842478
12837405
12837401
12837397
12833371
12827455
12821518
12818552
12818551
12818550
12810330
12809765
12943555
12970702
12922172
12949776
12949768
12937599
12937597
12937593
12937592
12879416
12861604
12766169
12927412
12811799
12930691
12907985
12907958
12867270
12952633
12952624
12886017
16032318
14966655
14966653
14966647
14966637
14966636
14966634
14966631
14699256
14694831
14694828
14692221
14692220
14692219
14692215
14692214
14692166
14655821
14649040
14631687
14631681
14582595
14582591
14582590
14582588
14579881
14579878
14565601
14533677
14529648
14520838
14519906
14515581
14514238
14514235
14514234
14514232
14514225
14514224
14514223
14513597
14513593
14513592
14513588
14513587
14513586
14513583
14509098
14502525
13678460
13678458
13678451
13678449
12962201
12962200
12962198
12956483
12956479
12956477
12956475
12956356
12956349
12956346
12953893
12953387
12953383
12951376
12950143
12943864
12941510
12940569
12940566
12940565
12940564
12940554
12938847
12938842
12938841
12938840
12938838
12937392
12937390
12936890
12935415
12935374
12932226
12931097
12931096
12931095
12930312
12929927
12929701
12929700
12929697
12929696
12929695
12929694
12928799
12927621
12924821
12923520
12923518
12923514
12923512
12923510
12923508
12919071
12915310
12905436
12897005
12894392
12889066
12887444
12887403
12887401
12887393
12887383
12887380
12887379
12887346
12887341
12887340
12887339
12887338
12887337
12886214
12886212
12886211
12886210
12886209
12886207
12886203
12886173
12885853
12885852
12885558
12883352
12880411
12880410
12880404
12880400
12880398
12879207
12878027
12878026
12878024
12878023
12878022
12876168
12874312
12872319
12872253
12872163
12869005
12865350
12859227
12856796
12851810
12848719
12848717
12848716
12848715
12848714
12848710
12846852
12846848
12846846
12846845
12845706
12845568
12845552
12838429
12833382
12828988
12828986
12828985
12828982
12828661
12828656
12823804
12823797
12823794
12823620
12761657
12911869
12881743
12875661
12909338
12837694
12833415
12808603
12808588
12767505
12856030
12821122
12854972
12851273
12721295
12848171
12843301
23119981
23119980
15348418
15227890
15164658
15055615
15055613
15055612
15055608
15055606
14964681
14964680
14964679
14964677
14765893
14762508
14762507
14762497
14727341
14727340
14601190
14601187
14581722
14564158
14533338
14533336
14533256
14520770
14520769
14520766
14515631
14515630
14515626
14515559
14515555
14509087
14508931
14506592
13679354
13678106
13678105
13678104
13678099
13678098
13677841
13677836
13677833
13677832
12974519
12962473
12962471
12962467
12961072
12956497
12956491
12956485
12955956
12946077
12946076
12946075
12946073
12946072
12946071
12946070
12946069
12939009
12939006
12937864
12937863
12937860
12934285
12931770
12931768
12931764
12931762
12931761
12930660
12930658
12930656
12930654
12930653
12930580
12929337
12928140
12926750
12926749
12926747
12926746
12926745
12926610
12924739
12924738
12924732
12924731
12924729
12924477
12924471
12921939
12919698
12910991
12910977
12910705
12902973
12901701
12901697
12901058
12901055
12901054
12901045
12892454
12892452
12892441
12892439
12892438
12892370
12892173
12889673
12887834
12887146
12886578
12885335
12884211
12880554
12880066
12877434
12877432
12877427
12877426
12877424
12877419
12877418
12877417
12877416
12877415
12877287
12877264
12877263
12877261
12877259
12877258
12877257
12870510
12869972
12869971
12869970
12867904
12867901
12867894
12856256
12851106
12850886
12847454
12847450
12847449
12847440
12846599
12846262
12846261
12846259
12846258
12846257
12844377
12842016
12839618
12839134
12834504
12834503
12834501
12834500
12834496
12834392
12834391
12834382
12833436
12833426
12827128
12827044
12825881
12823706
12823703
12823702
12823700
12823456
12823289
12821716
12821715
12821714
12821708
12816788
12812793
12802050
12799120
12799116
12799115
12798156
12792897
12791164
12791163
12791162
12791155
12791152
12791151
12771499
12771161
12742433
12742431
12740894
12737529
12672657
12830185
12830171
12830165
12816641
12798108
12788506
12754721
12736090
12819697
12805521
12763598
12876534
14603102
12742640
29539101
27413603
21409330
21409326
21409323
21409321
19475289
16256604
15332457
14700341
14700340
14700335
14661344
14661335
14661331
14661329
14661323
14661320
14649402
14649400
14649398
14567042
14560677
14531872
14528858
14528857
14528856
14528854
14515596
14515592
14509237
14499047
13677864
13130211
12974168
12974167
12974166
12968640
12968635
12967077
12967076
12967070
12967066
12967065
12967053
12926402
12923595
12921135
12901070
12901064
12901063
12899546
12898774
12898769
12898766
12898765
12898764
12898763
12898758
12887007
12887004
12887002
12886994
12886991
12884520
12879850
12874533
12874529
12873112
12873111
12873107
12872747
12872741
12872672
12872670
12872546
12870980
12870979
12870976
12870975
12868694
12868689
12868687
12868685
12868209
12866212
12861766
12861764
12861759
12859131
12859088
12859085
12856968
12854778
12854777
12854776
12854775
12854772
12852062
12852059
12852058
12852057
12848113
12847847
12847842
12839416
12835430
12831223
12831220
12831219
12831218
12831210
12828850
12828443
12828440
12828439
12828435
12828433
12828420
12828274
12828268
12827579
12823225
12822581
12815355
12815350
12815349
12815348
12815347
12815346
12814230
12814227
12814225
12814222
12814221
12814220
12810486
12810195
12809647
12808723
12808533
12806940
12806352
12806347
12806346
12806341
12806340
12806338
12806336
12804544
12801291
12801290
12801289
12801287
12801286
12801285
12801088
12800789
12799069
12796888
12795796
12795794
12795789
12795716
12793124
12791538
12790450
12790448
12789488
12789157
12789156
12789152
12789144
12787560
12787476
12787475
12787472
12787466
12787465
12787463
12787462
12787461
12787460
12787453
12787452
12787451
12786960
12786957
12786954
12786950
12786949
12784284
12781931
12777649
12775342
12768463
12767877
12766204
12766192
12764359
12761672
12760819
12755783
12755780
12754239
12753471
12753467
12753466
12753374
12753358
12752550
12752544
12752540
12752539
12752537
12752536
12752534
12752533
12752532
12752531
12749918
12749917
12749916
12746335
12743836
12742443
12740956
12740693
12737403
12712307
12702649
12686290
12686289
12686288
12684820
12655614
12719020
12657653
12740432
12819732
12819731
12657627
12762388
12761589
12687721
12732735
12716973
12835778
12615915
12813973
29539121
16451532
15775131
15775130
15775129
15775128
15775126
15775124
15775123
15775121
15154387
14738277
14562423
14528782
14528780
14528776
14528775
14528774
14528773
14528772
14528771
14509725
13677688
12945597
12937749
12917287
12917279
12889705
12889703
12889701
12889700
12889699
12889698
12889697
12889696
12887808
12887802
12887801
12887798
12887796
12874539
12872706
12872682
12870378
12870372
12868504
12866670
12854799
12854798
12854796
12854794
12854793
12854790
12854787
12854782
12849707
12846553
12835893
12835891
12835889
12835888
12832855
12831436
12830772
12830766
12830697
12828450
12821269
12816367
12816306
12816303
12816302
12816300
12816299
12816296
12816295
12816289
12816288
12814321
12814318
12814314
12814307
12809271
12809268
12808216
12806483
12806332
12806331
12806330
12806328
12806323
12806322
12806319
12803792
12803422
12795357
12795356
12795354
12795353
12795352
12795255
12795137
12793220
12792298
12785500
12775011
12775010
12775009
12775008
12775004
12775003
12775002
12770659
12765619
12764684
12763294
12762534
12762516
12762515
12761444
12760706
12760703
12760701
12760699
12760698
12760696
12760695
12760694
12760693
12757205
12756424
12756314
12754135
12752939
12752932
12752928
12752927
12752926
12752925
12752924
12752922
12752921
12752920
12752919
12752916
12752915
12752914
12752768
12752758
12752652
12752651
12752647
12752645
12752562
12752495
12750679
12750677
12750676
12750672
12750671
12741445
12740547
12740545
12740537
12738957
12738956
12736893
12735924
12735923
12735922
12735920
12735918
12735917
12734025
12734024
12733956
12733719
12730837
12730651
12730650
12729392
12728223
12724371
12721823
12721775
12716340
12716332
12716331
12712324
12711536
12711383
12711382
12711381
12711379
12711378
12709500
12707985
12702083
12700268
12692542
12690580
12689786
12687578
12687498
12670873
12665545
12654887
12635107
12628431
12628426
12593963
12628770
12704237
12741164
12668758
12821918
12821911
12821896
12718768
12682323
12673249
22900301
15775107
15227977
14705458
14661528
14661514
14661513
14569365
14569362
14569361
14569354
14558151
14558149
12959116
12956050
12956048
12956046
12956045
12947710
12934370
12921296
12886402
12876894
12874526
12874525
12836498
12830496
12830491
12830489
12816224
12816138
12802380
12800618
12800617
12800613
12797570
12797569
12797568
12797566
12797564
12793504
12793500
12793216
12793215
12793214
12793213
12793212
12793211
12793210
12790510
12790508
12790505
12790504
12790503
12789084
12782238
12782144
12782142
12778623
12774898
12772975
12772971
12772967
12772965
12769029
12762149
12762146
12762145
12760505
12757553
12753226
12749574
12749569
12749287
12747615
12747463
12747461
12747459
12747458
12747455
12747453
12747452
12747451
12747450
12745429
12743911
12739691
12739690
12739683
12739681
12739679
12739678
12737648
12737218
12737214
12737213
12737209
12736961
12733789
12733783
12733778
12733776
12733679
12733410
12731698
12731697
12731696
12731693
12731692
12731691
12731618
12731616
12731614
12731613
12731611
12731610
12729786
12729783
12729085
12729084
12729080
12727465
12727464
12725379
12725377
12725374
12725372
12725106
12723875
12723861
12723294
12723291
12719657
12717485
12712252
12710814
12707076
12707075
12707058
12705688
12702125
12702122
12702117
12701779
12701778
12701777
12701773
12701772
12701771
12701769
12700849
12699238
12695772
12695769
12695768
12695763
12694437
12694434
12694431
12694429
12694426
12694425
12690510
12690506
12690353
12690352
12690349
12690348
12690347
12690345
12690341
12689910
12687613
12686928
12686925
12684764
12684191
12683858
12679647
12677589
12673592
12671655
12668599
12666208
12665477
12663078
12663076
12663074
12663073
12663072
12661049
12661041
12657739
12656883
12656881
12656880
12656877
12656876
12656872
12656871
12656845
12656844
12656843
12656842
12656841
12656840
12656839
12656836
12656835
12655642
12654099
12654094
12651938
12651936
12651934
12651932
12648269
12648267
12648264
12648262
12648261
12648143
12648114
12641594
12641593
12641592
12634426
12631166
12631165
12631160
12631158
12629675
12628599
12627527
12619128
12619127
12619126
12619125
12619124
12619123
12619122
12615640
12608918
12608915
12608911
12608910
12608909
12608907
12605448
12605439
12605438
12527284
12730031
12682660
12646922
12646134
12614935
12584243
12634768
12689752
12689751
12633187
12615794
28271243
25864691
21409338
21409337
21409334
16276951
16276947
16276946
16276942
16276940
16276938
16276936
15775098
15330384
15330383
15301380
15301379
15301375
15301373
15055684
15055682
15030061
15030057
14661304
14640161
14640156
14640155
14640152
12962044
12935586
12885009
12885008
12885006
12885003
12870985
12870984
12870982
12868143
12868142
12839648
12839647
12839643
12839640
12839639
12839638
12839636
12816365
12816363
12800267
12800265
12791368
12790299
12790222
12776945
12775666
12775664
12775659
12772631
12772628
12751301
12751298
12751297
12751296
12737255
12737252
12737251
12737249
12737241
12732348
12732182
12731605
12731601
12731600
12731599
12731596
12726707
12723843
12723838
12723837
12723836
12723835
12723834
12723832
12723111
12723106
12717468
12715919
12715015
12710762
12710756
12710749
12708030
12708029
12705310
12705298
12705296
12705035
12705033
12705028
12703558
12701171
12699055
12699045
12699043
12693826
12693822
12693820
12693014
12692755
12688603
12688601
12688597
12687383
12680340
12677611
12677608
12677606
12677605
12673437
12670075
12670068
12670067
12670066
12670065
12669885
12669883
12669882
12669880
12669877
12669875
12669874
12664998
12664997
12661862
12658446
12657518
12657149
12657147
12657145
12657144
12657143
12657035
12653614
12652050
12652049
12651254
12649707
12649706
12649045
12648563
12648562
12648554
12644805
12644804
12644803
12644802
12644608
12644605
12641173
12641168
12640383
12637913
12637904
12637901
12633143
12631184
12631183
12631178
12631176
12628269
12627253
12627110
12627107
12627100
12626623
12622881
12621291
12621240
12618976
12618676
12605701
12605700
12605633
12605631
12605630
12605629
12605625
12605530
12605523
12601710
12598553
12598551
12598549
12598545
12598544
12598542
12598303
12598296
12591596
12588507
12588505
12588504
12588497
12588496
12588494
12571097
12567376
12566285
12566280
12562913
12557005
12547947
12545426
12543119
12527271
12522663
12504519
12601114
12627200
12595693
12595662
12591096
12595931
12595929
12586447
12562936
12578939
12622064
16887684
16451548
16451543
16451542
16451540
16167725
16032293
15348479
14661464
14661462
14661457
14661453
14661450
12793209
12793207
12751600
12744416
12744415
12744413
12744411
12744410
12744409
12744408
12744405
12744404
12723408
12723405
12718392
12712874
12705508
12705101
12703242
12690570
12685279
12680265
12677721
12674625
12674620
12674619
12666863
12666862
12666859
12666858
12666857
12666717
12666716
12666715
12666712
12666710
12666703
12666702
12666701
12666393
12666392
12666391
12662942
12657331
12657157
12657155
12657154
12657153
12656859
12656858
12656857
12656856
12656855
12656853
12656851
12656850
12656849
12656848
12654554
12654550
12653333
12653332
12653249
12652361
12647869
12642233
12636320
12636317
12636237
12636127
12636121
12636120
12635781
12635777
12635776
12635774
12635773
12634865
12632030
12629908
12627796
12626826
12625267
12623439
12623184
12622856
12622855
12622854
12622853
12622849
12622106
12619001
12618999
12618996
12618993
12618413
12617371
12617367
12617366
12617365
12617364
12616244
12616239
12616236
12616235
12616234
12616232
12616227
12614559
12608726
12608723
12608722
12608719
12608717
12607860
12607857
12607856
12606107
12601494
12597716
12597715
12597713
12597712
12597709
12597708
12597704
12594414
12589561
12589101
12588455
12588453
12588452
12588073
12586976
12586238
12582369
12582366
12582364
12578454
12578446
12574944
12570971
12568416
12562885
12562880
12562374
12562371
12562363
12562360
12560311
12559057
12559055
12558937
12558932
12558811
12558809
12558808
12558805
12558802
12554688
12553926
12553919
12553645
12548107
12547954
12547360
12543177
12542835
12542433
12542431
12542430
12542429
12540545
12539240
12535151
12535149
12535146
12535136
12535135
12533791
12529411
12509972
12474268
12474262
12578752
12531696
12494443
12525712
12505467
12480152
20852712
20803468
17642819
16351890
15645937
15645936
15645933
15645932
15645931
15643758
15643757
15643755
15643750
15643748
15643746
15643744
15641499
15641498
15562752
15552856
15552855
15552854
15552853
15455865
15354380
15348534
15323220
15323210
15323163
15323162
15323157
15314980
15272814
15256865
15189667
15127999
15127998
15127993
15106476
15106475
15061339
15061337
15061336
15061333
15057396
15057391
15057390
15057389
15055158
15038685
15038684
15008401
15008338
15008337
15005516
15000906
15000904
15000903
15000901
15000900
14998052
14994623
14985798
14985796
14985794
14982661
14982659
14970708
14968703
14756251
14756248
14756247
14756246
14756245
14756244
14756242
14753103
14753102
14753036
14752969
14750473
14737961
14719578
14719577
14719576
14716095
14703642
14702946
14699952
14699951
14696967
14696965
14686655
14680932
14680919
14680060
14680059
14677164
14673838
14671596
14671594
14671593
14666742
14666740
14666738
14666737
14666533
14661726
14661722
14661721
14650556
14646051
14628567
14626827
14620763
14620762
14620662
14620661
14620659
14620657
14608970
14608967
14608354
14608351
14606554
14606547
14606543
14606541
14606539
14606537
14603664
14583954
14579923
14578638
14577137
14575636
14571451
14571450
14562940
14562939
14562938
14560481
14558587
14558377
14536048
14535057
14535053
14530305
14528722
14527299
14520778
14520776
14520775
14520774
14520773
14515441
14509173
14509171
14509170
12974526
12971173
12971172
12971169
12971168
12971166
12968423
12968422
12964653
12964650
12964648
12961959
12956038
12955908
12953926
12952665
12952661
12952213
12952212
12952210
12952207
12952195
12952194
12952192
12952191
12952190
12952187
12952185
12952180
12952171
12952166
12949946
12949945
12948217
12945802
12943058
12942828
12931426
12931421
12931411
12927086
12921235
12920369
12918792
12918005
12917988
12917975
12917928
12913887
12913886
12908068
12908063
12908062
12908059
12908057
12908054
12908052
12907697
12898320
12895520
12894661
12887579
12887578
12887576
12887575
12887574
12887149
12887148
12884507
12875308
12875307
12875306
12872809
12870308
12870295
12861879
12859117
12859113
12859112
12859110
12856440
12856397
12856393
12854883
12854354
12854353
12849098
12841144
12838593
12833485
12831724
12830559
12830558
12820853
12820848
12812021
12804493
12804432
12800758
12797559
12793300
12787200
12787197
12787196
12787194
12772562
12772561
12772559
12770014
12769311
12768887
12766958
12764999
12764072
12764018
12762617
12762616
12762615
12762614
12762613
12762611
12762610
12762606
12762475
12762472
12762471
12760781
12760776
12756932
12756931
12756928
12745763
12737091
12736913
12725291
12723103
12723102
12723101
12723100
12721790
12708325
12707500
12707499
12707498
12707497
12705721
12705173
12704952
12704948
12704945
12704943
12702113
12702111
12702107
12702105
12700814
12700803
12697957
12694441
12691653
12691650
12691649
12691648
12687758
12686916
12686914
12686911
12686909
12680413
12680070
12680066
12680064
12680063
12680058
12680057
12680014
12675460
12675458
12675457
12675456
12675453
12675452
12675450
12674926
12674921
12674877
12674876
12674361
12674360
12674359
12674356
12674355
12674354
12674353
12666951
12666554
12666544
12666541
12661941
12656993
12656516
12656515
12656514
12656513
12656512
12656511
12656509
12656508
12656465
12656458
12656457
12649703
12642960
12638773
12638770
12638769
12632627
12632616
12627706
12627705
12627702
12627700
12627699
12627270
12627269
12626874
12621855
12619267
12619265
12619262
12619261
12617256
12616890
12615145
12615141
12615140
12615137
12615136
12615024
12615023
12615021
12615016
12615015
12614515
12614082
12613657
12608666
12605427
12605425
12602199
12602198
12597693
12597692
12597688
12597686
12597684
12597683
12597681
12597680
12597678
12597586
12593600
12593590
12593431
12589296
12589295
12589287
12589286
12589284
12589283
12589281
12589277
12577011
12576016
12573712
12570217
12570216
12566643
12566637
12566634
12566633
12566632
12563589
12563190
12560154
12558632
12558289
12557108
12557107
12557106
12556729
12556723
12556266
12555956
12554530
12552237
12548403
12548402
12544214
12542626
12542625
12542624
12542623
12542622
12542619
12542510
12540228
12540227
12540225
12540223
12540216
12540211
12540124
12540120
12540118
12540116
12540115
12540113
12539037
12539036
12539034
12539032
12539028
12535491
12535481
12535474
12535462
12535435
12532069
12532067
12532064
12532058
12532057
12532056
12528991
12525795
12523467
12520416
12520414
12519012
12516067
12514157
12511749
12510811
12508292
12508237
12508043
12508042
12507281
12504040
12498898
12498890
12497641
12497227
12496560
12491936
12491932
12491093
12489138
12489137
12488989
12488718
12485394
12485392
12485389
12485385
12485381
12479851
12477701
12469216
12467734
12432465
12420324
12370801
