32111110
30025436
22557401
16031004
6748978
6746188
6736221
6735749
6725296
6721651
6721211
6719530
6711603
6707231
6706839
6703644
6703643
6702411
6702404
6699650
6699604
6699599
6699595
6696390
6695964
6693291
6611549
6611147
6599796
6599795
6599742
6599736
6599734
6599732
6599730
6599724
6599633
6599560
6599555
6599448
6599380
6599259
6599231
6599191
6598750
6598743
6598675
6598662
6598520
6598510
6598507
6598506
6598402
6598368
6598367
6598366
6598364
6598292
6598290
6598286
6598152
6597426
6597220
6597087
6597011
6596981
6596965
6596757
6596756
6596691
6596669
6596668
6596666
6596665
6596656
6596440
6596041
6596037
6595768
6595313
6595278
6595248
6594786
6594784
6594249
6594223
6594106
6594102
6594095
6594094
6594093
6594089
6594088
6594087
6592970
6592967
6592966
6592964
6592773
6592772
6592771
6592252
6592039
6591899
6591896
6591891
6591890
6591885
6591884
6591883
6591879
6591468
6591467
6591465
6591464
6591463
6591461
6591454
6591453
6591452
6591451
6591450
6591449
6591448
6591447
6591446
6591155
6590123
6589986
6589985
6589984
6589983
6589981
6589804
6589803
6589783
6589782
6589679
6589676
6589669
6589216
6588934
6588660
6588603
6588465
6588464
6588460
6587844
6587841
6587840
6587838
6587837
6587836
6587530
6587529
6587528
6587526
6587522
6587518
6586928
6586611
6586214
6586129
6586126
6586124
6586122
6585996
6585055
6584994
6584953
6584727
6584718
6584348
6584346
6584344
6584342
6584308
6584176
6584175
6584053
6583390
6583388
6583372
6583369
6583218
6583215
6583011
6582262
6582261
6582084
6582080
6582078
6582077
6582072
6582071
6581773
6581772
6581769
6581729
6581728
6581724
6580958
6571244
6549281
6549117
6537946
6537499
6536194
6532486
6530387
6528639
6524579
6524176
6523057
6522052
6520882
6520213
6518544
6517502
6516776
6509511
6508283
6507892
6505660
6501562
6501560
6494133
6484944
6483855
6479416
6477412
6472605
6469152
6464637
6463499
6463040
6462288
6441907
6441906
6441168
6441093
6437384
6431952
6427441
6424908
6423238
6423237
6423230
6422767
6420451
6400738
6400695
6400384
6399664
6399621
6399151
6399145
6396623
6396622
6396621
6396620
6396606
6396346
6396310
6395417
6392100
6390770
6390769
6388540
6382234
6382233
6382230
6382229
6381199
6381159
6380847
6380846
6380142
6379823
6378961
6378154
6377732
6375644
6375467
6372146
6368833
6368405
6368275
6368192
6367549
6366196
6366195
6366174
6366164
6364342
6363671
6363480
6363462
6363461
6363460
6336499
6328790
6323943
6319658
6242665
6242664
6242095
6237520
6233816
6233815
6233812
6231085
6229622
6206015
6204728
6204626
6203302
6202285
6197963
6152567
6151748
6148846
6148844
6142767
6140848
6100767
6100704
6098008
6097982
6090332
6084654
6607360
6365123
6645030
6661639
6656929
6581812
29324007
12312726
6686652
6672228
6668571
6666621
6666620
6666619
6663314
6663291
6662550
6651251
6650890
6631002
6627815
6606030
6593521
6592788
6592732
6592723
6589144
6589138
6589136
6588649
6588641
6588410
6587828
6587577
6587576
6587575
6587574
6587334
6587331
6587256
6587048
6586902
6586888
6586857
6586855
6586840
6586830
6586828
6586821
6586352
6585854
6585530
6585434
6585428
6585189
6583931
6583922
6582942
6581965
6581964
6581959
6581678
6581677
6581675
6581523
6581519
6581517
6581516
6581463
6581300
6581291
6581289
6581285
6581221
6581196
6581167
6581131
6581004
6581003
6581002
6581001
6580997
6580427
6580426
6428298
6425233
6425232
6421169
6420913
6387304
6378553
6374546
6374545
6374079
6373908
6371205
6361245
6361243
6361082
6361016
6360914
6360522
6360190
6327805
6325652
6321920
6320046
6315220
6144712
6142064
6139813
6688887
6657149
6579995
6416480
6417543
6643212
6664612
6582720
6580028
6357253
6686175
6671886
6667036
6666087
6660288
6659415
6651319
6650440
6642654
6632945
6622573
6594804
6594802
6594797
6594363
6590225
6588646
6588355
6588354
6587121
6586979
6585961
6585020
6584223
6583927
6583797
6583796
6583762
6583729
6583480
6581615
6581614
6581591
6581182
6581178
6581175
6581173
6581066
6580605
6580603
6580434
6580419
6580408
6580407
6580404
6580334
6580327
6579841
6579840
6579259
6579255
6433515
6433279
6422592
6421744
6419619
6401159
6377189
6373485
6372170
6369440
6367104
6361998
6360314
6358468
6358320
6315916
6230823
6228567
6582041
6580009
6363284
6886379
6672974
6657762
6656790
6655685
6651714
6650679
6650676
6650567
6643115
6627951
6618673
6616434
6614275
6611917
6607545
6605091
6599254
6593513
6592708
6592316
6591561
6591329
6591328
6591231
6589068
6587252
6584549
6583722
6583639
6582620
6581670
6581668
6581135
6581133
6580974
6580971
6580832
6580410
6580133
6579620
6579616
6579481
6579447
6579288
6579168
6579166
6579097
6579093
6579091
6578902
6578901
6578900
6578898
6578683
6578234
6420362
6420359
6360726
6357315
6355448
6355443
6355442
6355436
6353931
6352757
6319308
6318165
6317809
6314484
6311522
6147912
6139496
6578821
6354227
17811522
6649648
6626156
6582032
6885158
6672561
6652551
6649813
6646657
6645553
6642997
6641974
6638067
6637947
6635002
6631449
6631447
6628346
6628064
6615088
6593949
6593942
6592737
6591096
6588667
6587425
6586848
6586842
6584383
6583962
6583916
6583789
6583650
6582794
6582793
6582608
6582548
6582547
6582546
6581242
6581241
6581159
6581033
6581022
6581020
6580402
6580361
6580311
6580299
6579777
6579773
6579748
6579747
6579499
6579495
6579465
6579464
6579463
6579461
6579279
6579277
6579195
6579078
6579075
6579031
6578840
6578344
6577798
6577797
6577790
6576003
6556300
6416229
6415025
6414023
6385209
6380665
6380662
6366905
6364411
6364408
6364294
6361015
6358428
6357866
6356287
6355414
6355202
6352926
6351635
6348113
6348112
6314135
6226799
6208649
6195576
6194193
6149637
6881288
6874072
6680214
6670087
6624890
6624887
6622047
6604802
6590244
6587243
6587241
6583937
6583911
6583741
6583141
6582168
6582131
6582129
6582126
6582125
6579600
6579149
6578663
6578660
6578596
6578487
6578482
6578479
6578337
6578335
6578325
6578320
6578319
6578039
6578027
6578024
6576885
6576884
6576883
6576880
6576876
6576842
6576636
6575156
6575041
6418671
6415581
6374776
6356311
6352910
6352908
6352905
6352902
6345617
6312010
6306082
6194647
6193259
6135086
17755471
6617494
6577883
30060635
6885505
6883066
6862625
6684400
6683312
6675193
6675192
6672964
6624503
6624423
6621561
6620392
6618255
6616312
6614152
6614146
6611824
6599792
6599439
6593019
6592702
6590956
6590479
6586757
6584280
6584279
6584274
6583667
6583613
6582255
6582161
6580761
6580692
6580691
6580350
6579386
6579302
6579183
6578965
6578632
6578224
6578161
6578118
6578114
6578017
6578016
6578014
6577591
6577498
6577176
6577156
6577036
6577033
6577030
6577029
6577028
6576889
6576315
6576309
6576153
6575854
6575825
6575822
6575820
6575819
6575614
6575147
6575023
6575019
6433269
6417348
6415272
6413042
6372308
6365404
6361872
6353766
6352400
6350550
6348639
6348275
6348270
6345737
6306079
6236157
6227726
6224219
6223990
6144214
6139878
6310455
6581013
6577756
6351475
6351474
17818495
6581012
27431710
12902678
6887807
6887261
6885625
6885624
6883518
6881318
6859633
6859006
6852159
6851336
6846294
6673672
6650253
6624381
6620734
6620733
6593536
6589063
6585764
6583091
6581230
6579666
6579271
6579180
6579177
6579141
6577368
6577362
6577105
6577100
6576976
6576969
6576611
6576609
6576463
6576461
6576460
6576295
6576293
6576292
6576140
6576126
6576021
6576019
6576018
6575963
6575369
6574800
6574702
6574219
6574218
6574159
6574155
6574003
6574000
6411699
6410028
6373075
6367288
6355334
6349378
6348258
6348248
6348247
6347904
6347902
6343442
6342928
6320503
6310392
6229395
6133836
6409142
6860957
6879083
6574757
6576536
6574895
6881546
6871768
6869513
6869511
6866785
6852483
6849725
6846228
6844967
6843256
6839584
6603480
6594807
6592824
6590545
6590544
6584459
6583087
6581918
6581917
6581916
6580366
6577728
6577727
6577720
6577719
6577586
6577270
6576486
6576485
6576436
6575988
6575982
6575931
6575345
6575344
6575342
6575338
6575332
6575173
6575167
6575166
6575161
6575088
6575086
6575083
6575081
6574918
6574916
6574235
6573851
6573850
6573847
6573844
6573372
6573365
6572706
6572545
6433261
6406060
6364301
6356483
6350051
6348981
6348839
6348103
6346854
6345746
6345573
6343593
6343592
6343591
6330795
6306542
6306541
6224228
6223040
6192155
6865584
6850340
6845044
6573896
6575518
6875205
6869805
6866537
6866536
6866535
6859557
6859555
6859554
6854653
6846520
6846517
6845973
6832839
6831092
6663937
6587035
6587034
6585759
6585756
6583075
6582136
6581908
6581907
6578500
6577392
6577390
6576591
6576519
6576429
6576409
6576247
6576055
6575952
6575949
6575610
6575475
6575139
6574929
6574584
6574554
6574417
6574229
6574228
6574197
6574178
6573982
6573981
6573917
6573501
6573434
6573308
6573244
6573243
6573242
6573238
6573237
6573142
6573140
6409827
6408574
6408551
6406955
6406665
6405625
6396252
6387307
6377596
6351356
6349726
6345208
6343944
6343457
6341563
6341562
6341560
6341558
6340945
6340515
6304864
6222004
6190214
11655525
6575512
6573167
30060641
6864415
6863556
6850364
6843918
6837543
6837537
6830974
6829791
6825396
6592822
6592814
6592812
6592565
6586911
6586906
6586389
6582560
6582536
6581905
6579852
6579851
6577388
6577284
6576930
6576402
6575906
6575898
6575420
6574826
6574447
6574445
6574437
6574320
6574112
6573792
6573772
6573730
6573622
6573492
6573472
6573470
6573469
6573460
6573417
6573411
6573345
6573342
6573341
6573338
6573040
6572888
6572886
6572884
6572883
6572882
6572875
6572849
6572210
6433260
6406475
6364299
6364243
6364239
6356956
6355007
6351491
6350988
6349280
6346723
6343826
6343366
6342061
6341554
6341547
6341526
6338725
6299105
6189820
6188765
6139807
6132610
6844122
6601506
6301627
6823328
6822521
10260535
6853392
6846872
6842540
6837633
6837230
6830039
6823163
6687962
6588582
6585749
6585744
6585743
6581897
6581893
6577739
6577733
6577629
6576474
6576053
6576049
6575944
6575942
6574548
6573976
6573765
6573764
6573755
6573714
6573270
6573269
6573032
6572870
6572791
6572717
6572675
6572126
6572122
6572120
6571871
6571867
6406379
6403684
6403681
6351485
6343606
6340017
6340016
6338217
6338216
6338215
6338211
6302624
6189793
6187911
6824932
6407220
6572050
6337598
31992017
31991959
31986848
29538929
28054851
20841116
6889026
6885044
6874896
6874894
6874426
6869504
6869498
6866993
6863036
6862325
6859542
6858604
6852930
6850790
6850763
6850399
6847321
6839190
6839189
6838959
6832203
6830550
6830172
6826576
6826123
6823788
6823684
6686634
6684934
6682988
6680737
6678525
6672833
6671025
6670527
6670285
6669948
6666535
6664980
6662909
6662284
6661756
6661524
6661521
6660549
6651543
6647454
6644229
6643522
6642177
6639610
6635609
6631755
6619277
6619275
6619274
6609732
6604252
6603559
6599788
6599608
6598252
6597517
6593292
6592851
6592807
6592686
6592685
6591782
6591553
6591303
6591174
6591173
6589714
6589308
6587468
6586224
6585133
6585131
6584638
6584502
6584413
6584094
6583076
6582821
6582820
6582817
6582655
6582467
6582466
6582457
6581766
6581764
6581760
6581627
6580853
6580851
6580754
6580253
6580155
6580152
6580110
6580102
6580076
6580075
6580073
6579917
6579905
6579904
6579902
6579897
6579896
6579833
6579831
6579830
6579829
6579677
6579675
6579674
6579526
6578768
6578766
6578758
6578757
6578756
6577373
6576820
6576739
6576601
6576598
6576597
6576553
6576491
6575749
6575748
6575581
6575571
6575569
6575463
6575461
6575457
6575454
6575453
6575102
6574738
6574735
6574610
6574432
6574166
6573960
6573862
6573779
6573707
6573705
6573698
6573563
6573557
6573556
6573403
6573196
6572792
6572636
6572635
6572634
6572633
6572632
6572455
6572443
6572439
6572435
6572430
6572352
6572256
6572255
6572253
6572242
6571890
6571860
6571858
6571856
6571855
6571811
6571769
6571736
6426244
6425139
6425125
6425123
6420787
6416619
6416328
6414445
6411048
6407925
6406284
6403498
6402845
6401872
6401698
6401401
6386670
6386669
6386667
6385157
6372907
6371758
6371757
6369952
6368848
6368338
6368337
6367128
6365777
6364111
6364110
6364109
6364107
6364097
6364096
6364095
6364094
6363183
6362744
6362742
6362741
6362049
6361985
6361907
6357759
6357160
6357159
6355329
6354156
6354154
6352255
6351484
6348184
6348070
6347746
6347384
6347144
6346473
6346312
6344344
6344034
6339568
6338638
6338587
6338441
6338205
6338203
6338202
6338181
6337925
6337388
6337251
6337250
6337247
6336596
6330834
6318709
6318525
6312725
6305319
6301903
6296378
6236412
6234723
6231797
6229105
6227169
6227164
6224371
6223615
6222563
6222558
6219475
6201820
6196007
6195834
6194654
6190470
6186721
6186666
6140236
6138020
6137427
6137072
6131680
6131082
