20301472
30000756
20301283
30601614
20301684
20301418
20301484
16310910
16310905
16233940
16376127
16376351
16246602
16054735
16375962
16360245
16297468
16375964
16375959
16364426
16360849
16214273
16368130
16253310
16375934
16343633
16337328
16314023
16311242
16310920
16310303
16188472
16183179
16362516
16289723
16288949
16242232
16239058
16198406
16364474
16377268
16376292
16376291
16373450
16356470
16308693
16307723
16300826
16226312
16112261
15993991
15975635
15993019
16632282
16344330
16337660
16269128
16259940
16225915
16211419
16202498
16171924
16171857
16169654
16125745
16079244
15936908
16298054
16376138
16373454
16373452
16356749
16326107
16267127
16266688
16257386
16246431
16229871
16215774
16214284
16192312
16188224
16169653
16157438
16155189
16154631
16085303
16054208
16386273
16326713
16530712
16387441
16378754
16364406
16341728
16341551
16328359
16328310
16314137
16311741
16309732
16300817
16289279
16275156
16263347
16243014
16242184
16234275
16202499
16198468
16188428
16169655
16159656
16125132
16112336
16112335
16112334
16099031
16087287
16087286
16084585
16081159
16365040
16076541
16410075
16343542
16378597
16448929
16448928
16414277
16403652
16373453
16364956
16364423
16341894
16337113
16317020
16280235
16263152
16263151
16260589
16230329
16230328
16214432
16213635
16199411
16199410
16154315
16126319
16111799
16098949
16096811
16095556
16084600
16081036
16055080
16039707
16039706
16025190
16000218
15979227
15970371
15955666
16172129
16024196
16310176
16210339
16313993
16225992
16282526
16137777
24379883
24379882
24379881
24379879
24379878
24379877
24379876
21250306
20021028
19655500
19655499
19292113
19292106
19292105
19089085
19089083
19089081
19089079
19089030
19089029
19089022
19089021
18175625
17946495
17946328
17945966
17945890
17945856
17684691
17668701
17668700
17645216
17645212
17645211
17645048
17645046
17645044
17633125
17632980
17575642
17547067
17518035
17485803
17469507
17469506
17469502
17469500
17469498
17469496
17460838
17460836
17460833
17460832
17458099
17458096
17458094
17458093
17458091
17458090
17458088
17458086
17458083
17458081
17458080
17458078
17458076
17458075
17458074
17458071
17458069
17458058
17458057
17458055
17432538
17432537
17432533
17432532
17419515
17410932
17405523
17392984
17385403
17385359
17385358
17385357
17357495
17357297
17354676
17322653
17322651
17322650
17315810
17315805
17315802
17315797
17315796
17312702
17310945
17310943
17310941
17310940
17310939
17288202
17288176
17262150
17262149
17262147
17262145
17262144
17262142
17262134
17262131
17262128
17262127
17262126
17262121
17256403
17243442
17240934
17240933
17240931
17240930
17240929
17233329
17233327
17233322
17209340
17193934
17193931
17193930
17191065
17191064
17191063
17191062
17191061
17190228
17187043
17187042
17187041
17187038
17187037
17187036
17182487
17172793
17163588
17159846
17159844
17159837
17159836
17153650
17153646
17153644
17152800
17148861
17147999
17143350
17143343
17131846
17131713
17131710
17131709
17125029
17121197
17106860
17103430
17100743
17100742
17098585
17083443
17083441
17083437
17083435
17078513
17078512
17075170
17073559
17072736
17066736
17065766
17064234
17063026
17063021
17063018
17063015
17053330
17051960
17049369
17047609
17047603
17047347
17022369
17022367
17022365
17009564
17009560
17009559
17009296
16997435
16996438
16989116
16989114
16987327
16987326
16987320
16971741
16970040
16966308
16964678
16961031
16961030
16961026
16956115
16946615
16946614
16946612
16946610
16946608
16946606
16946604
16942454
16932841
16932520
16929973
16924345
16924343
16924342
16924336
16919024
16919019
16911426
16911422
16911420
16911416
16900994
16900893
16892177
16888391
16883964
16878683
16878682
16877806
16876088
16875260
16875258
16875028
16874442
16873208
16861852
16861849
16861846
16860665
16858370
16858328
16858313
16850573
16838878
16838563
16838061
16837433
16836174
16831191
16831184
16831183
16821548
16820250
16813277
16813144
16813143
16813142
16813141
16813140
16813137
16813136
16807057
16806729
16800307
16792053
16780842
16780202
16776007
16775380
16775379
16775378
16775377
16775375
16775374
16775373
16775372
16775371
16775370
16775369
16775368
16775367
16775366
16775365
16775364
16774697
16774596
16770524
16766570
16764878
16763399
16759817
16753804
16749894
16741866
16741360
16741359
16735563
16734312
16734311
16734308
16734306
16731688
16730755
16729177
16729176
16729174
16729172
16721473
16721468
16721466
16721465
16721464
16721457
16719349
16710281
16708853
16708850
16707876
16707875
16707874
16707868
16707867
16707865
16707864
16704111
16704110
16704109
16704105
16703959
16703933
16703931
16703928
16702247
16687913
16687912
16687909
16687896
16687895
16687894
16687892
16687890
16687889
16687888
16687887
16687886
16687885
16687884
16687883
16687882
16687881
16687880
16686933
16682765
16682758
16671509
16651835
16651831
16644994
16636621
16636611
16632877
16622739
16620618
16615377
16615376
16615375
16615374
16615373
16615372
16613785
16610462
16610460
16610458
16608051
16607876
16607062
16607061
16604940
16604939
16604937
16599333
16599330
16599329
16599328
16597696
16586352
16586350
16586349
16585261
16583127
16579716
16579715
16579714
16579711
16579709
16579708
16579702
16579698
16579697
16573158
16570835
16570753
16570752
16570749
16570746
16570565
16569945
16566548
16564337
16552455
16551460
16551448
16542832
16541845
16541790
16538639
16536206
16536200
16536198
16536197
16536195
16536194
16536193
16536191
16536190
16536188
16536162
16536161
16529178
16524218
16524216
16524167
16519873
16519872
16519184
16519181
16519180
16512093
16510918
16510911
16508277
16508274
16508273
16508268
16508267
16508265
16508264
16508263
16506655
16496940
16495873
16495872
16494120
16494119
16494118
16482025
16479768
16479766
16479754
16479753
16478013
16478012
16471417
16471416
16471248
16470275
16469088
16468661
16468654
16467604
16463018
16463004
16459885
16459883
16459447
16458729
16457009
16457001
16457000
16456745
16454086
16454016
16454012
16449811
16448286
16448285
16448283
16448277
16448276
16448273
16448265
16448264
16448263
16448262
16447024
16447023
16447022
16447020
16445398
16444814
16443481
16443479
16443478
16443476
16443475
16443181
16441993
16441824
16438685
16433654
16433651
16433648
16433645
16432638
16432291
16432290
16432289
16432288
16432287
16432282
16432281
16429985
16429698
16426513
16426505
16426503
16426502
16423234
16423233
16421269
16421261
16421256
16420385
16420211
16413687
16410074
16410069
16410068
16410066
16410065
16410060
16410059
16409519
16409518
16409517
16409513
16409512
16409416
16409330
16409329
16409328
16409324
16409323
16409322
16407489
16401743
16399276
16399275
16399271
16399269
16399268
16397067
16395549
16395548
16394701
16393495
16393255
16390471
16389467
16389085
16388304
16388292
16388287
16388037
16385398
16374030
16373789
16373688
16373685
16373681
16373087
16370910
16369894
16367857
16367854
16367853
16367851
16364647
16364331
16364095
16364093
16364092
16364089
16364088
16364087
16360869
16360863
16360617
16360616
16360610
16360608
16360602
16360600
16356770
16352885
16352884
16352880
16340223
16333836
16319531
16283635
16283633
16283352
16242755
16226788
16213108
16185699
16157439
16154629
16154318
16146769
16136580
16125714
16122784
16118781
16105893
16084104
16061281
16055347
16040117
16039983
16005844
15990083
15982795
15939523
15922502
15910164
15908098
15907359
15907356
15876525
16425857
16404145
16344487
16395369
16395362
16378123
16398174
16398170
16273544
16297886
16332957
16341167
16336661
16289801
16284476
20865232
20865227
20865223
20865221
20865218
20865214
17138383
17138373
17016896
17016895
17016894
17016893
17016889
17016887
16850669
16669453
16642659
16619711
16594534
16521307
16518977
16514880
16494274
16494271
16494270
16494269
16491919
16491917
16491916
16485985
16483180
16480601
16477868
16471378
16471375
16471374
16471373
16468486
16468485
16468482
16462107
16454238
16452826
16445030
16445024
16444026
16440465
16438265
16433406
16433405
16433404
16433401
16433400
16433399
16433398
16430181
16430180
16430174
16426121
16426120
16426119
16426118
16426117
16417141
16417138
16416748
16415555
16411577
16411573
16400504
16400502
16400501
16400500
16400499
16400493
16400491
16400479
16394634
16392735
16392734
16392731
16392730
16392729
16389775
16389774
16389772
16389126
16385937
16385936
16383054
16383052
16383051
16383050
16382675
16381438
16379437
16379436
16379431
16379169
16379168
16379166
16379164
16379162
16379144
16379141
16379139
16370470
16369164
16365890
16361886
16360922
16360918
16360917
16360915
16360914
16360913
16359478
16356153
16356150
16355544
16353531
16352775
16344764
16344752
16343118
16343113
16343112
16343110
16342405
16341403
16339870
16338258
16333793
16333792
16333044
16332247
16332246
16332241
16331241
16330345
16329234
16329233
16329232
16329229
16329228
16329227
16329226
16327595
16326826
16324144
16324143
16324142
16324141
16324133
16323169
16316803
16316799
16316798
16316797
16316796
16316795
16316794
16307577
16307570
16307569
16306827
16306826
16306825
16306824
16306822
16306819
16306817
16306816
16306815
16304467
16304444
16304441
16303683
16302921
16301982
16301162
16301161
16301159
16301156
16299136
16297694
16297377
16297038
16297036
16297035
16291081
16289848
16282797
16279991
16269000
16268997
16268994
16262718
16262621
16262620
16262619
16262618
16262617
16262616
16262615
16262614
16262611
16262607
16256170
16251197
16249189
16247794
16240417
16239243
16236760
16225904
16220328
16215749
16214485
16172034
16169972
16167153
16134162
16133496
16133422
16118782
16118653
16105727
16104050
16098574
16046230
16040118
16027963
16010581
16007473
16005961
16002134
15996761
15963453
15939395
15939394
15922993
15908068
15798897
15761880
21690718
16358617
16308367
16304554
16301507
16289028
16301964
16298220
16293759
16342832
16299619
16299618
16299613
16299612
16299610
16299605
16275898
16260727
16237643
16207730
16284330
16182949
16274491
16304896
16055156
29539056
20477605
18088793
18088792
16829713
16829712
16829711
16739708
16673860
16583935
16532891
16532890
16532889
16532888
16532887
16532886
16532885
16532884
16512110
16512108
16512107
16512104
16506615
16506608
16496063
16485816
16463911
16463910
16463908
16463907
16463754
16463603
16454961
16448252
16448251
16448245
16448244
16448235
16448232
16448231
16448229
16447770
16439937
16438357
16430054
16430051
16429872
16429867
16429866
16429864
16416540
16416361
16410855
16410853
16410850
16401909
16401908
16396213
16396210
16396206
16396186
16392348
16382822
16382600
16382598
16382597
16382595
16382593
16382590
16382589
16372544
16366054
16366044
16358810
16358803
16357472
16355623
16355610
16355309
16353399
16351596
16350422
16344182
16340374
16335171
16335169
16335168
16331815
16331547
16331546
16331544
16331543
16329839
16329836
16329833
16329826
16329801
16329427
16329420
16329414
16327567
16327561
16324230
16320863
16320568
16317886
16313700
16313399
16313395
16307424
16300233
16300231
16299962
16295926
16292221
16286216
16286212
16286210
16286209
16286206
16283572
16279412
16277581
16275306
16275300
16274322
16274321
16274314
16274310
16272510
16269033
16264380
16263039
16261798
16261795
16254492
16252242
16251800
16251796
16251795
16251794
16251793
16251792
16251791
16251789
16249727
16249726
16249725
16249724
16249721
16249720
16249719
16249718
16246945
16246934
16246932
16246480
16243253
16243252
16243244
16243238
16243183
16243182
16243175
16243172
16241180
16238659
16238658
16238656
16238655
16238654
16238652
16238651
16238610
16238609
16238605
16238604
16236046
16227077
16221519
16221517
16218976
16218973
16218969
16217735
16215657
16214285
16214054
16212577
16212573
16212572
16212571
16202084
16202050
16202049
16202047
16202046
16202044
16198109
16194248
16193470
16193307
16187317
16183371
16169630
16163689
16162811
16154407
16142458
16084703
16007675
15923032
15913767
15895436
15895432
15893735
15861429
16259075
16139112
16244618
16244615
16243096
16242019
16235352
16235343
16287606
16276727
16244327
16224019
16224009
18998515
16245635
16215568
16834276
16208369
16232347
16207372
16183746
28876802
19468646
16761713
16761712
16761706
16689031
16689029
16612851
16498763
16491261
16491259
16491258
16491253
16491251
16491250
16483051
16468463
16468461
16468459
16465977
16465973
16465971
16459518
16450678
16419437
16419435
16419434
16419431
16419430
16419429
16379319
16378922
16355481
16354490
16353704
16353470
16335477
16335045
16335042
16335039
16327144
16327142
16327123
16323437
16320527
16315857
16315855
16315854
16302606
16302601
16302598
16302596
16302594
16302446
16302062
16300320
16297312
16297310
16294569
16293916
16288343
16288342
16288338
16288333
16288331
16288330
16288324
16288317
16285557
16285550
16285549
16285548
16285544
16285542
16285540
16285538
16285537
16277074
16276637
16271166
16271161
16262581
16262580
16262578
16262575
16262439
16262438
16262034
16262032
16260774
16255469
16255468
16255467
16255452
16254655
16253104
16253102
16253098
16253094
16252740
16250569
16250566
16250204
16248271
16245642
16245640
16245470
16245468
16245467
16245464
16244819
16244818
16240967
16240966
16240965
16240963
16240962
16240961
16240960
16240959
16237255
16237254
16231543
16231538
16224379
16224374
16219741
16217517
16215943
16215937
16214633
16214632
16214631
16214627
16214621
16203939
16202034
16202028
16202023
16200680
16199921
16199702
16199285
16199279
16198813
16198179
16198178
16198174
16198171
16198170
16198169
16198168
16198167
16197900
16192515
16191162
16189195
16188202
16187072
16186757
16186754
16186750
16186748
16183797
16183794
16183788
16183366
16182919
16182173
16182168
16182155
16182154
16180220
16176310
16175511
16174272
16174266
16170132
16166051
16165064
16164691
16164688
16164687
16164686
16164685
16164684
16164683
16164468
16164464
16164462
16164459
16164458
16164113
16164112
16164111
16164110
16164109
16164108
16164107
16163877
16163875
16163871
16163870
16163869
16159357
16159356
16159355
16159354
16159351
16159348
16155213
16150322
16150320
16150319
16150318
16150312
16149930
16149929
16149928
16149927
16149926
16149925
16149922
16149921
16149920
16149919
16146473
16143022
16139505
16138897
16138896
16137499
16137497
16137495
16137494
16135539
16135537
16128796
16128794
16128792
16118794
16114047
16113667
16107429
16105092
16105091
16101964
16098716
16093260
16045969
16043470
16043469
16043467
16043466
16043428
16039704
16032659
16023071
16015635
16014653
15990082
15979850
15979849
15979763
15961573
15961570
15961279
15958782
15958240
15947987
15923033
15895418
15878820
15878782
15861426
15838862
15838835
16046405
16186535
16186514
16172208
15869869
16184117
16184106
16179481
16186871
16156640
16009443
16163340
16162314
16112152
16097005
16041800
16162938
15941635
16157899
16157894
16157866
16155537
16155247
16014627
15998640
16321242
16087167
25870049
20878037
20878030
20878029
20878025
20878021
20878020
19803840
17354462
17138364
17138362
17138357
17138356
17042089
17042087
17039680
17039676
16999010
16999009
16749363
16749355
16568918
16568916
16548485
16454103
16454102
16435636
16435634
16398309
16398308
16398305
16398147
16383201
16353718
16336237
16336233
16323462
16323455
16323057
16313093
16313092
16313090
16313089
16300123
16295802
16295801
16295800
16295634
16295015
16294388
16285043
16285042
16283817
16283816
16283815
16283814
16283812
16279835
16279833
16279832
16279831
16279828
16279827
16279825
16279824
16279822
16279496
16276983
16274157
16274153
16274152
16274150
16274141
16274073
16270807
16270148
16268400
16268397
16268392
16268391
16268270
16261986
16261910
16261904
16259613
16257867
16255943
16255935
16255934
16255930
16255927
16255916
16252532
16238219
16238218
16238217
16238215
16238213
16238211
16238209
16237274
16235544
16234589
16231115
16231112
16231111
16229294
16225225
16225206
16224138
16224137
16224136
16224133
16224131
16224130
16224129
16220813
16220812
16220810
16220809
16220807
16220805
16220802
16220801
16216097
16216093
16216092
16216091
16215534
16215532
16211157
16202199
16202195
16202194
16196235
16196231
16192856
16190991
16184910
16184908
16180640
16180638
16180633
16178403
16178284
16175633
16175456
16174037
16172803
16171453
16171447
16171444
16171441
16171440
16171439
16171437
16171431
16171216
16170477
16170061
16170058
16169820
16168340
16168331
16168328
16163904
16163903
16162989
16162724
16161881
16161880
16161879
16161878
16161877
16161469
16161468
16161467
16161461
16160575
16160573
16160569
16160566
16160565
16158161
16158143
16155270
16155227
16153158
16149833
16149826
16149825
16148859
16141520
16141091
16140106
16139776
16139701
16139700
16139699
16139695
16139694
16139693
16139692
16137283
16137279
16136541
16136102
16133279
16133119
16129004
16129003
16129002
16129001
16128999
16128997
16128996
16126086
16126081
16126079
16126075
16126073
16125020
16125019
16125016
16125015
16125011
16123708
16123705
16123702
16123699
16123697
16123358
16122670
16122668
16122665
16122594
16122592
16120890
16120885
16120884
16120879
16120877
16120117
16116016
16113285
16110212
16110204
16109994
16109993
16109989
16109987
16104979
16104978
16104976
16104975
16104974
16104972
16104969
16104966
16104965
16104963
16104960
16104957
16102083
16102081
16102080
16102079
16102078
16102075
16102074
16097434
16096509
16094655
16049693
16047086
16047085
16044260
16028273
16025539
16015651
16009415
16007476
15979380
15970310
15968550
15964608
15963454
15947997
15940543
15922445
15909174
15902508
15901761
15856344
15592678
16086393
16121123
16270929
16270916
16369228
15980071
16086068
16131477
16131474
16173087
16127484
16127482
16127480
16127478
16127474
16127473
16127472
16127471
16127468
16007634
16192950
15756678
16087932
16121659
16079844
16079393
18655336
18655335
16701573
16598181
16487080
16451364
16451363
16451361
16370291
16300254
16300253
16300251
16296440
16296439
16296434
16296433
16296429
16296427
16296425
16296312
16261919
16248501
16247197
16225336
16225331
16225322
16212278
16201872
16190513
16190512
16178195
16178190
16178185
16173492
16167613
16167612
16167611
16167610
16167609
16167608
16161821
16161365
16161363
16156290
16156259
16155715
16155714
16155713
16155710
16155709
16155695
16155694
16155689
16152731
16144486
16144484
16144483
16136412
16128258
16128257
16128255
16128254
16128253
16128216
16121024
16121021
16121020
16120022
16119269
16117774
16117772
16117768
16117767
16117762
16102681
16102410
16102409
16102408
16101375
16101373
16101353
16096472
16094590
16094589
16089046
16089044
16089041
16087758
16087020
16086281
16086267
16086006
16081344
16079655
16079015
16062014
16056185
16053135
16048527
16048526
16048522
16048520
16048449
16047093
16046968
16046967
16046965
16046962
16044046
16044044
16044042
16044040
16044038
16043477
16043475
16043471
16041545
16040736
16040733
16040732
16040729
16037969
16037783
16037782
16037772
16037765
16026719
16026666
16026533
16026532
16026531
16026523
16026522
16024889
16022721
16014432
16011776
16011773
16011771
16011770
16011769
16011768
16011640
16011615
16011608
16008657
16008638
16008637
16008635
16008631
16008630
16007469
16007338
16006416
16005801
16005800
16005799
16005796
16005795
15998273
15991237
15988746
15986487
15985647
15979926
15978822
15977175
15973689
15971265
15970311
15966914
15966913
15966909
15961572
15961571
15959908
15958201
15958200
15958199
15955516
15943771
15943764
15943761
15927567
15924225
15919188
15905214
15875057
15818498
15765265
15714457
16051793
16043782
16041343
16041342
16041334
16041332
16034961
16034911
15939160
15940694
15922294
15894315
16253183
16003425
16003417
16003414
16001984
15984845
16032995
21646136
18650592
16848982
16536178
16454326
16454323
16416936
16416935
16400316
16358999
16323408
16317971
16317970
16317969
16317968
16308608
16308606
16295569
16295225
16295224
16276691
16244065
16223338
16220714
16211004
16211002
16197775
16197774
16191385
16191381
16191378
16191371
16191369
16191367
16191362
16191360
16185031
16185029
16178133
16178132
16178131
16178130
16171019
16164840
16161750
16161749
16161747
16161743
16161742
16161737
16161404
16161403
16161402
16161398
16161395
16161393
16161391
16161390
16159530
16158800
16158796
16158794
16158790
16151697
16149398
16146979
16134398
16130875
16130872
16130871
16130869
16130867
16130862
16130861
16130831
16129174
16128358
16128353
16127578
16117355
16117354
16117352
16106719
16106716
16106714
16097240
16097234
16097233
16097229
16097223
16097221
16097216
16092564
16092558
16092300
16089313
16078589
16077316
16060475
16060473
16060470
16060378
16053686
16052789
16052788
16052787
16052779
16052775
16052774
16052766
16052764
16052763
16052762
16052761
16050966
16050215
16050214
16050033
16047963
16045845
16044230
16044228
16044227
16036353
16034721
16034161
16032615
16029325
16027704
16027637
16027636
16027632
16027631
16027629
16027626
16026635
16026633
16022024
16022023
16021978
16021263
16018766
16018765
16018760
16018757
16018755
16018753
16018750
16013545
16011789
16011787
16011786
16011785
16011784
16011783
16011782
16011781
16007484
16007482
16007480
16006608
16004720
16004714
16003622
16003621
16003618
16001921
16000454
15999421
15997934
15995574
15995571
15995569
15995314
15995301
15993801
15988242
15984956
15980718
15980717
15980716
15980715
15980714
15980712
15980711
15980709
15980708
15980707
15979521
15979520
15979519
15979518
15979517
15979516
15978271
15978270
15978268
15978239
15975134
15975133
15975130
15972596
15972594
15972588
15972587
15972586
15972585
15970611
15968054
15966894
15966893
15966892
15966887
15966880
15966878
15966876
15966872
15965774
15965522
15965218
15961941
15961598
15954450
15954447
15954446
15953927
15953926
15953925
15953921
15953906
15953662
15952551
15951208
15950107
15947431
15946271
15946269
15946268
15946266
15946263
15946262
15946183
15942954
15942698
15942188
15942187
15941660
15935440
15935272
15935271
15935270
15935265
15922765
15915155
15904860
15894349
15892953
15892949
15892947
15892946
15890529
15889402
15861403
15769251
15584072
15584065
15988805
15935940
15980846
15975140
15973406
15959473
15887274
15955956
15951786
15951774
15951771
15899293
16024380
15890201
20924548
20924547
20924545
20924539
20924538
20924535
20924532
17323578
16701543
16253754
16253751
16253750
16208802
16208801
16208799
16208798
16200028
16195809
16191907
16175168
16158814
16158813
16158812
16158811
16158810
16158807
16158803
16149390
16149387
16149386
16149385
16148016
16144347
16135308
16121755
16121750
16121747
16117327
16108416
16079455
16078470
16078469
16078465
16078463
16078460
16078456
16078451
16060338
16053855
16053852
16053842
16053050
16052751
16052750
16051098
16050088
16050087
16050086
16047859
16043924
16037833
16036528
16025951
16025949
16025945
16022452
16022447
16022443
16022441
16022436
16022038
16021958
16021957
16021229
16019833
16012216
16012212
16012211
16012207
16011704
16011625
16011624
16011618
16011309
16011308
16011238
16011235
16011232
16011231
16004540
16004539
16004537
16004536
16004535
16001737
16001736
16001733
16001608
15997967
15997963
15997962
15997262
15997261
15995787
15995785
15995784
15995782
15995780
15995778
15995771
15995766
15995765
15995762
15995759
15994981
15984137
15984135
15984133
15977720
15976700
15968810
15968193
15968190
15968183
15966499
15962569
15961922
15961917
15961916
15961915
15961913
15959829
15958125
15955263
15955261
15955260
15954822
15954821
15954820
15954818
15954812
15954250
15954247
15954246
15954054
15953901
15953889
15953888
15953248
15948701
15948699
15948698
15948695
15948691
15948685
15948684
15948681
15948680
15948679
15947230
15947225
15947224
15947223
15947221
15947219
15947218
15947209
15944909
15944907
15942619
15942618
15942617
15942616
15942615
15942611
15940574
15939752
15937430
15934350
15934348
15933441
15928325
15927661
15927660
15917692
15917689
15917686
15917685
15917683
15917681
15914588
15910477
15910476
15910475
15910473
15910472
15910469
15908361
15904700
15904691
15899026
15899022
15899020
15899017
15888779
15888360
15884170
15882231
15882228
15882227
15882225
15882220
15882215
15882214
15882213
15882209
15878701
15878516
15878515
15878301
15877754
15877753
15877750
15877745
15876332
15876331
15876330
15876329
15876328
15876327
15876326
15876325
15876324
15876322
15876320
15856510
15853970
15853969
15853968
15853965
15853841
15853840
15853839
15846504
15841404
15838850
15838684
15836522
15836514
15834742
15832356
15830243
15829499
15803481
15747151
15746257
15742109
15689390
15621229
15603832
15580468
15558614
15558609
15083355
15920585
15920580
15997980
15911853
15946921
15854746
15848219
15902255
15938455
15915211
15915210
15915207
15915204
15915203
15915202
15915201
15915200
15895059
15895057
15895046
15895045
15890072
15862537
16024353
15875020
20799233
17036539
17036538
16451387
16451386
16451384
16451383
16433079
16392290
16372803
16372798
16315752
16294938
16294934
16294931
16285599
16285598
16229654
16229643
16200461
16173230
16173229
16173228
16173227
16173225
16124623
16121947
16119756
16115076
16110985
16075504
16034652
16033040
16033038
15998216
15997765
15986963
15986962
15986959
15986958
15986956
15986954
15986953
15986952
15986951
15986949
15986945
15985986
15985983
15985982
15981665
15974430
15973958
15973950
15973947
15969854
15966650
15966648
15965317
15961893
15960478
15959637
15959635
15959634
15959633
15957643
15957642
15956736
15956735
15954521
15951889
15949256
15949255
15949251
15945311
15945310
15945309
15945308
15945303
15940790
15938892
15938887
15938344
15934598
15934395
15932047
15932043
15932042
15931877
15931759
15930834
15926115
15926025
15926023
15921053
15916718
15914980
15914979
15913041
15906982
15898946
15898945
15898944
15898940
15898939
15898932
15898931
15898929
15898927
15898393
15898388
15898387
15898381
15898380
15898379
15898378
15898377
15898374
15898373
15898372
15898370
15898369
15898363
15897336
15897335
15897290
15897287
15897283
15897282
15892534
15892531
15892529
15892292
15888123
15888103
15883938
15883931
15877042
15877036
15877035
15877034
15877033
15876965
15876298
15876296
15876295
15876294
15876291
15876290
15876275
15875257
15875246
15874904
15870324
15868833
15867760
15867757
15867755
15867754
15867753
15867751
15867750
15867749
15865469
15865468
15865466
15863189
15861048
15857653
15857651
15857389
15854120
15854119
15854117
15854115
15854113
15854111
15852376
15851938
15851936
15851935
15851928
15851927
15851926
15850992
15842271
15842268
15842266
15842263
15842262
15842261
15842258
15842256
15842248
15842246
15840778
15840776
15840549
15833888
15833566
15833401
15833400
15833398
15833397
15833395
15833394
15833391
15833390
15832156
15831468
15830247
15829889
15829875
15829874
15829868
15829867
15829302
15826856
15826706
15826703
15826699
15826695
15824861
15823321
15817072
15808782
15806427
15791583
15786436
15777534
15777528
15774502
15765504
15761819
15759274
15744763
15741037
15722141
15585268
15585266
15585227
15576149
15522761
15522756
15386281
15866909
15728577
15898238
15795078
15776439
15849600
15849588
15849574
15846738
15846709
15846686
15833977
17561628
15772096
15672385
15657053
15885256
15824348
15804502
15835353
15870815
15870802
15870799
15870790
15828757
15828756
15828751
15815628
15815627
15815618
15962196
15828731
25214415
23120154
19813300
16607810
16372796
16372794
16370540
16292449
16292448
16292446
16292444
16292439
16292438
16201400
16201397
16201395
16173233
16134550
16134549
16134547
16134546
16134545
16121958
16121955
16121953
16076413
16044623
16025670
16020351
16013680
15986618
15984366
15974041
15974039
15973828
15973822
15971731
15971677
15967749
15957501
15952638
15952634
15952627
15952625
15952623
15952621
15952619
15948404
15933392
15929548
15929546
15929545
15929544
15926448
15926446
15926445
15926443
15926438
15926437
15926436
15926435
15926434
15926433
15915883
15915882
15915881
15915875
15912923
15912922
15910191
15910190
15910183
15901436
15901434
15901083
15901082
15901016
15901015
15901012
15900705
15895837
15895150
15892411
15892367
15892366
15892362
15892360
15890265
15888245
15886847
15886846
15886839
15886837
15886836
15886835
15886831
15886826
15884326
15884317
15884314
15884313
15881732
15881730
15881726
15881510
15880960
15871774
15871772
15864837
15858333
15858331
15858330
15858329
15858325
15858324
15858322
15858321
15858315
15858314
15858313
15858312
15857107
15857102
15857099
15857098
15857097
15857094
15857093
15857092
15857091
15857088
15844243
15839999
15839867
15839594
15839591
15839590
15839587
15835428
15835424
15835423
15835421
15833262
15832100
15826550
15824612
15821697
15821694
15821687
15821678
15819823
15819821
15819820
15819819
15819818
15819816
15817630
15817629
15817624
15817620
15817619
15817617
15817616
15811063
15811062
15811060
15811057
15811056
15811055
15811053
15810977
15810976
15810975
15810974
15810973
15810971
15810970
15805163
15803273
15802785
15802674
15802602
15800469
15800254
15799703
15798683
15798681
15798679
15797717
15797161
15794043
15794038
15793916
15793390
15793388
15793387
15793386
15793385
15793384
15793383
15793380
15791466
15791342
15790743
15790742
15790740
15790739
15790738
15790385
15790384
15790382
15790381
15790380
15789988
15789987
15789322
15789312
15789024
15788958
15786477
15786462
15786448
15785282
15782243
15781883
15781141
15781140
15781138
15781135
15777328
15777327
15777324
15776429
15773891
15773889
15773888
15773887
15773884
15772603
15772602
15772601
15772592
15772589
15766744
15766585
15766579
15763281
15755691
15755406
15754317
15752257
15750327
15749222
15749210
15748894
15748697
15748693
15748692
15747352
15747349
15739206
15733687
15733686
15733151
15733143
15726423
15725171
15725170
15723820
15723356
15720574
15714500
15714277
15686816
15666156
15659476
15659461
15625672
15616824
15563554
15484227
15451639
15451634
15386282
15386233
15386229
15825636
15789118
15789103
15790389
15836411
15722181
15801293
15798310
15772618
15744754
15729143
15728254
15672449
15870755
15870746
15639602
15746422
15670784
15725418
20944889
20944887
20944886
20944885
20944877
20944876
20944874
20944873
18181475
17138327
17138322
17138315
16446924
16206709
16193857
16184971
16032946
16032945
16032940
16013508
15997641
15991704
15957348
15957347
15945500
15934228
15926290
15926289
15926288
15920450
15920447
15918642
15918405
15918404
15918402
15918399
15918311
15918307
15910094
15909453
15905927
15900857
15900407
15889662
15887780
15887509
15887508
15887506
15887505
15887504
15887503
15887502
15887501
15887467
15887465
15881306
15881229
15881226
15881222
15881218
15881217
15881209
15881207
15871286
15868742
15868736
15868064
15865282
15860159
15858311
15858310
15858309
15858307
15858304
15858301
15858300
15858299
15857086
15857084
15857083
15857081
15857077
15857076
15857075
15857074
15857073
15857067
15857065
15856778
15856772
15856767
15855706
15853114
15853110
15853108
15853106
15853105
15853104
15853100
15853099
15853098
15853097
15843134
15842886
15839833
15839828
15835301
15835292
15834521
15833018
15833011
15833010
15833007
15832866
15832625
15829698
15829697
15829692
15829689
15827703
15827702
15827698
15825796
15825794
15825791
15825790
15825789
15825788
15825787
15825786
15825785
15825784
15825783
15819354
15819352
15819347
15819344
15819155
15819154
15819147
15819146
15819143
15819114
15819112
15819111
15818864
15816667
15813552
15811134
15802760
15800813
15800456
15790371
15790370
15790367
15789810
15786952
15786586
15784942
15784940
15779625
15779621
15775955
15775953
15775948
15775945
15775939
15775933
15775927
15775923
15775922
15775921
15775680
15773760
15772560
15766378
15766377
15766367
15766365
15766364
15765342
15764946
15764941
15763034
15752085
15750423
15749943
15749310
15748170
15748103
15747898
15747896
15747895
15747893
15744041
15743423
15743422
15743421
15743420
15743417
15743285
15742284
15742281
15741729
15741728
15741727
15741722
15741719
15741701
15741599
15740712
15740710
15740709
15740617
15740613
15738277
15737391
15737289
15737288
15735551
15735547
15735546
15735470
15735469
15735467
15735466
15735463
15735461
15735460
15733758
15733627
15733510
15733306
15733135
15732094
15731758
15727909
15725524
15725523
15725520
15725519
15725518
15723871
15723868
15723867
15723862
15723861
15723860
15716850
15716846
15716834
15716830
15716547
15716346
15711554
15708767
15707427
15705433
15705431
15705429
15704099
15703022
15689232
15689230
15674385
15673574
15668797
15664436
15652558
15647952
15645300
15635476
15635473
15590007
15572226
15449114
15386238
15386225
15309565
15133687
15706229
15731805
15731795
15731794
15729330
15713278
15719054
15719046
15719082
15719080
15719077
15719073
15680543
15655785
15654701
15497167
15455367
15711621
15706540
15703409
15703401
15699389
15699375
15664564
15629439
16451372
16451371
16123019
16095064
16095063
16095061
16095059
16095056
15974858
15974854
15974852
15974851
15974849
15974846
15974845
15974840
15948518
15948515
15906546
15861958
15861955
15853202
15853198
15847228
15838158
15838157
15838155
15838154
15838152
15838151
15834184
15816600
15812993
15810485
15810483
15810479
15810476
15804018
15789954
15786584
15782524
15782522
15782520
15782034
15782033
15782031
15782025
15780952
15771605
15771604
15762124
15762123
15759963
15754474
15754470
15750548
15750544
15750543
15750536
15750535
15748508
15748002
15747651
15747650
15747648
15747647
15747205
15747014
15747010
15747009
15747005
15747003
15743869
15743864
15743858
15743857
15739551
15737343
15736781
15736780
15736320
15732551
15732546
15732545
15732544
15729519
15721163
15721162
15721161
15721159
15721158
15721157
15721156
15721155
15721154
15721153
15721152
15721148
15721147
15721146
15721145
15721144
15721143
15721142
15721141
15721140
15721139
15721138
15721137
15721135
15717563
15701528
15699211
15695172
15694152
15693828
15693825
15692345
15692340
15691487
15691354
15691349
15691348
15691345
15691344
15691342
15691340
15691339
15691320
15690356
15690285
15683898
15683897
15683896
15683895
15683894
15683891
15683890
15683888
15681012
15681008
15674234
15674231
15674230
15674228
15674223
15674222
15674220
15673900
15671826
15671823
15671822
15671821
15671820
15671817
15671816
15671814
15671813
15668331
15668330
15668328
15668141
15667643
15667636
15667635
15667634
15667633
15667632
15667631
15667630
15667629
15667628
15661641
15660761
15660760
15660759
15660758
15660757
15660756
15660755
15660754
15660752
15660751
15660749
15660748
15660098
15660094
15659273
15659006
15654615
15650589
15649466
15647828
15647818
15642047
15642043
15642041
15642040
15642032
15642028
15642018
15641993
15641991
15641978
15641976
15641975
15641974
15641971
15620783
15620771
15620768
15613079
15613075
15607464
15607455
15607453
15607452
15607450
15607449
15607448
15607447
15607446
15607445
15607444
15607443
15607442
15607441
15607440
15607439
15607437
15605381
15592686
15582365
15565283
15558350
15549640
15468313
15459801
15386290
15386288
15386219
15683542
15690376
15732805
15674972
15674957
15674915
19488387
15704553
15702109
15727337
15537650
16866472
15662421
15709622
15578625
15537641
15716881
24227935
22557166
22073067
18771150
18557215
17633000
17632990
17300028
17282267
17281869
17281197
17281152
17153182
17153171
17029066
16761400
16758789
16755789
16689045
16686054
16685904
16685867
16673793
16612089
16612088
16612087
16612086
16612085
16612084
16612080
16597557
16583597
16583593
16572928
16546825
16544852
16544851
16541910
16521956
16521454
16521453
16519096
16501315
16496607
16496606
16496604
16491976
16491975
16491969
16491966
16491963
16491961
16491960
16475614
16475611
16475610
16475600
16475454
16463570
16463569
16457494
16447901
16440879
16430015
16430014
16430013
16430011
16430009
16430007
16429194
16429190
16429187
16429184
16429182
16417835
16417833
16417831
16417829
16417827
16417825
16411298
16408822
16408821
16403956
16393136
16393133
16393132
16393130
16379209
16379208
16375235
16375231
16358677
16358676
16358674
16355650
16355648
16355647
16355646
16355241
16355240
16355235
16353036
16353035
16353032
16353029
16351980
16342645
16342644
16342643
16342640
16340272
16340271
16336914
16336913
16336911
16335030
16327271
16325560
16308463
16305009
16305007
16305006
16305005
16305004
16302457
16302456
16302455
16295710
16295709
16286999
16285089
16276428
16276427
16270700
16265853
16257347
16255355
16255352
16254473
16254471
16254469
16254467
16254464
16247398
16247396
16247388
16238758
16231749
16231497
16231493
16231491
16229359
16229355
16229354
16229353
16229352
16229351
16229350
16229349
16227732
16225798
16225795
16225791
16225790
16223099
16219248
16219242
16208389
16208388
16208387
16208386
16208385
16208384
16184158
16184157
16184155
16184154
16182542
16173518
16173390
16173388
16173387
16173386
16173384
16173383
16170978
16170976
16170975
16170973
16167607
16167606
16167605
16167604
16158514
16155736
16147855
16145845
16140465
16137097
16137096
16137095
16137094
16137088
16137085
16137084
16134716
16130836
16130835
16119880
16119675
16119575
16119158
16119070
16113933
16113931
16113928
16113927
16091713
16091709
16091707
16091698
16091697
16089295
16088133
16054676
16036128
16036124
16036123
16035348
16035347
16026297
16019412
16013416
16012907
16010040
16010033
16007015
16007011
16007005
16004254
16004253
16004252
16004250
16001730
16001686
15996387
15996383
15995598
15981023
15977342
15974221
15974220
15974219
15974218
15974217
15974216
15973969
15971824
15960746
15960452
15957236
15947527
15947526
15945493
15945449
15943493
15943059
15943058
15943056
15934684
15934683
15934682
15934680
15921337
15921334
15921040
15921035
15915571
15915004
15906524
15906503
15903171
15902066
15902061
15901040
15901039
15898362
15898361
15898359
15898358
15892527
15892525
15892524
15892521
15891786
15884635
15871529
15871528
15871527
15866858
15866285
15865257
15847582
15844783
15839399
15839398
15839396
15839391
15839390
15830651
15830649
15830639
15830632
15830631
15828610
15828604
15822485
15822481
15822479
15807140
15805076
15805073
15803772
15803768
15798758
15798748
15789050
15789048
15789039
15779662
15779660
15779536
15779230
15779228
15779226
15779222
15779221
15774158
15774145
15771335
15771333
15768490
15765965
15765963
15765957
15765955
15765952
15765950
15762376
15762169
15757212
15754895
15754892
15754140
15754137
15752108
15752103
15752093
15751495
15751493
15750688
15747828
15747827
15747825
15747824
15747823
15747817
15747811
15747684
15747681
15747675
15747672
15747523
15740581
15739663
15739584
15736893
15730963
15730447
15730446
15727316
15726232
15719922
15719921
15719919
15719918
15719917
15719916
15719915
15719912
15719910
15719880
15715319
15715175
15714832
15714830
15714829
15711899
15711898
15711897
15709500
15709499
15709497
15709496
15709495
15709493
15709492
15709109
15709103
15702778
15702777
15702710
15702708
15700016
15699976
15693605
15693563
15693504
15693499
15693496
15692638
15688241
15682702
15681003
15679067
15674508
15672344
15664461
15663448
15663447
15663446
15663445
15663444
15663443
15663439
15663034
15655061
15652295
15652172
15652171
15652170
15652168
15652167
15652166
15652165
15652162
15649337
15649199
15647971
15644087
15643923
15643418
15643417
15643410
15642860
15642792
15642387
15642087
15642065
15642064
15642062
15642061
15642060
15642059
15642056
15642054
15641967
15641959
15639624
15639119
15635554
15635549
15634302
15634301
15634299
15634295
15632915
15632069
15629967
15627910
15627908
15627903
15623998
15623997
15623993
15623992
15623991
15623990
15622514
15619669
15618533
15618171
15617967
15616304
15615883
15615882
15615880
15615876
15615874
15615871
15614011
15614010
15614009
15614008
15614001
15613379
15610704
15608417
15606822
15606818
15606816
15604101
15599360
15599359
15599358
15599357
15599355
15598421
15598419
15598417
15597369
15592752
15591739
15591734
15591733
15591732
15591731
15591730
15583062
15580782
15580639
15576917
15572397
15549395
15543606
15540242
15538611
15538610
15517401
15509667
15477997
15472923
15386257
15365799
15289965
15262468
14999421
