27442827
11621109
3961114
3956627
3955951
3953646
3950967
3950686
3945663
3944572
3943643
3826649
3826646
3826642
3825320
3825312
3813420
3811821
3811722
3801542
3799008
3796719
3791386
3790375
3778432
3774804
3772989
3771739
3771586
3770113
3768206
3767229
3764160
3758471
3758248
3755535
3754855
3753476
3749196
3743999
3740791
3740449
3739600
3739599
3728902
3724932
3722342
3721780
3721193
3717593
3714906
3713911
3710110
3707563
3707440
3706773
3702979
3700608
3700588
3645233
3633858
3619440
3591225
3583152
3557226
3556669
3550856
3548594
3541075
3538676
3535947
3530219
3530217
3529165
3526496
3526414
3526121
3523809
3520355
3518674
3518113
3516565
3516399
3515389
3514289
3512365
3511242
3511240
3511238
3511237
3511235
3511233
3511229
3511217
3511203
3511199
3511198
3511197
3511109
3511103
3511102
3511101
3510550
3510240
3507771
3506387
3506232
3505458
3505456
3505074
3505070
3505067
3505066
3501889
3500698
3493546
3492058
3490680
3485919
3484785
3484524
3484143
3484142
3482641
3479962
3479960
3479959
3479958
3479953
3479952
3479065
3479061
3477214
3477213
3477208
3474877
3474875
3474591
3470223
3470081
3470078
3469893
3469720
3469701
3469700
3469699
3469698
3468786
3467984
3467906
3467686
3467683
3467667
3467666
3467665
3467445
3467442
3467440
3467417
3466378
3466377
3466291
3466287
3466286
3466285
3466283
3466224
3465764
3465405
3464461
3464077
3463427
3463267
3463266
3463265
3463263
3463257
3463253
3463021
3461537
3461524
3460769
3460766
3460758
3460664
3460540
3460538
3460537
3460260
3460258
3460194
3460159
3460158
3460157
3459581
3459411
3459409
3459407
3459405
3459404
3459247
3459246
3458436
3458434
3458318
3458316
3457867
3457864
3457666
3457664
3457429
3457427
3457426
3457186
3456995
3456992
3456991
3456676
3456673
3456672
3456652
3456634
3456421
3456359
3456320
3456147
3456146
3456145
3456141
3456136
3456133
3456132
3456131
3456037
3456036
3456034
3455997
3455996
3455961
3455957
3455939
3455796
3455793
3455792
3455702
3455699
3455697
3455694
3434936
3333991
3331850
3324886
3307713
3307280
3274255
3274254
3274253
3268520
3144722
3107147
3101303
3099395
3097882
3090775
3088752
3086533
3085643
3082783
3080898
3080897
3079647
3078134
3077160
3031901
3021507
3019286
3017648
3013138
3007831
3007720
3003329
3003172
3003166
2950681
2947301
2946120
2944316
2944312
2944311
2941940
2941039
2939659
2938365
2935752
2935562
2935561
2935260
2934986
2901151
2881371
2878018
2871826
2869888
2867210
2823756
2436993
2434452
2432864
2431593
2429827
2427871
2427485
2425466
2425088
2421032
2420956
2420464
2420457
2416543
4075529
3869364
3914931
30011973
4093302
4075873
4071185
4067278
4066030
4065272
4065267
3939395
3938691
3937594
3936805
3936798
3936797
3936421
3935702
3917111
3915418
3915121
3914994
3914956
3914941
3914619
3914539
3913610
3912957
3912956
3912330
3912165
3911947
3911449
3910338
3909823
3908643
3879087
3879085
3879082
3877533
3869888
3869883
3869843
3869784
3869695
3869631
3869630
3869286
3868830
3868678
3868675
3868017
3868012
3867742
3867740
3867665
3867639
3867637
3867636
3867635
3867634
3867505
3866771
3866652
3866650
3866649
3866648
3866059
3866058
3865951
3865945
3865141
3865140
3865139
3865130
3865127
3864949
3864851
3864850
3854295
3833529
3833098
3005254
2933440
2933062
2868886
2856684
2419317
3914902
3869473
3865675
2868418
2932563
3914973
3914900
3869766
3912121
3864472
3914893
29538947
29538944
29538940
4084639
4083070
4079874
4077550
4076954
4074962
4069725
4067031
4056600
4055036
3939474
3932618
3915560
3915478
3914693
3913029
3913028
3912258
3908642
3908640
3908497
3908496
3908495
3905908
3905892
3903143
3903129
3878368
3878220
3870376
3870370
3869685
3869515
3869484
3869356
3868732
3868162
3867694
3867693
3867691
3867587
3867501
3866396
3866317
3866055
3865937
3865935
3864969
3864968
3864963
3864962
3864840
3864806
3864805
3864802
3864799
3864117
3864116
3864113
3863946
3863915
3863901
3853083
3003336
3001782
2999206
2998187
2939529
2934868
4041895
3864461
3916362
3869457
29314925
21274200
4078868
4076196
4073573
4070436
4069606
4067536
4063940
4061610
4061609
4044261
4044260
4043296
3936922
3933359
3932625
3932621
3932232
3931964
3931963
3931861
3914705
3914381
3913025
3913022
3911772
3910789
3910754
3910469
3910142
3908165
3908164
3908163
3908161
3908160
3908159
3908157
3903101
3902909
3902345
3901773
3900347
3900345
3900342
3900341
3898879
3879390
3878568
3877087
3870429
3870307
3870059
3869347
3869082
3868846
3868844
3868643
3868529
3868526
3868522
3868390
3868258
3868155
3868154
3868143
3867682
3866867
3866481
3866480
3865901
3865900
3865830
3865569
3865357
3864214
3864211
3864102
3864101
3864099
3863908
3863872
3863861
3863857
3863847
3863846
3863843
3863842
3863739
3863738
3863736
3863733
3863674
3863491
3863488
3863486
3862815
3862710
3861659
3861653
3843305
3842305
3836597
3833670
2995624
2937116
2931992
2874787
2866994
2865804
2426801
2413879
4046919
3900656
3914297
3869028
3867390
3867387
3868269
3862421
3867612
29996573
18749840
16031206
4078835
4070782
4062237
4058685
4054440
4045258
4044807
4041585
4028864
3939468
3939333
3933902
3933788
3933321
3930671
3917152
3914111
3913249
3912809
3910890
3910481
3909522
3909521
3906098
3906096
3906086
3902908
3902907
3902906
3902660
3900318
3900160
3897505
3897504
3878260
3875510
3870381
3870379
3870199
3870195
3869742
3869741
3869512
3869503
3869393
3868664
3868660
3868614
3868461
3868133
3868126
3867967
3867895
3867893
3867892
3866961
3866894
3866889
3866886
3866885
3866878
3866877
3866817
3866809
3866503
3866381
3866375
3866360
3866357
3865332
3865160
3865159
3864912
3864090
3863840
3863839
3863837
3863803
3863798
3863797
3863767
3862800
3862799
3862690
3862686
3862685
3862682
3862348
3862347
3862343
3862043
3862040
3861842
3016862
2932391
2932291
2867623
2416742
2413709
4060727
3862415
3868189
3863643
4061592
4046564
4042395
4038236
4018406
4015220
3930139
3930137
3929201
3928851
3928511
3928509
3928508
3926844
3926832
3915453
3913213
3913015
3912805
3912441
3910473
3909460
3903119
3903116
3903114
3903112
3903109
3903023
3901429
3898345
3898344
3897943
3894454
3894453
3879750
3869915
3869912
3869652
3869382
3868866
3868597
3868596
3868095
3868082
3867150
3867149
3866528
3866326
3864337
3863937
3863936
3862697
3862694
3862507
3862506
3862505
3862229
3862033
3862032
3862029
3862024
3861098
3861097
3861096
3860594
3860540
3860520
3860516
3860515
3859624
2988749
2932252
2866088
2864078
2863800
2862168
2861764
2991010
3867526
3868265
16031185
4054692
4034222
4032627
4024168
4019056
4011763
4010419
4008050
4007850
3939462
3939458
3935391
3933358
3930036
3930035
3930034
3930033
3929200
3926972
3915940
3914106
3913589
3913240
3910472
3906964
3904310
3904308
3903827
3901410
3900676
3900316
3898235
3897335
3897305
3896921
3896879
3896016
3895420
3894642
3894637
3894636
3894633
3894632
3894452
3874887
3870486
3870483
3870334
3869904
3869901
3869149
3868821
3868815
3868814
3868591
3868577
3868454
3867714
3867490
3867488
3865429
3865428
3865426
3865418
3865416
3865413
3865264
3865167
3864580
3864570
3864209
3864023
3863505
3863503
3863499
3863316
3863304
3863303
3863302
3862946
3862795
3862768
3862740
3862307
3862304
3862302
3862293
3862018
3862017
3862015
3862014
3862002
3862000
3861865
3861838
3861809
3861684
3861616
3861463
3861335
3860659
3860657
3860637
3860528
3860511
3860012
3860011
3859873
3859596
3859594
3848800
3840659
2998226
2993985
2991490
2933785
2933784
2863333
2408867
4052258
3912212
4015654
3893117
4005601
3893486
3860231
4019285
3863387
4005575
3863793
27410215
4093613
4087521
4077701
4040276
4028186
4027501
4027500
4021435
4020812
4019189
4017159
4014312
4009225
4007434
3998459
3927764
3926671
3926669
3926667
3926666
3925112
3916812
3911781
3897307
3895377
3894242
3894241
3894238
3893998
3891981
3891975
3891805
3889139
3889085
3879987
3874746
3874745
3873311
3869255
3869139
3869138
3869137
3869134
3868563
3868540
3867297
3866794
3866792
3866711
3866045
3865967
3865963
3865405
3865399
3864899
3864416
3864408
3863688
3862960
3862760
3862722
3862624
3861919
3861633
3861445
3861435
3861087
3861083
3860946
3860908
3860907
3860903
3860901
3860590
3860556
3860551
3860501
3860498
3860410
3860380
3860343
3860340
3860339
3860329
3859821
3859651
3858486
3858318
3858314
3835142
3161172
3160528
3159272
3159264
2999270
2987327
2947920
2947919
3867546
3889567
3873270
3896688
3912217
3992241
3901589
4083701
4073538
4066723
4015151
4011147
4006275
4005418
3998677
3989869
3989867
3939448
3939008
3935011
3930372
3928346
3926274
3925102
3915698
3915697
3915693
3915692
3915691
3906957
3906956
3906954
3904473
3904472
3904471
3897008
3895202
3894058
3891934
3891933
3891932
3891796
3891795
3891794
3890167
3889318
3889315
3889302
3889301
3889297
3877716
3870113
3869990
3868447
3867457
3867456
3867455
3867193
3867191
3866680
3866676
3866675
3866285
3866284
3865398
3864301
3864282
3864270
3864144
3864142
3864141
3863449
3863448
3863447
3863445
3862972
3861806
3860724
3860723
3860719
3859812
3859811
3859810
3859637
3859632
3859627
3859625
3859543
3859512
3859510
3859509
3859504
3859499
3859497
3859495
3858938
3858761
3858541
3858539
3858535
3858528
3858306
3858302
3858301
3858052
3857993
3857863
3857862
3857860
3857300
3839246
3160846
3160845
3159777
2997935
2989751
2987488
2986459
2932816
2860145
3995269
3867535
3983744
3863790
3857929
3897048
3861302
16031147
4047778
4042932
4038001
4030225
4030223
3999614
3995794
3989499
3988690
3985285
3984937
3980093
3977759
3976964
3972221
3931309
3920164
3920162
3920159
3920157
3920154
3919572
3917008
3917003
3917002
3916998
3915897
3914408
3912124
3897514
3894810
3889287
3889286
3889271
3889074
3889072
3889071
3888702
3888700
3888699
3888698
3888696
3886735
3872765
3870080
3870074
3869589
3867710
3867446
3863478
3863403
3863362
3863162
3862561
3862559
3862557
3862376
3862374
3862239
3861963
3861855
3861277
3860703
3860029
3860028
3860027
3859939
3859798
3859792
3859791
3859786
3859664
3859659
3859446
3859326
3858969
3858967
3858963
3858962
3858782
3858781
3858780
3858779
3858776
3858751
3858527
3858525
3858515
3858514
3858513
3858509
3858507
3858505
3858504
3858501
3858396
3858372
3858363
3858290
3858289
3858243
3858242
3858238
3858166
3857265
3857260
3857257
3857252
3857202
3857155
3857154
3857148
3857143
3857006
3857005
3857004
3856952
3847750
3839200
3159073
3158330
3157323
2997460
2993583
2992918
2989597
2987474
2865996
2408320
3978451
3857067
3968763
3159952
4002594
3157168
24259036
16031135
4058465
4039010
4024655
4005356
3995368
3994334
3991329
3983911
3972406
3916132
3899604
3896875
3894567
3893934
3892599
3891440
3890270
3889979
3889095
3888851
3886892
3886889
3886885
3886881
3886878
3886442
3885133
3885131
3870317
3867753
3867436
3865545
3863324
3863208
3862471
3862214
3861733
3860957
3860702
3860579
3860352
3859986
3859983
3859982
3859979
3859858
3859857
3859562
3859234
3859233
3859232
3859088
3859078
3859061
3858907
3858638
3858355
3858351
3858350
3858229
3858228
3858226
3858204
3857555
3857338
3857337
3857330
3857329
3857319
3857247
3857243
3857242
3857239
3857225
3856827
3856826
3856823
3856579
3856578
3856396
3855988
3855900
3855899
3855898
3855896
3855893
3159874
3159164
3158684
3158626
3156225
3156165
3001334
2988659
2985669
2985552
2860167
2859903
2582231
2580985
2580684
2579562
2409196
3894071
2857812
2858885
3986495
30005564
4000413
3994105
3991247
3988268
3977090
3970658
3921475
3921363
3920366
3918434
3912122
3895507
3895506
3895505
3895492
3887467
3887257
3886812
3885380
3884798
3884794
3884791
3884788
3884781
3884777
3884776
3883846
3882795
3882792
3882769
3882767
3881701
3881574
3873045
3873044
3867426
3867425
3861714
3861712
3861155
3860982
3860981
3859042
3858096
3858094
3858092
3858091
3857690
3857538
3857196
3857162
3856926
3856922
3856808
3856807
3856658
3856656
3856654
3856600
3856525
3856521
3856385
3855886
3855882
3855881
3855737
3855735
3855734
3855733
3855731
3855606
3855605
3855604
3843982
3156629
3156623
3156162
2984874
2984404
2984274
2982004
3977999
3977990
3860413
2862067
3914789
3869412
3855631
17810022
32102494
31986818
31986811
29976031
17093522
14575040
4096416
4096391
4095738
4086340
4083511
4083154
4082892
4082884
4077871
4077279
4076848
4076514
4074417
4073521
4073519
4063409
4062248
4054622
4051966
4050303
4048149
4044787
4043435
4036262
4034522
4028585
4020397
4019526
4018802
4016160
4014712
4013648
4013637
4012773
4010852
4009114
4009113
4002880
4001126
4001121
4000298
3999097
3996949
3994858
3992153
3991980
3988892
3984454
3982834
3982306
3981113
3980676
3976869
3975936
3974756
3973924
3969820
3968327
3968280
3967276
3966594
3965684
3965257
3937989
3937986
3937979
3937977
3936635
3935552
3935186
3933462
3925694
3922603
3922594
3921012
3918150
3917599
3916997
3916995
3916994
3916288
3916284
3913724
3910149
3906143
3904681
3904060
3903721
3902042
3901982
3901981
3901648
3901379
3901152
3896996
3895415
3894939
3892749
3888889
3888711
3888162
3888161
3887806
3887465
3887357
3886439
3886395
3884247
3883530
3883528
3883389
3883285
3882945
3882939
3882937
3882934
3882933
3882932
3882517
3882474
3882473
3882465
3881955
3881035
3879895
3877100
3875335
3873277
3872796
3871930
3871796
3870419
3870418
3870274
3870232
3870102
3870099
3869944
3869917
3869857
3869779
3869731
3869726
3869714
3869310
3869307
3869306
3869303
3868974
3868971
3868964
3868004
3867993
3867654
3867228
3866521
3866519
3866339
3866338
3866337
3865909
3865641
3865349
3865318
3865308
3865302
3865288
3865286
3865285
3864540
3864539
3864405
3864403
3864402
3864401
3864268
3863558
3863557
3863556
3863552
3863255
3862212
3861540
3861534
3861533
3861146
3861145
3861016
3860996
3860995
3860942
3860570
3860569
3860568
3859944
3859520
3859032
3859028
3859027
3859015
3858954
3858950
3858946
3858707
3857986
3857908
3857905
3857904
3857895
3857890
3857889
3857888
3857886
3857763
3857762
3857739
3857696
3857695
3857438
3857315
3857314
3857132
3857040
3857037
3857036
3857034
3857031
3856591
3856590
3856586
3856552
3856548
3856515
3856409
3856406
3856207
3856028
3856027
3856009
3856006
3856005
3855998
3855961
3855960
3855873
3855871
3855870
3855854
3855841
3855828
3855421
3855416
3855350
3855349
3855346
3855322
3855319
3855318
3855317
3855316
3849274
3847249
3845005
3843070
3841824
3841104
3835111
3833244
3161252
3161249
3157282
3157226
3156736
3156244
3156169
3155593
3011823
3010366
3007247
3006148
2987105
2982263
2979892
2938685
2937234
2936031
2933796
2933016
2932870
2932869
2867529
2865736
2581682
2580855
2579447
2421697
2420670
2419462
2410983
