28561411
28561319
28561314
19864782
12818112
12089761
12089760
12089757
11928401
11928397
11928119
11885455
11885454
11774679
11774676
11774674
11774673
11774672
11774671
11774670
11256316
11203281
11203280
11063034
11063033
11063026
11063017
11063012
11063000
11062998
11062996
11062993
11062992
11062988
10959245
10797967
10761246
10761225
10700313
10682562
10681826
10671058
10627138
10530186
10530178
10530177
10530109
10530106
10526987
10526975
10518866
10518865
10518864
10518863
10518859
10518858
10518856
10518854
10518850
10518849
10481376
10432832
10432828
10392706
10371878
10371877
10371876
10371802
10371801
10349026
10321205
10321203
10321199
10321198
10321196
10321194
10321069
10321060
10219125
10219123
10219122
10219121
10219118
10186479
10176195
10093268
10093267
10093266
10067418
10067415
10067407
10065892
9974205
9974203
9972150
9951347
9951346
9929285
9916451
9894318
9893523
9893522
9893519
9893518
9893514
9893512
9889698
9882242
9881182
9867615
9859289
9857605
9857604
9857602
9857544
9857543
9857542
9854331
9850559
9850557
9850555
9841376
9835838
9835837
9835834
9835829
9835828
9835827
9835825
9835824
9835819
9835805
9835804
9833100
9826090
9825222
9825218
9823131
9823127
9823126
9823125
9823124
9823122
9823108
9823103
9819985
9819975
9819974
9805785
9803592
9800555
9800444
9800441
9800373
9791306
9791305
9791304
9791303
9791302
9790007
9790006
9790004
9771051
9769694
9769646
9769645
9768460
9768457
9768456
9760881
9760880
9760879
9759034
9759032
9759029
9759028
9759026
9759023
9752734
9752729
9748889
9745121
9745119
9745114
9745112
9744243
9743649
9743642
9730113
9722459
9722458
9714665
9713177
9713132
9709672
9709598
9703763
9702279
9702087
9701664
9701661
9701660
9701659
9701657
9701656
9695878
9686338
9679346
9679007
9673111
9671997
9671995
9671208
9671205
9671203
9671200
9671198
9671197
9671196
9667171
9667168
9667160
9667159
9664689
9664284
9664208
9656896
9650520
9648029
9646394
9646392
9646388
9646387
9643366
9643365
9643193
9643191
9643190
9643184
9643182
9643181
9643117
9643114
9643102
9643043
9640004
9640000
9633821
9630764
9630763
9612005
9612003
9611476
9611475
9611471
9611470
9610330
9608447
9608443
9603237
9603236
9603233
9602527
9595692
9595687
9594378
9592592
9588996
9588993
9588990
9588986
9587800
9586556
9584595
9582667
9582663
9582662
9582661
9582660
9579590
9578643
9578642
9577988
9577987
9577986
9577984
9577983
9577982
9577981
9577105
9577103
9573441
9569991
9569987
9569984
9568421
9567452
9562666
9559090
9559088
9559086
9559084
9559082
9558594
9558593
9558592
9558591
9558573
9558536
9555584
9554460
9551997
9551474
9546834
9544864
9544862
9544859
9541716
9541266
9541264
9541263
9541262
9541261
9541260
9541256
9541255
9541254
9541252
9541251
9541249
9541245
9541244
9541243
9541238
9541234
9541224
9541223
9541221
9541220
9541219
9541218
9541217
9541215
9541214
9541213
9541211
9541210
9541208
9541207
9541206
9541205
9541204
9541203
9541202
9541201
9541198
9541196
9537933
9533353
9533352
9528265
9528260
9527565
9527561
9527558
9527557
9527556
9527555
9526265
9524973
9524971
9524970
9524969
9524321
9524316
9524146
9519691
9516357
9515204
9513184
9511426
9511412
9509788
9505168
9505053
9505052
9505051
9504422
9502130
9502127
9502125
9502124
9502122
9496790
9496717
9490471
9487871
9487870
9487868
9487867
9487866
9487863
9487862
9487860
9486790
9482573
9482378
9482228
9482021
9482019
9482016
9481701
9481652
9479927
9479924
9479921
9479920
9477017
9477015
9476640
9476222
9474625
9474622
9474621
9474546
9474542
9474539
9474538
9474536
9467782
9467781
9467780
9466029
9458064
9457537
9457024
9457020
9457018
9457017
9452099
9452025
9448356
9448353
9448348
9448210
9443880
9443150
9443146
9442236
9440814
9438572
9438571
9438570
9438568
9438567
9438423
9437403
9437398
9437397
9437395
9422504
9421672
9421670
9384615
37956024
9415681
9414152
9704064
9407291
9447769
9495569
9455987
9398237
9391087
29991166
28565113
26269944
18627834
15160201
15160190
12160202
11923924
11364837
10635127
10635124
9872088
9872086
9872082
9715542
9686263
9680877
9680876
9680875
9680873
9680872
9656846
9656845
9656844
9656842
9643216
9629714
9627444
9613813
9590921
9590920
9590917
9590915
9590914
9590913
9577664
9573888
9571901
9571900
9571899
9567615
9563327
9558514
9558513
9558512
9558511
9558509
9558508
9558506
9558505
9555256
9555242
9555218
9555204
9555203
9553383
9534456
9534455
9534420
9534414
9522263
9511589
9509656
9497746
9497744
9497739
9489896
9487856
9487854
9487853
9487851
9487845
9487844
9486542
9486443
9486442
9486441
9483894
9482033
9482032
9482031
9482030
9482029
9482027
9477870
9477868
9477034
9477033
9477025
9477024
9476432
9476430
9471671
9470454
9470444
9470284
9470281
9470278
9470276
9469613
9469612
9469611
9469603
9468970
9467997
9467991
9467990
9467774
9467773
9463985
9460539
9460537
9460534
9460533
9458689
9458605
9458603
9458598
9458595
9458594
9458584
9458583
9458582
9458579
9458578
9458577
9454351
9453368
9444600
9442433
9442432
9442429
9442428
9442424
9442423
9439074
9439073
9439072
9438534
9436349
9436343
9435991
9431540
9431539
9431534
9431527
9431525
9429818
9429816
9429814
9429813
9429812
9429811
9429019
9428417
9423701
9423700
9423699
9423697
9423693
9423691
9423688
9421792
9421791
9421784
9421781
9421238
9421236
9421224
9416864
9415755
9415452
9415451
9415430
9415424
9409645
9409359
9409358
9406568
9402975
9400653
9397572
9394889
9393793
9393403
9390480
9390479
9390476
9369532
9364054
9364018
9361034
9550820
9447746
9371801
9422634
9419946
9419939
9367951
9403059
9375732
9401141
9393225
19328086
18653114
11479976
11479975
11479974
11479972
11189316
11189315
11189313
11189260
9823099
9823095
9791300
9791299
9791298
9663089
9663088
9663086
9610324
9610323
9604580
9604579
9604578
9604577
9604576
9589006
9589005
9588982
9588981
9588980
9588978
9588977
9588975
9587313
9587309
9587308
9587307
9587306
9573868
9573867
9573866
9573861
9573860
9573856
9573855
9573852
9566140
9560731
9560729
9534441
9534424
9534421
9533346
9533344
9527520
9495176
9495175
9495169
9490219
9483974
9482014
9482006
9471694
9471687
9471681
9470519
9470513
9470512
9470508
9470507
9470506
9470503
9470500
9470499
9470494
9470493
9466295
9466016
9466012
9466011
9466010
9466008
9459028
9459027
9455589
9442540
9431472
9431470
9426169
9426163
9426161
9426160
9425768
9425755
9424441
9422907
9419891
9418207
9416578
9409461
9409459
9408592
9408542
9407407
9407405
9407404
9407402
9407397
9407395
9404928
9403079
9402940
9402885
9402506
9402498
9401297
9401289
9399198
9399192
9399191
9399186
9399183
9397564
9397544
9394393
9394390
9394389
9394387
9394381
9394376
9389447
9387843
9387842
9387836
9387835
9387834
9387833
9387832
9386787
9385359
9372798
9372795
9372792
9372789
9371109
9369288
9365360
9358719
9358334
9356546
9355857
9342165
9328475
9382143
9366253
9364090
21432465
15348833
15348827
11951414
9643233
9643230
9643228
9643227
9643211
9643209
9643208
9643207
9643206
9643205
9643203
9643202
9643201
9643198
9643197
9612146
9612143
9601294
9601292
9587279
9587278
9587276
9587272
9587271
9587270
9586552
9577056
9573848
9573847
9573845
9563336
9558628
9558627
9558624
9550057
9550056
9550054
9550053
9550052
9550051
9550050
9543860
9543858
9543856
9528400
9528396
9522702
9522700
9522699
9522698
9522697
9522696
9522695
9522694
9520763
9520761
9518748
9497737
9497735
9497732
9497731
9497730
9495935
9493078
9493074
9485761
9481996
9481990
9477889
9477888
9477886
9477885
9477884
9477786
9467386
9467380
9448811
9448809
9448806
9447269
9447267
9447261
9447257
9447256
9432557
9429076
9418989
9415487
9411179
9410742
9409051
9409047
9409046
9409045
9409044
9404671
9401935
9401932
9401931
9395117
9395116
9395113
9395104
9395102
9395101
9392510
9388360
9386338
9386337
9386336
9383947
9373798
9372468
9372462
9370032
9370028
9370025
9368121
9367603
9366939
9363853
9363435
9362294
9358370
9358367
9358366
9358363
9358362
9355774
9355770
9355769
9354338
9354073
9350563
9350562
9350561
9350558
9350556
9347507
9347500
9345157
9345152
9345151
9345150
9344279
9344277
9344276
9344270
9341947
9341930
9339277
9338876
9338875
9338871
9338868
9338867
9338866
9338863
9337451
9337136
9337133
9337130
9333130
9332146
9332140
9332139
9331231
9328350
9327292
9327283
9326903
9326902
9326898
9326897
9326896
9326894
9326876
9324088
9313795
9345799
9306665
9335255
9322776
9299120
9314657
9314655
28921107
15160222
15160221
15160220
15160213
11189288
10750412
10732813
10732809
10174971
10173775
9823088
9743688
9743685
9743683
9743681
9743679
9743678
9594837
9587607
9587289
9587287
9587283
9587282
9587280
9573878
9573876
9571898
9571897
9571896
9571895
9569794
9569788
9569784
9569782
9560614
9560612
9555236
9533370
9533368
9533363
9526273
9526272
9526271
9526269
9515414
9515413
9515412
9511546
9495161
9495160
9487809
9487806
9487805
9484145
9484144
9484142
9484141
9482044
9482042
9482041
9482040
9482039
9482038
9482003
9477875
9477874
9477826
9477825
9477824
9477823
9477822
9477821
9477820
9477818
9467367
9467366
9467365
9461914
9446019
9446018
9431567
9428166
9415749
9415335
9410754
9410642
9403116
9403114
9403113
9391716
9391712
9391710
9391709
9391707
9381657
9379994
9379422
9379337
9379325
9379323
9378836
9378832
9378829
9377198
9377197
9377192
9373546
9364814
9364485
9357752
9357749
9357747
9357746
9357745
9357744
9348609
9345610
9340728
9337032
9337030
9337029
9337028
9337023
9337019
9333649
9332044
9332042
9332040
9332038
9332036
9331456
9331455
9331454
9328258
9324465
9324212
9323897
9323896
9323894
9322389
9322387
9321783
9314193
9310875
9310874
9310872
9310870
9310682
9310333
9304825
9304823
9304639
9299049
9298567
9297955
9297951
9297949
9297941
9297650
9297649
9297647
9297645
9297640
9297637
9294653
9294506
9294494
9294490
9294489
9294488
9294486
9294484
9294470
9294358
9294353
9292696
9285799
9285798
9285797
9284152
9281343
9272161
9266582
9241957
9241956
9329305
9268129
9295116
9241873
9217235
9217212
9251235
28565477
16031978
11924415
11480012
11479992
10597173
9610287
9590910
9590909
9590908
9590906
9590905
9590904
9590902
9587327
9587326
9587325
9587324
9587321
9587320
9586481
9586472
9566135
9566133
9558499
9555234
9550048
9550047
9550044
9550043
9550042
9550041
9550040
9533340
9533339
9533337
9532461
9532459
9532458
9511575
9497729
9497728
9497727
9497724
9497722
9477883
9477882
9477880
9477879
9477878
9477877
9467389
9467388
9379321
9379319
9379318
9379317
9378117
9377695
9366140
9347897
9347121
9347120
9332811
9332808
9332804
9332803
9332802
9324732
9316310
9316308
9316307
9313918
9313914
9308264
9308260
9300342
9298366
9298363
9298167
9298166
9298162
9297576
9292168
9292167
9292164
9291387
9291257
9291256
9291255
9291252
9291251
9291249
9291247
9287068
9287065
9287064
9287061
9279767
9278156
9278085
9269025
9269022
9268902
9268900
9268899
9268896
9268629
9267233
9267232
9267231
9267226
9267225
9267223
9266343
9266339
9266337
9265888
9262676
9261683
9260422
9260419
9260418
9260417
9260141
9260138
9260129
9260128
9260127
9259779
9259539
9258993
9258719
9256854
9247349
9247337
9245509
9240388
9240386
9239467
9233972
18069181
18069178
9245586
9244299
9272823
9254957
9243638
9380189
9248018
15348729
11924410
11924405
11696906
11696904
11364482
10756790
10680516
10169354
9791293
9610297
9587302
9587301
9587300
9587298
9587294
9587292
9586504
9586500
9560705
9555233
9543865
9543864
9533332
9517362
9517361
9515443
9515442
9515440
9515439
9515336
9495158
9491174
9484157
9484156
9484155
9484154
9484119
9484117
9484116
9484114
9484112
9484049
9484046
9484041
9481969
9481968
9477897
9477896
9477895
9477894
9477892
9477816
9477811
9477810
9477808
9468893
9461990
9461988
9442615
9442609
9441503
9383757
9383756
9383752
9379860
9354134
9354133
9348475
9338856
9328686
9328684
9328680
9328678
9328676
9327621
9308980
9297076
9296271
9282204
9280101
9279659
9277098
9269298
9263368
9263260
9262196
9261502
9261498
9261496
9260464
9260463
9260231
9260228
9260227
9260226
9260224
9258297
9257020
9257019
9257018
9256350
9250837
9250836
9249641
9249637
9249635
9249634
9249632
9248694
9248693
9248692
9248685
9248684
9248683
9248241
9245989
9244026
9242881
9240501
9237152
9237144
9237140
9237139
9237138
9234186
9231603
9231593
9229100
9228847
9228846
9228843
9228842
9228841
9228834
9226452
9226391
9226390
9226389
9226388
9226387
9226384
9225756
9222975
9220248
9214551
9214550
9212195
9209167
9207801
9207772
9207768
9207767
9207766
9207765
9207672
9199763
9182607
9168174
9231519
9225186
9303661
9189826
9169527
9169515
9217338
9188663
9232057
29389272
19274142
15619815
15159952
15159946
15159936
15159935
15159934
15159931
11923916
10968080
10202506
10202502
10168539
9629397
9586462
9586461
9580242
9552825
9552824
9552820
9552819
9550084
9550082
9550080
9550078
9550077
9550075
9550030
9550029
9550028
9550027
9550026
9550025
9550024
9550023
9549997
9545953
9545952
9545950
9545949
9545947
9545946
9545945
9545943
9545890
9545887
9545886
9534371
9534366
9524464
9524463
9524460
9524459
9524458
9513619
9497752
9497750
9497749
9497747
9497720
9497716
9487818
9487817
9487812
9487811
9477905
9477903
9477902
9462142
9448804
9448803
9448802
9448800
9448798
9382707
9382705
9381463
9376166
9341089
9341087
9341086
9304374
9304048
9293744
9293743
9293703
9289634
9280530
9265797
9255274
9251305
9249185
9248275
9246735
9243282
9241930
9241929
9241927
9241925
9241923
9241922
9239953
9232965
9232961
9230978
9229171
9229163
9226431
9226430
9226426
9226423
9226422
9225541
9225534
9225515
9225452
9219996
9219995
9219993
9219990
9219987
9219986
9219983
9219982
9219740
9219103
9217668
9215379
9212292
9212288
9212266
9212247
9210782
9209770
9209577
9208161
9205920
9204765
9203777
9203775
9203100
9203098
9199906
9199674
9199671
9199598
9199593
9199590
9199588
9197233
9196232
9195628
9195627
9192274
9192157
9192154
9192151
9192148
9192147
9191787
9191640
9188233
9188230
9188229
9188227
9188224
9187667
9186432
9185052
9185051
9185049
9183165
9180758
9180707
9180227
9178082
9177429
9169766
9168866
9168859
9168857
9165397
9153326
9134867
9516776
9182765
9168113
9185356
9185346
9178484
9200496
9177788
9153141
9129733
21238029
20086909
12891449
11480041
11480037
11480033
11480032
11480030
11480029
11480027
10680527
10680526
10680520
10332325
10325628
10186723
9758974
9758972
9610291
9582711
9567902
9566125
9566124
9550074
9550072
9550068
9550066
9549992
9549988
9545940
9545938
9545937
9545934
9545932
9533360
9533359
9515433
9515432
9515430
9515427
9515425
9515362
9515360
9484152
9484151
9484150
9484149
9484148
9484147
9484060
9484059
9484056
9484051
9477807
9477805
9477804
9477803
9477801
9477800
9470565
9461948
9461947
9452700
9452698
9452697
9452695
9452694
9452693
9452692
9452691
9452668
9452666
9324549
9301274
9281085
9280425
9272739
9262807
9262803
9262800
9234014
9234012
9234011
9233850
9233847
9231842
9231408
9218113
9216678
9210091
9210089
9200198
9200197
9200196
9200195
9200172
9197106
9197101
9197098
9197097
9197094
9194347
9188264
9183678
9183252
9183035
9183032
9183025
9182747
9182746
9182741
9182740
9182738
9178112
9176665
9175365
9175364
9175363
9175362
9175360
9175356
9175355
9175351
9175350
9175349
9170752
9170747
9169991
9167081
9167069
9159826
9159821
9159815
9158993
9155815
9155814
9155811
9155808
9155804
9152560
9151490
9151278
9151276
9151269
9151266
9151264
9150743
9150647
9145944
9144934
9144366
9142493
9140558
9140335
9140254
9137095
9135099
9130221
9097466
9163824
9154709
9134814
9134811
9134807
18253219
9125439
9125432
16887583
12348037
11924385
11924384
10332381
10332374
10332371
9709346
9594776
9594775
9594774
9594771
9594770
9594767
9594764
9586520
9586512
9560723
9560713
9553502
9553501
9550037
9550036
9550035
9550034
9550033
9545897
9545895
9545893
9545892
9545891
9543855
9543854
9540726
9540694
9524481
9524453
9524452
9524450
9524438
9515379
9515374
9511543
9497713
9497712
9497708
9497707
9495138
9487910
9484139
9484138
9484137
9484135
9484134
9484133
9484131
9484130
9484129
9484128
9461999
9452656
9452545
9452544
9448794
9448793
9273468
9235393
9231955
9227129
9227128
9224944
9222453
9222447
9206403
9206400
9189705
9187869
9183072
9183067
9183064
9183061
9183060
9181290
9181288
9181287
9180383
9177082
9176661
9176658
9176654
9176652
9175488
9174448
9167429
9166926
9162634
9162633
9161076
9153836
9153834
9153833
9151163
9151072
9151064
9150044
9150038
9147307
9147304
9147301
9145288
9144050
9144045
9144044
9144043
9144042
9142490
9142482
9140539
9140538
9140537
9140536
9138199
9136100
9135212
9134787
9134088
9127387
9127385
9127382
9127376
9126184
9126183
9126182
9126177
9125842
9124803
9120703
9120150
9120149
9120146
9120145
9120144
9120143
9120142
9120141
9120139
9120138
9120137
9120136
9109869
9109589
9109588
9109587
9109581
9108368
9108364
9105219
9104722
9104715
9104712
9103795
9101444
9099841
9097724
9097026
9096719
9086417
9086179
9085985
9085963
9085188
9085186
9042774
9096765
9054529
9134803
9134802
18250844
15159978
15159976
15159972
15159957
15159954
12698529
12698523
12178512
11924382
11924381
10895241
10677956
10332249
10332247
10332246
10332245
10332244
10332242
10332241
9610279
9594759
9594754
9594753
9594752
9594734
9594733
9582700
9571894
9571892
9552652
9533322
9528409
9528407
9524475
9524470
9524468
9524467
9524465
9522767
9522764
9515406
9515403
9515356
9511539
9511538
9508861
9497767
9497764
9497763
9484164
9468890
9468887
9467311
9467308
9461907
9456642
9452688
9452687
9452686
9452685
9452682
9452681
9452662
9452661
9442627
9442621
9410618
9410615
9410613
9225426
9212483
9206472
9206471
9206470
9206469
9206456
9206450
9204506
9190164
9189003
9189001
9189000
9188995
9188988
9186934
9174660
9173839
9173423
9173220
9173219
9161680
9151566
9151558
9151555
9151548
9151538
9138505
9132208
9132205
9131480
9126058
9125856
9125855
9125852
9114546
9114545
9109829
9109820
9109300
9109275
9106874
9106872
9106870
9105889
9105827
9105149
9105148
9105146
9105144
9105143
9105139
9102190
9100206
9100200
9100198
9100196
9100195
9098505
9098504
9090864
9090261
9088921
9086681
9084203
9083903
9083901
9082857
9082856
9082854
9082848
9082847
9079783
9076579
9071271
9071257
9069091
9069090
9069089
9069088
9069087
9069078
9068193
9066910
9066224
9066221
9066216
9066213
9062844
9057759
9054910
9051343
9032828
9008050
9061998
9088798
9034187
9070293
9021013
9040300
9055476
9055474
9053692
16887563
11924371
11480070
11480063
11480062
11480054
11480051
10332368
10332364
10332362
10332360
10332256
10332255
10332254
10332251
9586457
9586454
9566152
9566151
9566149
9552813
9552812
9545921
9545917
9545916
9511532
9483927
9483924
9467336
9462124
9461920
9452535
9452534
9448786
9448782
9300839
9300837
9300835
9221515
9220740
9206389
9206388
9206386
9206385
9206381
9173615
9164660
9147073
9141728
9139411
9139410
9134127
9134124
9134122
9133177
9126684
9117762
9117760
9117753
9106168
9090256
9089492
9089490
9089488
9088702
9088701
9088699
9088691
9088688
9088602
9088601
9088600
9086444
9085404
9085032
9085029
9085027
9085025
9085024
9078647
9078638
9074935
9072020
9071048
9071047
9071043
9071042
9066905
9066902
9064236
9064235
9062859
9062853
9062693
9062561
9062560
9061727
9061623
9061622
9061618
9061617
9061447
9059736
9058338
9058336
9058335
9058326
9057621
9057617
9057616
9057612
9051604
9051603
9051600
9051596
9048912
9046732
9046728
9046727
9045989
9043729
9043007
9042999
9042998
9041063
9041053
9040744
9037974
9037973
9035262
9034675
9033308
9028535
9024351
9008238
8994069
8989874
8989873
9033142
9033140
9033139
9033136
9028468
9123806
9123805
9029811
9029806
8995371
28561526
26630721
23119253
20944259
15387773
12456196
12293669
12206033
12206030
12090072
12017932
12017930
12017928
11885238
11625465
11625156
11624526
11624521
11370044
10977235
10975746
10756752
10753366
10677947
10677945
10677943
10677941
10677939
10677938
10634105
10602603
10530176
10530175
10530174
10530172
10530171
10464648
10332355
10332349
10332348
10332339
10332313
10332302
10179712
10176136
10023172
10023169
10023166
9868133
9827145
9812439
9789990
9757725
9757724
9750586
9732123
9731422
9709805
9709800
9663056
9663054
9663053
9663050
9663049
9663048
9663047
9663045
9663044
9663043
9656380
9655031
9655026
9655023
9655017
9646696
9646695
9646694
9614884
9612181
9612168
9612167
9612165
9612160
9612158
9612157
9610889
9610284
9601795
9601282
9601278
9598359
9594748
9594746
9594743
9594742
9594741
9591154
9590933
9590928
9586534
9586533
9586531
9586530
9586486
9586485
9584758
9584751
9584748
9584702
9582705
9582704
9571928
9560630
9551142
9550065
9550061
9550058
9543874
9543873
9522891
9520754
9517181
9517180
9517120
9517090
9517042
9515349
9512885
9511494
9511490
9511481
9505333
9495133
9495131
9489388
9487843
9487841
9487840
9487839
9487835
9487831
9487828
9487827
9485638
9485632
9484108
9484106
9484101
9484070
9484067
9477856
9477853
9477848
9477842
9477841
9477797
9477795
9477794
9477793
9477790
9476312
9472149
9472146
9472145
9471713
9470576
9470574
9470572
9470571
9468881
9468879
9468876
9468873
9468872
9468861
9468854
9467324
9467323
9467321
9467317
9462113
9456069
9446991
9446990
9446988
9444378
9439009
9433053
9433050
9433049
9432810
9432613
9432610
9432608
9432600
9428963
9428962
9428959
9428958
9413911
9411937
9411935
9404453
9401007
9381500
9381496
9381495
9381102
9368303
9365958
9365953
9365224
9361527
9361298
9361297
9358899
9354762
9353585
9353581
9353580
9353578
9348969
9347106
9342904
9342900
9333999
9327500
9324745
9324571
9319452
9319118
9304185
9297226
9291481
9288364
9286523
9286516
9286515
9282550
9282549
9282548
9282546
9282545
9277006
9272696
9267577
9261797
9257133
9255605
9252795
9245014
9245013
9245011
9245009
9245007
9244591
9241585
9240927
9238889
9228633
9228513
9227123
9227122
9206736
9200891
9200890
9200352
9198991
9197931
9197930
9195231
9190640
9189629
9189627
9189626
9189620
9189619
9189618
9189614
9188968
9188967
9188966
9188965
9188961
9188960
9188959
9178445
9176733
9174860
9173211
9171482
9171478
9171477
9167089
9165196
9165195
9165189
9165188
9165187
9165186
9165184
9163077
9161136
9159046
9154527
9154525
9150061
9150060
9150059
9150058
9148518
9146075
9142688
9138774
9137044
9134114
9134111
9134110
9131907
9123808
9118191
9118185
9118183
9118182
9118181
9114558
9114557
9107377
9107373
9102393
9096820
9096818
9096816
9096815
9091225
9090964
9090173
9085239
9085228
9085227
9083580
9083573
9083572
9083571
9083567
9080748
9080739
9080735
9063627
9063623
9058013
9049920
9049915
9049914
9049913
9049800
9049794
9049791
9048464
9048461
9048459
9048453
9048415
9048414
9048413
9048412
9048411
9048409
9047167
9046401
9046396
9046395
9046394
9046178
9046041
9042562
9042082
9042081
9042075
9041507
9041505
9041503
9038507
9034955
9034045
9034044
9032649
9030448
9029466
9029464
9029461
9029460
9029456
9029454
9029447
9027492
9024339
9023063
9023060
9022960
9021824
9018413
9018031
9009924
9009923
9009919
9009533
9007933
9007924
9007920
9006072
9005872
9002668
9002408
9001170
8990008
8989526
8989516
8988825
8988588
8988569
8988568
8981968
8977434
8972834
8960488
8955995
8955993
8955992
8955990
8955989
8955988
8955987
8955986
