31924080
31924068
28769240
28557035
28557034
23511613
18415499
18215866
16795884
15503428
15091494
12346873
11623425
11362436
11322308
10740699
10163358
10163357
9601752
9601751
9590895
9528500
9526252
9526234
9520778
9520775
9497641
9497640
9497637
9495098
9495097
9495096
9470539
9462052
9462049
9263490
9117870
9117866
9117865
9117864
9082016
9082013
9082010
9064491
9063141
9063140
9063129
9063128
9063106
9063105
9063104
9063103
8984826
8975074
8975061
8975057
8934974
8882569
8861634
8854270
8854268
8849982
8849981
8834302
8830225
8822149
8819896
8785262
8775423
8742786
8739766
8713536
8707232
8702065
8702064
8700767
8700766
8700763
8699521
8699513
8699510
8699503
8699502
8694985
8694982
8688660
8688659
8688657
8688656
8688650
8688648
8686558
8664424
8664421
8664149
8655028
8650500
8650499
8650496
8650379
8650378
8634903
8631431
8624234
8624230
8624229
8624227
8617381
8615990
8615985
8615551
8615549
8615548
8615087
8614900
8613128
8597180
8593239
8593238
8593196
8593194
8593193
8591563
8591433
8587001
8579231
8569538
8561943
8560395
8556749
8556745
8556744
8554630
8553037
8553036
8536818
8534197
8532355
8531253
8529708
8527208
8527207
8527196
8526296
8526294
8526291
8526288
8521442
8521441
8521440
8521437
8521432
8520061
7899815
7899099
7899098
7899097
7897621
7897565
7897563
7897562
7897560
7897559
7897557
7897556
7897553
7895805
7895256
7895255
7894831
7894715
7891814
7891256
7891255
7891254
7891251
7891245
7891244
7890110
7890108
7890106
7890105
7890104
7890103
7890101
7890100
7890099
7884071
7881267
7879921
7879463
7878425
7878418
7878417
7876432
7876431
7876428
7876423
7876422
7876421
7875630
7875629
7875626
7867056
7867053
7867052
7867051
7867049
7867045
7866928
7863516
7855578
7855569
7854764
7852439
7837792
7825607
7820764
7817960
7817372
7789235
7789225
7789224
7785811
7785807
7785805
7785804
7785803
7785800
7784880
7784877
7784876
7783681
7780860
7776285
7775688
7775680
7775679
7775678
7774040
7770892
7770885
7770884
7758038
7754335
7748116
7743781
7735502
7735430
7734651
7734164
7728835
7728834
7728833
7728832
7728828
7728824
7728822
7726465
7726464
7726459
7726458
7726295
7725768
7722846
7719438
7718736
7718686
7717762
7716463
7716461
7714434
7714433
7714432
7714431
7714429
7714428
7714427
7712325
7711736
7710628
7710624
7710621
7710598
7706544
7706543
7706542
7706541
7706540
7706537
7706534
7704317
7699606
7699603
7699599
7699597
7699595
7699593
7676389
7676388
7676386
7670072
7670070
7670068
7664972
7664970
7664969
7660316
7656298
7656297
7656295
7656293
7651055
7644974
7642331
7642330
7642329
7642327
7642326
7642325
7642323
7642322
7639435
7639433
7638765
7632598
7631188
7624848
7621495
7621493
7615323
7615318
7614170
7614169
7614155
7614152
7614147
7610367
7610366
7605097
7605094
7605091
7605085
7605082
7605079
7601914
7601913
7601912
7599636
7599093
7597634
7597631
7597630
7597626
7597416
7581589
7581209
7581204
7577741
7577738
7577731
7577730
7577729
7577728
7577727
7570701
7570699
7570697
7569704
7568893
7557795
7557794
7557793
7557792
7557791
7557790
7557789
7557779
7557778
7557776
7557775
7557774
7557773
7557772
7557771
7557770
7557769
7557768
7557767
7557766
7557765
7557764
7557763
7557762
7557759
7557758
7554969
7554968
7554966
7554965
7554961
7554958
7554957
7554954
7554953
7554944
7554943
7554941
7554939
7554937
7554936
7554934
7554933
7554932
7554930
7554929
7554928
7554927
7554924
7554923
7554919
7554918
7554917
7554916
7554915
7554913
7554912
7554911
7554910
7554909
7554906
7554904
7554903
7550882
7550881
7550880
7550879
7550878
7550873
7550231
7549016
7548623
7502313
7502302
7498610
7498608
7498606
7495682
7495680
7494983
7494976
7494975
7482624
7482615
7481701
7481689
7481687
7481676
7481672
7481670
7481519
7480934
7480932
7480931
7480930
7480929
7480928
7479425
7473871
7712963
7707237
7803150
7991619
7715826
29865420
28872929
21236927
15160136
15160132
15160123
15160118
11625382
11625379
9693610
9468930
9227065
9132292
8935099
8935095
8935070
8935068
8605508
8605504
8605502
7991255
7991130
7989938
7983359
7983353
7977208
7977207
7977204
7965336
7952650
7898911
7897270
7897269
7895181
7894397
7893603
7888603
7888293
7887142
7882662
7882658
7882656
7882655
7880667
7879901
7879773
7877085
7877081
7876281
7875825
7871362
7871361
7871354
7871352
7870468
7869131
7869126
7867618
7867617
7867616
7867615
7867614
7867612
7866508
7866500
7866499
7864323
7864064
7861691
7861643
7853321
7853259
7853254
7853252
7851996
7851994
7851993
7851829
7851828
7851826
7850866
7850643
7848998
7844806
7844267
7844261
7844260
7842373
7832683
7832682
7832680
7829343
7824216
7814981
7814758
7814756
7814755
7814753
7814751
7814750
7798480
7759988
7759987
7759986
7759984
7759982
7759980
7758274
7751118
7751117
7750971
7750968
7750964
7748865
7748861
7748860
7748859
7744385
7734869
7734173
7720799
7720796
7717891
7717882
7706205
7704554
7701186
7699278
7674977
7667710
7641950
7641948
7640340
7640332
7568696
7568695
7568693
7568692
7568688
7527371
7525873
7992034
7948026
7881067
7880450
7995565
7958926
7987149
7980981
7980970
23087989
11831180
10138599
9508960
9055664
9055659
9028243
9028242
9028238
9028237
8779749
8689733
8632197
8000949
8000947
7997490
7983260
7983255
7983254
7983253
7982770
7978995
7977195
7977185
7974557
7969998
7964557
7963100
7946361
7928365
7889651
7888477
7887495
7884059
7876324
7873631
7872001
7866485
7859655
7857898
7857897
7857896
7857895
7856767
7856766
7855012
7854952
7854951
7854948
7854945
7853375
7853136
7853126
7853124
7852617
7852615
7852610
7844759
7844757
7844756
7844752
7844743
7838479
7838469
7838463
7838462
7838460
7836826
7833588
7833341
7830205
7830203
7829952
7829024
7825727
7824784
7823529
7822209
7821447
7815022
7812273
7808715
7802250
7754458
7751071
7751067
7751066
7751065
7751060
7751059
7748453
7748446
7748443
7743879
7743874
7739483
7739481
7736477
7711522
7695512
7695508
7695506
7695503
7695502
7643043
7643042
7643041
7643038
7643036
7568686
7568684
7568683
7568679
7568678
7537847
7537189
7536506
7533211
7503826
7488755
7488751
7801105
7937963
7937923
7917634
7858813
29865410
28769218
11910913
9743676
9693608
9693607
9693606
9588139
9588136
9588135
9588132
9526230
9526229
9522712
9520699
9518859
9509011
9161251
9161250
9161248
9161247
9161246
9161244
9055688
9055687
8975651
8975647
8975644
8975643
8617818
8092603
8000488
7999633
7995607
7992885
7990044
7990043
7990041
7990038
7987887
7986454
7986453
7986452
7986450
7986447
7986445
7984355
7982130
7970417
7967269
7962906
7953996
7953993
7953603
7944298
7942659
7942657
7942652
7942651
7942649
7942648
7936269
7931918
7930333
7894738
7890977
7890969
7883867
7883586
7880264
7865584
7865423
7865420
7865419
7865418
7865415
7854610
7844791
7844341
7844297
7843987
7843064
7843063
7843062
7843060
7842341
7841289
7839067
7837251
7835108
7835039
7835038
7835036
7835035
7835034
7835033
7835032
7834893
7830510
7829770
7828205
7825400
7825399
7825397
7825394
7823299
7823271
7823098
7820782
7817892
7817806
7817803
7817157
7817151
7817149
7817148
7814117
7814116
7813188
7813184
7813182
7813181
7813180
7813179
7813177
7811207
7811206
7811202
7807717
7807613
7806682
7806674
7806671
7805810
7805809
7805408
7804455
7803956
7803955
7802097
7802096
7802091
7800370
7799294
7798360
7792485
7751112
7751110
7749406
7749403
7749402
7747764
7741663
7741661
7741660
7741659
7741652
7741651
7741650
7732548
7732540
7732536
7732535
7732534
7732533
7732522
7714425
7714424
7714420
7714419
7700222
7662951
7662949
7662948
7641957
7641952
7640626
7530774
7529159
7527462
7525675
7523468
7993483
7820640
7988966
8067342
16538320
16538309
11905364
10184206
9791250
9582628
9582626
9582625
9582624
9582622
9508858
8941784
8941783
8941781
8941780
8700759
8700758
8700757
8603148
8088427
8080259
8079895
8074094
8074093
8074092
8074091
8074087
8000231
7998604
7996341
7996119
7996116
7996114
7996113
7996112
7995811
7990024
7990023
7990022
7990020
7990018
7990017
7989963
7989960
7989959
7989621
7989618
7989617
7989614
7988398
7987904
7987902
7986519
7981408
7970604
7970602
7970600
7970335
7970334
7965913
7965911
7965908
7965900
7965899
7965898
7965378
7954996
7954059
7954001
7953935
7953931
7951363
7930188
7930184
7929994
7929992
7929989
7929985
7899776
7897011
7897009
7897006
7897005
7897002
7897001
7896998
7896239
7881290
7875366
7874256
7858092
7850246
7848840
7848830
7848829
7848549
7845943
7835492
7833935
7831146
7831138
7827230
7827229
7820331
7816013
7816010
7814138
7814137
7811671
7811670
7811669
7811668
7811667
7810914
7809570
7802912
7802908
7802617
7802614
7802612
7802610
7802608
7754457
7754456
7743870
7743865
7743863
7743858
7662943
7568713
7531480
7529318
7528090
7523469
7489876
8076700
7939623
8074952
7982069
7832924
8060719
15566769
11831157
9693617
9693615
9508974
9508973
8620591
8091125
8091124
8091120
8091117
8085657
8084560
8083446
8083445
8083442
8083439
8083437
8066802
8064051
8064047
8059754
8059749
8059748
8050997
8045145
8040737
8027524
7996109
7996108
7996104
7996103
7996102
7995253
7995252
7995251
7995250
7995249
7995247
7995246
7987307
7986439
7986438
7986434
7986433
7985510
7985509
7985508
7985504
7985503
7985502
7983539
7980122
7980117
7980116
7980113
7978360
7977673
7967170
7967169
7967166
7967145
7965557
7965548
7962900
7962895
7962894
7957658
7957657
7957656
7957653
7956844
7952853
7948508
7947581
7947578
7947577
7945055
7945046
7936600
7936595
7936594
7936593
7936582
7932268
7932267
7932259
7932257
7930920
7929864
7929862
7929861
7929859
7929858
7929857
7924243
7924240
7924233
7839640
7835519
7835518
7822059
7822054
7818086
7814225
7814224
7814109
7814106
7814104
7814103
7813741
7813740
7810288
7798694
7774355
7748146
7741856
7568707
7568705
7568703
7568702
7568701
7568700
7559118
7532691
7526833
8060710
7955360
8060694
7975071
28790555
17156110
15552102
9588166
9588153
9540492
9509006
9508951
9495105
9028235
9028232
8633300
8091534
8089246
8089245
8089244
8089243
8089240
8089238
8087804
8083841
8083831
8078669
8078659
8078657
8078656
8078651
8062165
8055536
8042816
8042755
8040797
8031185
8026631
8024426
8017354
8017353
8017349
8017348
8014472
8013435
8013124
7996096
7996095
7996094
7996093
7996092
7996091
7996090
7991773
7991772
7991769
7991768
7991767
7989636
7989629
7989628
7989627
7983163
7976755
7965358
7965357
7965347
7964863
7959930
7957373
7949322
7949317
7945021
7945020
7945019
7945016
7945012
7943191
7943190
7943189
7943188
7942158
7938761
7937267
7937263
7937257
7932348
7932022
7932018
7932016
7930131
7919470
7919469
7918832
7917507
7913069
7911782
7875357
7865090
7865089
7865087
7865086
7865085
7865083
7865082
7865079
7865068
7859576
7859572
7846730
7846720
7846719
7846718
7846717
7846715
7846710
7846705
7838697
7835669
7821449
7814131
7814130
7814128
7814127
7814126
7812230
7812222
7811661
7811659
7811658
7716701
7716700
7664998
7664993
7664992
7664990
7608846
7608842
7608840
7524469
7523664
8031627
7635031
8020620
8018432
8018431
29865398
29865393
15160157
15160154
15160152
15160150
15160142
11625376
10147423
10147421
9791262
9791260
9594055
9540565
9508948
9462067
9462064
9462063
9235199
9227102
9227101
9227097
9227085
9227084
9227083
8603144
8603142
8603141
8603139
8603138
8210227
8198134
8198084
8198079
8189295
8189290
8183555
8183549
8091966
8091965
8091964
8091963
8091942
8085615
8085610
8085126
8085122
8085119
8083796
8083790
8083788
8083773
8083772
8083769
8083768
8082051
8081888
8079659
8072157
8071969
8070286
8070259
8070248
8070240
8069746
8069736
8068591
8067934
8067931
8067929
8065068
8065065
8062863
8062862
8062861
8062859
8062856
8060942
8057047
8048036
8046113
8046108
8045486
8045484
8045483
8045481
8044717
8044716
8044714
8044708
8044707
8040830
8040820
8040819
8040817
8032999
8032998
8032994
8032993
8027466
8027457
8026594
8026593
8014853
8007053
8000227
7995245
7995244
7995243
7995242
7995239
7994733
7994015
7994014
7993608
7993603
7993602
7993600
7993599
7993561
7993559
7993557
7984297
7978354
7960167
7960165
7940052
7938433
7938431
7938428
7936718
7936717
7936706
7935281
7935280
7931030
7931029
7931028
7931027
7931026
7931024
7931023
7931021
7930819
7930817
7930816
7928651
7924003
7919419
7918914
7917782
7914244
7875349
7875348
7862893
7842642
7842638
7808799
7805161
7776340
7748855
7748854
7748853
7748851
7710480
7523626
8069694
7936415
8011374
8184796
8082697
8024870
8024869
17794724
29539770
29539764
11830972
11830971
9540609
9508937
9028251
9028247
9028245
8209908
8207629
8207625
8203512
8195502
8195495
8169270
8166102
8166095
8166094
8092490
8086851
8072466
8068707
8068704
8068404
8066983
8066000
8062160
8060269
8060266
8060262
8060260
8060258
8060074
8058550
8058549
8058547
8058545
8058544
8058543
8057200
8057196
8057193
8057191
8055523
8046656
8046572
8046569
8046561
8046558
8046556
8046553
8043966
8043565
8043564
8043562
8043561
8038916
8037380
8034784
8034783
8034780
8034779
8034778
8029739
8028878
8028874
8028873
8028872
8026962
8026592
8018239
8006842
8006840
8006837
8006235
8006234
8004524
7997955
7997801
7996214
7995648
7995645
7995644
7985369
7980313
7938423
7938422
7938419
7938418
7938416
7938415
7938414
7931020
7931019
7931018
7931017
7931015
7931014
7931013
7931011
7927187
7871474
7871473
7871472
7871471
7867866
7867412
7867408
7857602
7835664
7824803
7817110
7812287
7758866
7758858
7532564
7522711
7521929
7519266
7517526
7515960
17732737
8162842
8046646
8042668
8186033
8183688
8183687
8017024
29865388
29865386
21941695
17778133
12319796
11830965
9612054
9612053
9612051
9612047
9612039
9612038
9508998
9495153
9055682
8718631
8598528
8210166
8206180
8206179
8206177
8205786
8205783
8205782
8205778
8205777
8205774
8196010
8196009
8196008
8195999
8195995
8195982
8195980
8195973
8195972
8195482
8195481
8195477
8195475
8195449
8195447
8195446
8195443
8195440
8195439
8195438
8194810
8194809
8194808
8192248
8192240
8190919
8189629
8187044
8179132
8158476
8154462
8154461
8154460
8154459
8146288
8137761
8134427
8133092
8077875
8071964
8071427
8063439
8063438
8063436
8062816
8062815
8062814
8062813
8062812
8062811
8062808
8062442
8058900
8058897
8058896
8055583
8055137
8055130
8054310
8054304
8054193
8054192
8054187
8054186
8054184
8054183
8050779
8048324
8048320
8046693
8041450
8038434
8038433
8038431
8038430
8037797
8035159
8035157
8035155
8035154
8035153
8035152
8035049
8028280
8028042
8024499
8024498
8024492
8024490
8021325
8018991
8018065
8018064
8018063
8018058
8016562
8016560
8016557
8016555
8016554
8015796
8005203
8005197
7993061
7993060
7993057
7993045
7993044
7993043
7993042
7940398
7928133
7928131
7928128
7920353
7914451
7867858
7867857
7521231
7518101
7517065
7512319
8167064
8167063
8180303
8107882
28313924
24233290
16558261
15160173
15160172
15160171
11910929
11830952
11830951
9863428
9791255
9522744
9522743
9522742
9522737
8680157
8612905
8207506
8207502
8206561
8206560
8206553
8205584
8205055
8198929
8195766
8193984
8193983
8193980
8190374
8183199
8183198
8182498
8182494
8179220
8178137
8178136
8172951
8170658
8166123
8166120
8164180
8164179
8164169
8164168
8164167
8164166
8164119
8164118
8164113
8163885
8163874
8163737
8163735
8163729
8161401
8161248
8157840
8157777
8157776
8157775
8157772
8157771
8157769
8157768
8157766
8147520
8137451
8135216
8135206
8132709
8125201
8120228
8112836
8086266
8074989
8066371
8061788
8061787
8056275
8046090
8046089
8046088
8042897
8041567
8038344
8034370
8034367
8026104
8018986
8018054
8018053
8018051
8018050
8015964
8015963
8015956
8015951
8015950
8015949
8012365
8009102
8009097
8008823
8008821
8008820
8008819
8008818
8008815
8008814
8008812
8008612
8008611
8005318
8003839
8001438
8001430
8001427
8001423
7996088
7996087
7996083
7996081
7995444
7995443
7994335
7993586
7993583
7993582
7993243
7993241
7993240
7993239
7993238
7993236
7920406
7920402
7919414
7912286
7871468
7871465
7804028
7758855
7748849
7748847
7748846
7748844
7521614
7517138
7517136
8123319
8123316
7599006
8106414
29865363
16031738
10146712
10146711
10146710
9673193
9673191
9673190
9540551
9540550
9115686
9115678
9115675
9115673
9115672
8311036
8311032
8304339
8304286
8294596
8207738
8204745
8194261
8188575
8185542
8185540
8185535
8185532
8185501
8185500
8185498
8185494
8184682
8184675
8184674
8183982
8183977
8183976
8183975
8181659
8181654
8181549
8181546
8181545
8181544
8178105
8176769
8175085
8173514
8171421
8170025
8167593
8167278
8164160
8163853
8158514
8158510
8158506
8157812
8157237
8157232
8153583
8153574
8153573
8153571
8149901
8144738
8144736
8144731
8144730
8143445
8143444
8143442
8143440
8143437
8143436
8139840
8139837
8139836
8139834
8126911
8126683
8126679
8126678
8126677
8126672
8126671
8126664
8123980
8113528
8111658
8111657
8031972
8024654
8022091
8021038
8021037
8021030
8021028
8006574
8006572
8006570
8006569
8006566
8006565
8006564
8006091
8005772
8005769
8005313
8005312
8005077
8005076
8005073
8004109
8004087
7987445
7923511
7911758
7907966
7851130
7515726
7512084
7512083
7478750
8173957
8117475
7510731
8296277
8312069
8312064
31936940
30260352
28548448
28548427
28548255
23511451
23511257
21307458
17265645
15091672
11885230
11830988
11640586
11640340
10150603
10150602
10150208
10150164
10150161
10147170
9594056
9590883
9588150
9588149
9588147
9588144
9588143
9588142
9588141
9584769
9571844
9571842
9517345
9508968
9495145
9495144
9470526
9470524
9117859
9117858
9117857
9117856
9117855
9117846
9063109
9063108
9063107
8975039
8975034
8974549
8974543
8934964
8638858
8611311
8611310
8611308
8611307
8602905
8602903
8593220
8534382
8534380
8534379
8534378
8534377
8531250
8308518
8307236
8305327
8304593
8294620
8294619
8294617
8294615
8293721
8293361
8291499
8291494
8291491
8291490
8290299
8287054
8282894
8282877
8273712
8264707
8263083
8205582
8205581
8205580
8205579
8205578
8205577
8205576
8202584
8201082
8196529
8193934
8193919
8192237
8191535
8191532
8191530
8191526
8190886
8190879
8190876
8183731
8183729
8183728
8182390
8182385
8182384
8182382
8182381
8182198
8182196
8182194
8181088
8181083
8180372
8180370
8180368
8180367
8179783
8179780
8179777
8179510
8179507
8179506
8179504
8179503
8175508
8170450
8169602
8165453
8165451
8165450
8165449
8165448
8164192
8164187
8162049
8160487
8159602
8159072
8158975
8156566
8155349
8153554
8153552
8151813
8150518
8150517
8150515
8150514
8150512
8143884
8141973
8141242
8139099
8138974
8134814
8134187
8133420
8133417
8133414
8133412
8133410
8133391
8133390
8133385
8133383
8133166
8126247
8126246
8126245
8126241
8126238
8126237
8124701
8124698
8124697
8124695
8124692
8122088
8121791
8120846
8120839
8120837
8116883
8113952
8113951
8113950
8113949
8113373
8108688
8108687
8108686
8108104
8108098
8091176
8091175
8091174
8091173
8085218
8085217
8080835
8078711
8073793
8073791
8070507
8069883
8069882
8069879
8068567
8065664
8060017
8060016
8060015
8056111
8055770
8055762
8054297
8052946
8042141
8042022
8042021
8040240
8036439
8036430
8036426
8033941
8033938
8033191
8033190
8033189
8033188
8033186
8032468
8032447
8032443
8032442
8032441
8032438
8032437
8032434
8032329
8032307
8031488
8031486
8031484
8031482
8031481
8031478
8029522
8015944
8015942
8015941
8015939
8015938
8010527
8010524
8010521
8010519
8006485
8006481
8006122
8006116
8005401
8001061
8001059
7999948
7998410
7995473
7995141
7995128
7995126
7992695
7989815
7989813
7984993
7984992
7984960
7980664
7978526
7978524
7978522
7978520
7978519
7976528
7973555
7973552
7973551
7967937
7967217
7956208
7950865
7939549
7939547
7939354
7916166
7915854
7912397
7909331
7908490
7903071
7886618
7885172
7883332
7883254
7878330
7871477
7871476
7869414
7864461
7852016
7850852
7850851
7850847
7850843
7850841
7849745
7849606
7844272
7843834
7839793
7833640
7830472
7825115
7825113
7824902
7824901
7824897
7816955
7816954
7814925
7814921
7813667
7809844
7806413
7806410
7806409
7806405
7806404
7804395
7803136
7802333
7802332
7802329
7801229
7801046
7778815
7772197
7762451
7747169
7727316
7721201
7721200
7716410
7702473
7702469
7702466
7702464
7702462
7702461
7702458
7702457
7702248
7701844
7643438
7618414
7555760
7515304
7511317
7503441
7497985
