20301456
20301300
21634087
20301578
20301712
20301738
20301464
20301367
20301686
20301329
25392904
20301532
20301668
24027799
20301291
21882399
26110198
35617449
20301306
26937547
20301315
34324282
34292692
26131548
20301472
24027798
20301586
21089229
20556892
26677511
20301514
20301581
20301293
20301621
20301283
24830047
32790266
32672908
20301634
20301285
20301684
20301726
20301786
20301548
25577943
20301418
22993869
36508511
20301316
20301484
20301645
20301500
22855961
28426188
20301711
20301641
20301462
20614582
20301384
20301694
24228289
23926620
20301731
20301366
31941199
28548393
28548363
23511174
15503554
15448824
12061308
12061306
11885246
10171970
10148566
10148564
10148333
9790022
9590878
9511610
9495911
9120343
8695195
8695187
8519057
8515678
8515674
8513842
8511558
8511557
8511555
8511553
8511551
8511550
8511258
8511256
8511255
8510619
8510614
8510613
8509665
8509662
8507511
8507509
8507508
8507330
8507326
8507325
8503096
8503095
8500131
8500120
8494649
8493502
8491244
8488671
8487033
8478751
8477426
8475666
8474243
8474051
8474048
8474047
8474046
8473039
8473036
8472837
8472017
8470752
8468731
8468083
8467883
8466848
8466847
8466844
8466843
8466842
8466838
8466837
8457869
8457782
8455176
8455174
8455173
8455169
8455166
8455165
8455164
8449789
8448779
8448777
8448771
8448769
8448101
8446875
8446873
8445138
8445136
8443054
8442726
8441512
8441510
8441508
8434755
8434509
8434506
8433129
8432951
8432950
8430281
8429427
8429423
8429419
8426533
8426532
8426531
8426290
8426288
8426278
8425023
8422037
8422031
8422027
8421590
8421120
8421119
8421118
8421116
8421115
8421113
8420914
8420908
8419881
8419880
8419875
8419589
8419586
8419585
8419572
8419569
8418668
8418114
8418110
8418106
8418104
8417619
8412481
8409779
8403897
8402808
8402807
8402806
8402804
8402801
8402800
8401838
8401825
8401819
8400220
8400216
8397839
8397838
8397836
8397835
8395176
8395091
8392239
8387167
8386054
8386044
8386043
8386042
8386041
8386040
8386039
8382148
8381176
8380680
8380146
8377600
8373991
8373987
8373982
8367715
8367714
8367712
8362362
8362360
8362340
8362336
8360009
8360006
8360005
8359879
8359876
8359873
8359250
8358808
8358807
8357693
8357509
8357508
8356537
8356418
8354551
8338268
8337925
8337924
8337923
8336427
8330946
8330663
8330660
8329893
8328234
8323232
8319259
8319256
8319251
8317222
8310420
8303240
8301161
8299875
8299874
8299873
8299867
8299863
8299539
8299538
8299536
8299534
8299533
8299532
8299531
8299529
8299496
8297056
8297055
8295888
8295468
8292985
8291030
8291027
8289026
8289023
8289022
8289020
8289019
8285857
8284303
8284300
8281565
8281561
8281560
8280666
8274794
8270317
8270312
8270307
8270306
8267875
8267872
8267871
8267870
8267376
8266046
8266041
8266039
8264326
8262724
8262722
8260069
8246299
8246295
8243970
8242680
8242679
8242678
8242016
8241764
8241762
8241759
8236030
8235534
8235527
8235521
8233995
8233991
8233989
8231437
8228430
8225467
8222955
8222945
8222940
8222939
8213038
8209579
8209417
8187142
8182298
8181829
8181827
8181826
8181823
8180576
8180486
8180484
8180280
8180278
8180277
8164968
8149152
8149148
8149146
8148428
8148427
8145392
8134893
8134890
8134331
8120940
8120939
8118049
8117794
8115402
8112795
8112793
8110413
8099267
8095767
8090963
8090960
8085026
8085024
8085020
8085018
8069712
8054228
8054227
8054226
8054225
8048115
8048112
8048109
8048106
8048098
8048097
8048087
8037970
8029158
8007027
8007026
8007025
8007022
8006473
8006472
8003239
8003238
7973420
7973413
7968831
7934227
7915426
7904776
7871054
7862040
7687811
7683298
7682609
7679348
7678426
7515545
7512272
7509882
1465144
1469122
1467012
1467009
29865603
28312604
15159908
15159900
15159899
15159895
15159894
12056384
11894808
11819871
9511638
1494177
1494121
1494118
1494115
1494114
1492560
1491855
1489036
1488677
1488242
1488238
1488237
1488228
1488227
1486935
1486930
1486928
1486731
1486596
1486526
1486524
1486523
1484135
1481206
1477971
1476495
1476493
1476054
1476053
1476052
1474470
1474467
1471957
1471954
1471951
1471950
1471171
1469563
1467631
1465570
1465568
1465565
1465561
1464681
1464235
1464234
1464231
1464229
1464227
1464225
1463023
1461382
1456450
1456235
1452897
1452893
1452892
1452887
1452876
1452872
1451381
1449133
1363840
1363696
1363281
1362522
1343819
1343582
1343581
1343579
1342532
1342055
1342054
1341714
1341711
1341707
1341704
1339009
1336839
1335497
1335351
1335227
1333448
1306739
1306736
1306187
1306186
1306185
1306183
1305303
1305301
1305300
1305299
1304971
1304806
1304804
1304183
1304180
1304179
1304178
1304177
1304176
1303428
1303282
1303281
1302690
1302689
1302687
1302686
1302685
1301050
1298805
1298802
1298801
1298457
1298455
1298453
1298431
1298429
1297450
1296048
1295727
1295654
1295652
1295562
1295561
1295551
1295078
1295077
1292373
1291616
1291615
1291493
1287154
1287153
1286926
1283877
1283875
1282780
1280923
1359320
1478261
1423615
1449857
1449856
1433341
11820012
11820011
11820010
9511628
1491078
1489725
1487234
1485644
1480675
1478577
1476109
1476107
1476106
1475419
1475338
1472614
1471840
1469503
1469501
1469498
1469495
1469209
1469207
1469193
1468928
1466637
1466636
1463707
1463563
1463176
1460545
1457121
1455581
1455580
1455579
1455572
1453432
1453304
1453176
1453161
1452800
1451226
1448724
1448472
1443660
1442899
1442887
1437066
1437061
1432817
1432798
1432795
1432794
1432793
1432792
1431775
1427909
1401449
1401442
1401438
1361006
1343337
1341698
1331849
1331432
1328251
1308163
1307959
1307013
1307011
1307010
1307009
1307007
1306864
1306862
1306860
1306858
1305294
1305293
1305290
1305287
1305286
1305098
1303551
1303544
1303517
1303514
1303380
1301169
1299631
1299293
1299292
1299291
1299290
1298940
1298794
1298793
1298792
1298791
1298790
1298789
1298787
1298574
1298571
1298412
1295621
1294872
1292863
1292862
1291324
1291065
1286444
1284394
1281628
1280678
1280655
1419388
17833130
1457704
1429173
1389635
1389633
1413223
12286079
12053891
12053890
12053889
11820006
10147966
9511607
1527662
1494450
1494449
1494447
1487690
1485665
1484643
1483730
1483729
1481234
1473507
1456220
1456215
1456214
1456212
1454179
1453032
1453029
1453023
1452869
1452867
1452864
1447392
1447391
1447389
1447388
1446195
1444961
1444895
1444894
1444893
1443091
1443090
1441936
1441935
1441934
1432738
1432737
1432734
1432733
1432731
1430296
1430295
1430294
1430293
1430291
1427539
1424553
1424552
1424551
1424546
1424545
1424543
1424542
1424239
1423518
1422883
1416243
1416241
1416238
1416236
1411272
1411268
1409994
1408035
1408029
1408026
1408013
1407861
1407858
1407856
1407588
1404075
1403943
1403938
1403937
1403935
1403934
1403933
1403932
1403588
1402735
1401599
1401598
1398612
1397075
1397074
1397072
1397071
1393795
1383557
1364332
1364303
1363242
1362675
1357165
1341967
1341702
1333728
1328593
1303877
1303263
1302684
1302683
1302682
1302680
1302679
1302677
1300994
1300669
1299259
1299255
1299254
1299251
1299248
1299247
1299246
1298761
1298745
1298487
1297454
1295877
1293493
1291810
1291106
1291104
1290759
1290754
1289955
1289954
1289951
1289950
1289949
1289948
1289947
1289480
1289477
1289474
1289472
1289260
1289258
1289254
1288815
1288812
1287796
1287505
1286178
1284954
1280658
1389621
1298231
1327954
1439752
1525172
1389600
29022461
19283013
16031672
12051176
9796517
9796516
9796515
9796513
9796512
9511622
1530062
1526087
1523783
1522413
1522298
1522289
1522286
1518357
1517520
1517516
1510053
1510051
1510045
1500176
1493999
1491658
1472706
1472527
1468038
1468037
1468036
1453265
1453258
1453256
1452062
1451885
1451883
1451882
1451000
1450996
1450995
1447534
1447533
1447531
1447383
1447381
1447380
1447379
1444705
1442127
1439669
1436932
1433806
1432775
1432771
1432770
1432769
1432764
1432761
1432760
1432759
1432758
1432756
1432755
1432754
1431518
1426486
1422784
1417555
1417523
1417522
1416093
1416089
1416081
1408006
1408000
1407999
1407990
1407987
1404271
1403585
1402761
1401858
1401414
1401413
1401410
1401407
1401406
1392693
1392004
1392001
1387289
1359441
1358049
1339114
1338932
1332987
1329577
1328590
1308785
1308779
1308778
1308775
1308213
1306446
1306444
1306443
1305459
1303887
1303537
1303533
1303376
1303372
1303364
1302555
1297471
1292468
1292461
1292454
1292063
1291523
1291522
1291521
1291520
1291519
1291443
1291434
1291432
1291024
1291021
1291019
1290796
1290793
1290791
1290603
1290602
1290600
1290574
1290573
1289866
1289865
1288600
1288599
1287709
1287151
1287148
1287145
1286170
1280156
1357688
1357686
1392955
1503840
1383896
9511603
1644261
1643550
1636562
1634980
1632562
1632353
1626718
1626709
1619283
1528493
1526614
1526612
1526611
1526104
1526103
1526102
1526101
1526100
1526099
1521298
1518073
1516662
1516659
1516658
1516657
1515616
1514940
1514939
1514937
1514936
1514935
1514933
1514395
1510903
1510900
1507051
1507047
1507046
1506590
1506515
1505582
1504950
1504949
1504948
1504945
1504937
1504905
1501200
1501171
1501170
1501166
1501164
1501163
1501161
1496583
1476478
1455391
1451875
1449751
1449750
1444943
1439522
1439521
1435514
1431696
1431695
1431694
1431691
1431689
1430508
1430285
1430284
1430283
1429757
1428813
1422956
1422954
1420100
1420099
1416062
1415342
1410257
1410256
1404212
1404194
1401102
1399041
1399037
1399035
1396290
1391930
1391929
1390580
1390576
1390574
1387042
1385503
1385502
1385485
1380525
1335632
1331201
1324305
1323938
1323440
1322367
1321454
1303210
1294568
1294562
1291553
1291306
1291304
1291303
1290615
1290613
1290611
1290610
1290609
1290608
1290607
1290606
1290605
1290604
1279093
1503836
1503835
1630490
1642260
29281418
11885534
11819997
1643071
1643070
1643067
1640430
1640346
1639385
1634632
1634631
1634630
1634629
1634628
1634627
1634626
1632628
1629462
1629461
1629459
1629452
1629450
1629449
1628532
1626749
1626745
1626744
1626532
1626529
1626523
1619160
1615075
1613632
1613558
1609969
1609967
1607993
1525088
1525085
1525084
1525081
1520460
1520456
1516228
1512890
1512747
1512124
1508516
1508515
1508512
1508502
1508496
1508442
1507039
1507038
1507019
1506827
1506709
1504183
1504182
1501159
1501154
1497386
1497197
1452914
1452260
1452055
1432355
1432352
1432346
1432343
1430505
1430497
1430495
1424198
1419281
1419277
1410252
1410247
1404023
1403927
1403925
1403923
1403919
1403915
1403914
1403913
1403912
1403910
1403905
1403903
1403898
1403897
1402600
1402598
1402597
1402595
1402593
1402591
1401089
1399068
1398840
1397434
1397433
1397432
1397431
1397430
1397429
1397428
1397423
1393782
1389363
1389362
1389359
1389357
1380994
1377344
1352958
1345041
1329154
1325889
1324458
1321847
1321846
1321176
1303837
1303529
1303528
1303527
1303523
1303520
1291399
1291395
1291393
1291392
1291375
1288807
1287597
1287595
1287593
1287489
1285684
1285271
12286285
1616770
1612438
15900673
15900668
15159921
15159919
15159912
11820134
11820131
9485771
1640126
1638857
1635719
1634163
1634159
1634158
1631486
1631482
1631178
1628690
1628689
1628688
1628512
1627069
1627067
1627065
1625155
1625154
1625153
1625151
1624623
1624622
1624618
1624616
1623712
1623705
1623704
1623702
1623699
1620404
1620395
1619341
1619148
1613185
1613182
1613180
1612793
1612217
1605313
1605259
1599345
1598896
1598892
1598888
1593314
1533997
1528152
1525711
1524774
1522384
1522382
1522378
1520948
1520944
1520941
1520940
1520920
1517068
1513188
1512308
1505422
1504881
1504880
1504879
1502324
1502322
1502319
1502318
1500954
1500210
1500209
1498566
1496084
1487435
1487432
1462135
1441721
1439976
1439518
1437052
1437046
1437032
1429935
1429933
1411102
1408356
1403888
1403877
1403876
1403867
1403866
1403863
1403859
1403857
1403856
1402590
1402588
1402587
1402586
1402585
1401428
1395485
1395483
1391928
1391925
1389565
1388955
1388954
1388950
1388948
1385900
1384810
1379952
1378064
1363405
1358591
1357620
1355674
1353516
1328451
1326202
1303231
1303230
1303229
1303228
1303224
1292972
1290599
1290598
1289163
1289075
1289072
1289069
1289068
1584196
1598722
1568177
1389582
1628214
1349106
11819995
1638976
1629469
1629447
1629445
1629441
1629439
1629438
1627533
1627526
1625949
1622381
1614397
1608036
1608035
1608032
1608031
1607441
1607440
1607432
1607430
1602119
1599059
1597643
1597640
1596782
1596093
1595851
1595848
1592022
1591263
1590295
1590290
1590287
1563166
1528943
1528784
1528783
1528400
1527766
1527765
1527760
1527757
1527753
1527751
1527748
1527746
1527740
1527692
1527685
1524652
1524648
1524647
1524645
1521710
1521707
1521704
1518644
1518638
1518633
1517763
1517479
1517477
1517475
1516340
1510115
1510109
1502313
1502310
1502309
1502308
1500968
1500966
1499972
1499250
1499248
1497950
1497948
1497947
1495837
1473376
1461245
1451290
1440132
1437693
1412051
1406152
1402580
1402579
1402578
1402577
1402575
1402574
1399065
1399064
1399063
1399062
1399060
1397457
1391919
1389355
1389351
1389350
1383462
1375865
1364005
1356234
1356148
1355496
1354249
1339141
1325484
1320183
1319438
1319289
1307167
1307166
1307164
1307156
1307153
1307144
1292895
1289158
1289157
1604306
1591118
1591117
1591115
1565053
1595174
37280912
29539687
29539683
12343566
11819980
1637149
1637148
1624909
1624202
1624198
1624197
1622572
1621424
1620246
1619356
1618452
1615454
1613354
1613107
1607143
1606949
1605755
1602411
1602406
1602166
1597628
1597373
1593520
1592989
1592987
1592972
1592969
1592967
1592964
1592963
1586910
1582464
1582461
1582458
1577345
1574674
1574308
1574306
1574301
1574298
1574240
1574237
1573552
1573551
1573542
1573540
1573539
1572512
1572511
1572510
1572508
1572504
1572503
1572500
1571848
1569231
1569229
1569228
1569226
1569225
1568438
1566938
1565250
1564185
1564184
1564182
1564179
1563065
1561618
1558062
1558060
1555395
1555394
1555392
1555389
1555388
1555387
1555386
1554165
1554162
1554158
1554100
1554099
1545285
1534986
1534571
1533447
1533378
1532686
1532685
1532684
1528629
1525129
1525128
1525127
1525076
1525075
1525074
1524754
1524747
1524746
1521507
1521506
1521505
1520093
1507149
1507143
1507141
1507137
1507134
1507130
1507128
1507127
1507126
1507124
1502302
1502301
1502299
1502298
1499052
1495641
1495632
1494607
1494606
1458203
1440740
1426910
1426453
1426450
1412042
1402572
1402570
1402569
1402567
1402566
1398818
1398817
1392503
1391916
1388053
1386934
1385227
1381578
1381576
1380845
1374126
1373744
1351349
1351093
1349289
1348749
1347762
1343957
1327330
1326321
1317546
1301995
1291329
1291327
1288799
1281412
1313424
1554531
1554522
1552943
1591992
1582628
1619948
1543634
1543633
1638404
1437827
29865563
29539720
19186435
19186433
19186432
19186431
19186429
19186427
11819985
11819984
11819983
1736787
1641461
1641457
1632448
1627905
1626386
1626385
1618140
1617484
1617483
1607825
1607822
1607821
1607819
1607818
1607817
1607816
1603407
1603402
1597256
1594265
1593416
1593415
1593414
1593413
1593412
1593409
1593408
1588401
1588399
1588398
1588397
1588396
1585888
1583200
1583199
1583198
1583194
1583191
1581999
1581478
1581061
1579797
1579669
1575567
1573077
1573076
1573073
1571962
1568513
1565335
1562700
1562057
1561298
1557086
1556251
1556250
1556249
1556248
1556245
1556243
1555126
1555123
1553087
1552175
1549221
1545967
1545965
1545065
1545047
1539549
1539548
1535537
1535536
1532530
1532205
1532204
1532202
1525372
1525370
1524635
1524634
1524630
1522086
1522081
1521696
1521693
1520946
1520927
1520926
1520925
1520923
1520921
1520919
1517876
1517875
1517874
1517870
1508126
1508124
1508122
1508121
1507112
1507110
1507109
1507097
1507093
1507092
1507089
1507086
1502118
1499243
1497844
1462892
1440119
1440118
1437687
1437686
1420727
1420721
1412566
1412558
1412552
1412543
1412537
1412530
1399059
1399057
1399056
1399053
1389344
1389343
1389340
1375021
1360221
1348255
1344278
1315346
1308246
1308245
1308243
1308242
1291935
1291365
1291364
1290593
1288997
1288996
1288991
1288987
1287607
1287606
1283845
1543616
1536034
1535273
1739509
1739506
1563667
1563666
19186421
19186419
19186418
19186417
10149908
1739781
1739069
1739065
1735267
1734713
1732489
1732486
1641455
1641454
1641452
1641451
1622345
1622343
1622337
1602041
1602039
1602038
1602036
1602035
1602034
1600564
1594483
1593451
1593177
1589246
1576463
1575395
1575392
1575051
1569364
1569360
1569221
1568507
1567288
1566620
1566122
1563914
1563822
1563820
1563819
1563818
1563816
1562577
1562576
1557608
1557605
1557604
1557602
1557140
1556300
1556299
1556297
1556293
1552466
1552464
1552170
1551625
1551623
1551622
1550806
1548388
1548381
1547611
1547610
1547609
1547605
1544280
1543387
1543241
1543240
1541784
1541782
1538388
1538344
1538342
1538341
1538337
1538336
1538334
1538329
1538325
1538323
1538322
1538319
1538318
1537912
1536171
1535041
1532608
1531839
1531678
1531397
1528626
1528619
1524744
1524740
1524738
1524737
1524736
1510836
1507818
1499787
1498532
1404530
1404529
1397454
1397452
1397449
1397447
1396361
1396359
1396358
1396357
1396356
1396355
1388027
1373386
1370667
1352445
1348899
1346238
1322546
1318331
1318329
1313107
1313105
1739501
1739491
1739490
1348121
1730509
1736945
1736944
28524631
28524307
24924207
22291246
18750857
18267680
16104087
12285733
11618415
10895739
10895734
10149982
10128693
8529150
1741447
1740555
1740554
1740553
1740551
1738832
1738830
1738827
1736672
1733853
1733621
1732311
1732308
1731488
1730746
1730067
1729894
1729887
1639585
1637261
1637260
1631525
1631522
1631274
1631272
1631268
1631267
1631265
1628551
1628487
1628294
1628293
1628292
1628290
1628289
1626271
1626267
1626257
1626188
1626186
1625377
1625044
1624626
1623069
1617082
1615553
1611973
1611972
1611971
1610311
1610309
1610307
1610306
1606870
1605732
1603573
1603554
1603552
1603549
1603548
1600839
1598819
1598557
1598554
1598547
1598544
1598543
1596210
1595446
1594532
1593495
1589898
1583559
1583558
1581113
1577335
1573962
1572940
1572939
1571471
1570121
1570120
1568239
1568235
1565994
1564697
1564696
1564694
1564693
1557067
1555518
1552545
1552540
1552536
1552458
1550893
1548616
1548613
1548612
1548610
1548603
1548602
1548599
1547180
1546161
1545200
1545198
1544039
1541899
1540489
1539418
1537946
1537942
1537940
1537222
1536756
1535311
1534633
1533870
1533175
1531661
1531511
1531509
1531506
1530843
1529318
1528020
1526712
1526709
1525367
1525366
1525215
1524687
1524684
1524683
1523961
1521682
1521681
1521677
1521309
1521308
1521305
1520442
1516468
1514369
1512127
1508917
1508916
1508915
1508914
1508913
1508910
1508908
1508907
1508906
1508905
1508904
1508900
1508899
1508898
1508896
1508894
1508891
1508889
1508888
1508887
1508884
1508881
1508880
1508875
1508872
1508871
1508870
1508869
1508867
1508866
1502113
1502112
1499390
1499240
1499238
1499236
1498054
1498053
1498051
1498048
1498045
1498043
1496461
1496460
1496348
1492308
1492306
1489349
1488454
1488022
1485323
1483537
1481131
1481128
1481126
1480792
1480789
1480060
1478561
1477424
1476885
1475670
1470629
1470628
1470554
1470551
1470548
1470541
1468787
1468107
1468106
1468105
1468097
1468096
1468095
1468094
1463315
1463312
1456476
1456473
1456104
1455356
1455327
1455202
1453865
1453039
1453038
1451712
1450304
1449617
1444898
1441884
1440692
1440681
1439696
1439694
1437685
1437680
1437226
1434108
1434094
1431430
1431394
1428612
1428610
1426112
1423449
1423448
1423447
1423442
1423438
1420660
1420659
1419874
1419220
1419217
1414207
1410931
1410703
1410702
1410700
1410699
1410698
1408439
1405998
1405997
1402564
1402563
1402562
1402560
1402559
1402557
1399051
1399049
1394905
1389246
1387227
1387226
1380716
1380714
1380713
1378778
1376987
1373126
1372960
1370082
1364513
1363961
1362507
1359177
1358446
1354871
1351836
1350451
1350136
1345545
1344276
1344275
1344274
1343996
1343953
1343952
1343950
1343343
1343341
1343012
1343011
1343008
1343007
1342856
1341835
1341749
1340674
1339125
1339072
1335151
1333734
1325873
1324502
1324501
1324500
1323322
1321490
1321001
1320577
1318535
1314241
1313101
1311006
1311005
1310664
1310660
1310651
1308358
1308344
1308338
1306994
1306679
1306677
1306676
1306675
1306673
1306672
1305989
1305986
1305984
1305156
1305155
1305153
1304816
1304813
1304811
1303119
1303113
1302650
1302646
1300136
1300134
1300133
1300132
1300129
1298966
1298965
1298964
1298963
1298961
1298822
1298785
1298736
1298328
1298326
1298325
1298324
1298322
1298320
1298319
1298316
1298315
1295593
1295588
1295336
1294307
1294305
1294302
1294301
1294300
1292620
1291607
1291358
1290917
1290913
1290351
1289560
1289544
1289538
1288650
1283272
1279840
