26110198
26131548
26677511
25577943
26694786
26449876
26646610
26618930
26588357
28586545
26618513
26588188
26662929
26616243
26467301
26283168
26237188
26094972
26618632
26496624
26630446
26612194
26090787
25929278
25583414
25556544
28280539
28280535
28280533
28280532
28280529
28280527
26618630
26508110
26479878
26371458
26343421
26283312
26272266
28119577
28111553
28101003
28123248
26584502
26582188
26580306
26426812
26418883
26418841
25952925
25951536
28217189
28217188
28217186
28030574
32566900
28217185
28491836
28002416
28058075
27977809
27977756
30483605
27999610
27936203
27936042
27936010
28649400
27975042
29539550
29539548
29539547
27933212
27907123
27876942
27833861
27833351
27833350
26712597
26709143
26676273
26675477
26660720
26618277
26583452
26580483
26547658
26547513
26513533
26505640
26499471
26474543
26436677
26398106
25907030
25864771
25846401
25827600
25664778
25659976
25645887
25643919
25643822
27898723
29607069
27875538
27920579
27917053
27990185
27851745
27904674
28042429
28042427
27843722
27834171
28144510
27867362
28250779
27900252
26696114
26689570
26689568
26685850
26662355
26620731
26592811
26590509
26575968
26572528
26567087
26474914
26468626
26462847
26449740
26444319
26440763
26426161
26406559
26384024
26283012
26174793
26012784
25963297
25727443
30263402
27857819
27857817
27857816
27822359
27790973
27783693
28352825
27785121
27768737
27764246
28292060
27781174
28210596
27877076
32566898
27800485
27843549
27736967
27732663
27761343
27716814
27843378
27785390
27757142
27708769
27833417
27757220
27695053
28955576
28955575
28955574
28955573
28955570
27035674
26670655
26667183
26577573
26506918
26497643
26490395
26489039
26488150
26476074
26461972
26420772
26395013
26383870
26383696
26383494
26380955
26376203
26376100
26372165
26359019
26358615
26354080
26354006
26353942
26335657
26305150
26288325
26033740
26015326
27757052
27689802
32566902
27733877
27662186
30755899
27774063
27722059
27708626
27654468
27688973
27695330
27695361
27695327
27695370
27611193
27652055
27588418
27761394
27752206
27752201
27752199
27635364
27583435
27502230
26701679
26695162
26662120
26660705
26652020
26637463
26623548
26620733
26613740
26612404
26612080
26606330
26601707
26581397
26578117
26572531
26567086
26561769
26556579
26556578
26556574
26556573
26556571
26548449
26547869
26546124
26538487
26538300
26531193
26531192
26507927
26458521
26454734
26440733
26434734
26384589
26377126
26369274
26364803
26334132
26331627
26331486
26331379
26319990
26311333
26283644
26280904
26278880
26264630
26202093
25956267
25786803
25643646
27733874
27733872
27708727
27708725
27630993
27766031
27616881
27635319
27583053
27555921
27594843
35514867
27594910
27532266
27583048
27583047
27518316
27579261
27509131
27508412
27494172
27536251
27487121
27482300
26710085
26667222
26666992
26663218
26644219
26635107
26634296
26611674
26542121
26508432
26492829
26477533
26450694
26446403
26432443
26419210
26378085
26378083
26372051
26371787
26371612
26315310
26293288
26269410
26255984
26227397
26223423
26201367
26199130
26198909
26198407
26197881
26197813
26183155
26178908
26175042
26174943
26174479
26154527
26147852
26121937
26081174
26044171
26037281
26004052
25944589
25934421
25918901
25917461
25916859
25914944
25762614
25727487
25690687
25641829
29607066
27547550
27459720
27459102
27555906
27447183
28529852
31168336
27486505
27486504
27486402
27471379
27418965
31966176
27471382
29955413
27441139
27391112
27458342
27441103
27458379
27441119
27441111
27384819
27383409
27383054
28138622
27408461
27408451
26694729
26655444
26652921
26645263
26642875
26624251
26624250
26595657
26588599
26566965
26560842
26547906
26524389
26517670
26502299
26498407
26480021
26462655
26457477
26452977
26445857
26445856
26445384
26443709
26438343
26411974
26395824
26395352
26395351
26392396
26391110
26385688
26379114
26371594
26370621
26370520
26367312
26282270
26274901
26247709
26237186
26216490
26215216
26212100
26199041
26189125
26174577
26174351
26173463
26172249
26162503
26139565
26129836
26122925
26102215
26075477
27370513
27362534
27362255
27359125
27418813
27355355
27398105
27366652
27336366
27336307
27500074
27333279
27333277
27322421
27101590
27350896
27398104
27379059
27304976
27303807
27408594
27300748
27300554
27299992
27350796
26726831
27347232
27347231
27284127
29263815
27376060
27330853
27275784
27347230
27257508
30894969
27589668
27589667
27502264
27298555
27298540
27298537
27249021
27197087
27162569
27162564
26751707
26724849
26724848
26711938
26706945
26702938
26691608
26682911
26667108
26663020
26660671
26652644
26652169
26645986
26635257
26633080
26618259
26584947
26582280
26575695
26575079
26574898
26542421
26542314
26521754
26518980
26511774
26507845
26494254
26492578
26482297
26449290
26419787
26418417
26411973
26399980
26374748
26374745
26364593
26362776
26358476
26351155
26343264
26340981
26286353
26268951
26251312
26243339
26235897
26193905
26174769
26156422
26150321
26100850
26100656
26096450
26096162
26086947
26084620
26082299
26077169
26043651
26012867
25875477
25873299
25873214
25819474
25810237
25713009
27642441
27386012
27386010
27228169
27227404
27437051
27223117
27307729
27243024
27196730
27196603
28443212
27242535
27429754
27274440
27239319
27386006
27386003
27386002
27386000
27190712
27385998
27330960
27226709
27149379
27144649
27144394
27217799
26685882
30363653
27135405
28509170
28408954
27195205
26899295
26874269
26778518
26716459
26709044
26696138
26686600
26672609
26669503
26669502
26666389
26663636
26662207
26657395
26652021
26652018
26637329
26615592
26609694
26608472
26564168
26509232
26497357
26493617
26427011
26401827
26385972
26378787
26376339
26375893
26374746
26374655
26362778
26355994
26349767
26331376
26330227
26322538
26319977
26284755
26280753
26280661
26250796
26245275
26224640
26153674
26148197
26146902
26074207
26059708
26033046
26031414
26010518
25967851
25895663
25890496
25854165
25847685
25809551
25651755
27335614
27134647
27124001
27239279
27120202
27115989
27115749
27217798
27096621
27186079
27089506
27088357
27143854
27087865
27114863
27114870
27071012
27110204
27335611
27335610
27226756
27050091
27049960
27049953
29123768
28955566
28955563
28955561
28955560
28850471
28663992
27274611
26796232
26763080
26736058
26723175
26723098
26721867
26707428
26706790
26704432
26698579
26696588
26689611
26689340
26688294
26683199
26679496
26667772
26661713
26661271
26659908
26657396
26653863
26613718
26609698
26609695
26597465
26597464
26597463
26590809
26582651
26573975
26573857
26564646
26561999
26550925
26548886
26548876
26538188
26537367
26511809
26503398
26496249
26463516
26456858
26450763
26449618
26449180
26440476
26420757
26411925
26400828
26389580
26382020
26381857
26361760
26361080
26348838
26342929
26332999
26323501
26310199
26307375
26293981
26289941
26259868
26254597
26245273
26243457
26243456
26230089
26228904
26223630
26220512
26205067
26205066
26174081
26174031
26172563
26103005
26095539
26095433
26095156
26070923
26033167
26032146
26011008
26010894
25996203
25980480
25961753
25952943
25952758
25950381
25944356
25888533
25877019
25866134
25855655
25840586
25827240
25827199
25818351
25730154
25727337
25726844
25692556
25678366
25655618
27031836
27099530
27066482
27028515
27069815
27110179
27099635
27015268
27042033
26982655
26978064
26977924
27022270
27326265
27110164
27047706
27014076
26938059
26973538
26934048
30894952
30894947
30894943
30894938
29539519
27198949
27066419
26976465
26966657
26930605
26930398
26929566
26929559
26929556
26889344
26889343
26868470
26857883
26832811
26831172
26805920
26782847
26774744
26747980
26745819
26742893
26741830
26723484
26723016
26721908
26711862
26710753
26709200
26708557
26706532
26704431
26701322
26691894
26691322
26689124
26687774
26679551
26679550
26672126
26670682
26669215
26663760
26657921
26647391
26647390
26635280
26628486
26620853
26609696
26608601
26608580
26608579
26608454
26603241
26597436
26592336
26581769
26581762
26575585
26573112
26572071
26562731
26561441
26548889
26548888
26548871
26546844
26516028
26513265
26511002
26509234
26509230
26509229
26506211
26487182
26481975
26477876
26465229
26462611
26460083
26458004
26453109
26449592
26449591
26433136
26431672
26426912
26426127
26408843
26400009
26391094
26388039
26371622
26358636
26320037
26282121
26272703
26266651
26266646
26258897
26241805
26241781
26227336
26194819
26184830
26183211
26179985
26173962
26172317
26154939
26154938
26146865
26105680
26100820
26083055
26082310
26051836
26036770
26031936
25993250
25989212
25967636
25957016
25943712
25931289
25923059
25864681
25819748
25819599
25809601
25772335
25752442
25726945
25698158
25639687
25622651
25622536
25557934
25557855
25420927
27006721
27006720
27006719
27110153
26919258
26966672
26913867
26981152
26942172
26955292
26925321
26900852
26924989
26895178
26949651
26599234
26958650
26706446
26662798
26662797
26941900
26941898
26941891
26903872
26863610
26862892
26903954
26893959
26904551
27081566
28491408
26904710
26839960
28408950
26900582
26877995
26793312
26773225
26767084
26747371
26743970
26743968
26743731
26733153
26725179
26725178
26725177
26725176
26724561
26723486
26723485
26718973
26714428
26712243
26707341
26705862
26686824
26686823
26686053
26684542
26683411
26682518
26679718
26678517
26671785
26660735
26657717
26657191
26655952
26655873
26654578
26654141
26653935
26651083
26651082
26645395
26631301
26631300
26627596
26626706
26620100
26617332
26614017
26612623
26610805
26608020
26607784
26605682
26596502
26589666
26586301
26582076
26574493
26562733
26562728
26559821
26559753
26551300
26548885
26548878
26546393
26545864
26538168
26515913
26514842
26503912
26502894
26496800
26481114
26477993
26472753
26469811
26464398
26460168
26459554
26450013
26447751
26443465
26440584
26430928
26426839
26420263
26411475
26410791
26409208
26393865
26387767
26381860
26376945
26370292
26367494
26358765
26358664
26346743
26346547
26333185
26310138
26294279
26291317
26274352
26264602
26260764
26231569
26198477
26190360
26187360
26177677
26139006
26134932
26108294
26095390
26095129
26095050
26031712
25995486
25936381
25900347
25872947
25840585
25827437
25820406
25820405
25788331
25761525
25758100
25744734
25724574
25702704
25693635
25690049
25688929
25682848
25652228
25631153
25623884
29607060
27069730
26815532
26855868
26812435
26718575
26855867
26823650
26808490
26257139
27186336
26799812
26661295
26819850
26795024
26909177
26834627
26855581
26848264
26679602
26658319
26604144
26473277
26426374
26409147
26235255
26877671
26834865
26760973
28955555
28955554
27026778
26793622
26752284
29744143
26735517
26730714
26700105
26616552
34131580
30787693
30290095
30290093
30289635
30281966
30281963
30204965
30178947
30178944
30178942
30178940
30178939
30178936
30178935
30136802
29847712
29847711
29847069
29799700
29799698
29799697
29799696
29689682
29689675
29688685
29688679
29668162
29599572
29553602
29446579
29336428
29240316
29199618
28980543
28872802
28853795
28853794
28853792
28853791
28853789
28853787
28853786
28853785
28814696
28814692
28814684
28635918
28635843
28547965
28478406
28453169
28402613
28402610
28386487
28386052
28373822
28298806
28216541
28163480
28163479
28163476
28155989
28139592
28139587
28139582
28134604
28133387
28133376
28119788
28119787
28116177
28116174
28116162
28105056
28097136
28097027
28094743
28090209
28078147
28070427
28058120
28058049
28049976
28049975
28049974
28044068
28025444
28025442
28025441
28025437
28018914
28009391
28008431
28008430
28004377
28003916
28002524
27999690
27995226
27995224
27995139
27994892
27994888
27990506
27974977
27974921
27974916
27965901
27965900
27957563
27957562
27957561
27957559
27957486
27957349
27956902
27933323
27930895
27915340
27904542
27904090
27904087
27892450
27891277
27891263
27891261
27882250
27876723
27876722
27876720
27876716
27876715
27874916
27869252
27867678
27857523
27847815
27847653
27846636
27843942
27843652
27840825
27840747
27840745
27840441
27840440
27834413
27834411
27833985
27833965
27833964
27833917
27833055
27830145
27829834
27827470
27822394
27822393
27822392
27819133
27818804
27818690
27812671
27812389
27808349
27807485
27807470
27806364
27805895
27805894
27805893
27805891
27805890
27805889
27805887
27805885
27805884
27805883
27803922
27803819
27800194
27795861
27792801
27766265
27766106
27763440
27763439
27763437
27763432
27761271
27747242
27747220
27738533
27738532
27730223
27730222
27730220
27730219
27730218
27730217
27725932
27725890
27725521
27725515
27725511
27723656
27722224
27722222
27722199
27717925
27705968
27699072
27697071
27695715
27694757
27688777
27688724
27683827
27683777
27672458
27669724
27669720
27669636
27669634
27668099
27665981
27665980
27665977
27665975
27665973
27665972
27665971
27665692
27665690
27660765
27658123
27656218
27656212
27651886
27651554
27650966
27649721
27649614
27648077
27648076
27644178
27643583
27642305
27639918
27636766
27636765
27636763
27636759
27635141
27629972
27622524
27622326
27622220
27622218
27622216
27621538
27620522
27620520
27617384
27617382
27617379
27617378
27617377
27617376
27617375
27617374
27614819
27606624
27599002
27597904
27595263
27585185
27577928
27563616
27563612
27563611
27563600
27557921
27557919
27557918
27557916
27557913
27556111
27555970
27547475
27547048
27544531
27540327
27536330
27536323
27532067
27532066
27529780
27529624
27528873
27528796
27526525
27526523
27526431
27526264
27525269
27525130
27516019
27516014
27516012
27514143
27504845
27493829
27493665
27487543
27487538
27487533
27478442
27477235
27477231
27477220
27472571
27472570
27472569
27472567
27472565
27472564
27472563
27472562
27471814
27471810
27471807
27471804
27471803
27471802
27471662
27464381
27464377
27462611
27462474
27458817
27458722
27453872
27447001
27446993
27446954
27446770
27446636
27446212
27434720
27433162
27430013
27429811
27429810
27419244
27419243
27419242
27419240
27419239
27419202
27419128
27418983
27413732
27413380
27407015
27404405
27403349
27403173
27403039
27402200
27397033
27391888
27386438
27382564
27379251
27377433
27376702
27376084
27375906
27367201
27367200
27367198
27367193
27366149
27356608
27351734
27351732
27351731
27351729
27349553
27349550
27349542
27349540
27349537
27344858
27344646
27344476
27344475
27341469
27341468
27340574
27335901
27332885
27330699
27330697
27330696
27323582
27320300
27320299
27320297
27320295
27319813
27319604
27314127
27314125
27314124
27314123
27314119
27314118
27314117
27314115
27314114
27314113
27314112
27314111
27314110
27313912
27313911
27313628
27313627
27313616
27306248
27306247
27306246
27306245
27306244
27306243
27306242
27306239
27301114
27295932
27295928
27295927
27294136
27293436
27289516
27286713
27284585
27284583
27282028
27274995
27274868
27274754
27274562
27274163
27274160
27274159
27274158
27274157
27274156
27274155
27274150
27274146
27268417
27260784
27259733
27252007
27252004
27251991
27251988
27247808
27246646
27239995
27228251
27218106
27217960
27212948
27212947
27200433
27200432
27200431
27197471
27197466
27197361
27195282
27195156
27194886
27194881
27194868
27194858
27194857
27192892
27190658
27175451
27175450
27175447
27175446
27175445
27169161
27165114
27161350
27154447
27151701
27150099
27148461
27145563
27144072
27144038
27142310
27142130
27139374
27135068
27134431
27134430
27134427
27134426
27134424
27134422
27133082
27127510
27125093
27119585
27119080
27119031
27111668
27110604
27110603
27110563
27102118
27101141
27101002
27100219
27098717
27098715
27098714
27095939
27093689
27092359
27092357
27092215
27092210
27092208
27092181
27087814
27087187
27086436
27085005
27084868
27084863
27084860
27084857
27078868
27074406
27069698
27069697
27069479
27066278
27054870
27054867
27054865
27054862
27054860
27054858
27054857
27051559
27051226
27051221
27051220
27051219
27051218
27051217
27051216
27050940
27050936
27048176
27048012
27043001
27042706
27041914
27041913
27041907
27041906
27041905
27041904
27041900
27041899
27041898
27041896
27041895
27041893
27041850
27041849
27041848
27041847
27041844
27041836
27041833
27041831
27041830
27041023
27041015
27041006
27034903
27034901
27034855
27034854
27031901
27027104
27027103
27027100
27027093
27024899
27024898
27023707
27022644
27021545
27021538
27014718
27014607
27011939
27011935
27011932
27011929
27011928
27011926
27011748
27011740
27011737
27008807
27008262
27008261
27008254
27008088
27007762
27007757
27007354
27007351
27007349
27007348
27007343
27007340
27007339
27007338
27006839
27006661
27004806
27004053
27004037
27003983
27002600
26998476
26998474
26998470
26998367
26989552
26989523
26985980
26985112
26981853
26981757
26981753
26981752
26981750
26980200
26980199
26977451
26975636
26973989
26966798
26965775
26962473
26962322
26962321
26962320
26962316
26962314
26962313
26962309
26961335
26961333
26961332
26960634
26957804
26957801
26957799
26957798
26957797
26957796
26957795
26957791
26957790
26957789
26957788
26957787
26955323
26954290
26953578
26950820
26950818
26950817
26950816
26950814
26950812
26950811
26950810
26950809
26950808
26950207
26949764
26949763
26949761
26949550
26943178
26939412
26939157
26939155
26939154
26937375
26937372
26932335
26930881
26930879
26927644
26925569
26925558
26923007
26919631
26915750
26915626
26915485
26912138
26904313
26904312
26904310
26904121
26899611
26897902
26897901
26894422
26894195
26894192
26894189
26894180
26894176
26894171
26894168
26894166
26892946
26892215
26892214
26892213
26892206
26890899
26884650
26882645
26881226
26881147
26881088
26880930
26877983
26877982
26877977
26870851
26870848
26870846
26866612
26863220
26862746
26862470
26858548
26849231
26847322
26846710
26846060
26843883
26843880
26843878
26843877
26843876
26843875
26843873
26843870
26843869
26839953
26838153
26838152
26838150
26838149
26838146
26838143
26834308
26832373
26830833
26830828
26830827
26830824
26830823
26830820
26830819
26828666
26826991
26824086
26814320
26814157
26808360
26806434
26800178
26800176
26800175
26798366
26798065
26797791
26794521
26792971
26792970
26792964
26792187
26792183
26792182
26791510
26788535
26787023
26787022
26780336
26780333
26779263
26770205
26768788
26767966
26767959
26764300
26764299
26764298
26764297
26764296
26764295
26763602
26763592
26763591
26763329
26763111
26757335
26757333
26757332
26757330
26757327
26757322
26755222
26755219
26755215
26754338
26753551
26753550
26753549
26746202
26745199
26744208
26743797
26742734
26742179
26742176
26742161
26739979
26733337
26731813
26731598
26730209
26730198
26730184
26729690
26729689
26729655
26727608
26725967
26720400
26719165
26718386
26718385
26718384
26718382
26718381
26712358
26711219
26711218
26710045
26708062
26703043
26703040
26701917
26699923
26697561
26697560
26697558
26697556
26697554
26697548
26697547
26696111
26696109
26696107
26696106
26696103
26696101
26696099
26689106
26687672
26685038
26683426
26682489
26680308
26679362
26679359
26676862
26676193
26676192
26676191
26676190
26676189
26675228
26673750
26670605
26669655
26669654
26667118
26666268
26665261
26661340
26660235
26659719
26655206
26651538
26650061
26647730
26647374
26646636
26643447
26643277
26642047
26638148
26634313
26626632
26623945
26621674
26621028
26620099
26615505
26615504
26615474
26614949
26613385
26613250
26609892
26608307
26606191
26603770
26603769
26603699
26602451
26601935
26599291
26599126
26599125
26599124
26599123
26599122
26599121
26599120
26599119
26599118
26599117
26599116
26599115
26599112
26597577
26595831
26590725
26589844
26588111
26585493
26582053
26581835
26580685
26578336
26577873
26577872
26577871
26577469
26571067
26566129
26562738
26562735
26562093
26556829
26549782
26549222
26549221
26549220
26547720
26547699
26547020
26546459
26546266
26545717
26542888
26542601
26542166
26540333
26534939
26530704
26527674
26526961
26526453
26525999
26525553
26525552
26525132
26525128
26525124
26525122
26525120
26525119
26523502
26521148
26519789
26518986
26518358
26518216
26509657
26509231
26503179
26497905
26496464
26490104
26484886
26483519
26478401
26478226
26476746
26476003
26474720
26473494
26466311
26460169
26456742
26456257
26454048
26449589
26447750
26443273
26440664
26424147
26420451
26417617
26417615
26414930
26413977
26412005
26411998
26409809
26407056
26406585
26400664
26393339
26384536
26382971
26381904
26376946
26375897
26371954
26371076
26364739
26361239
26358010
26351730
26343577
26342513
26342288
26335907
26333128
26333037
26331533
26331404
26317151
26303762
26298801
26292999
26282184
26278960
26275929
26270155
26266650
26266649
26266648
26266647
26259200
26250402
26249153
26245272
26244265
26244263
26237637
26235629
26228934
26228382
26225899
26220776
26220009
26218656
26216576
26215490
26194158
26179517
26179397
26179131
26168856
26159208
26156830
26153228
26147214
26135023
26123712
26118545
26117379
26111085
26095924
26086993
26083582
26066062
26065694
26048030
26047162
26037274
26025391
26018844
25993251
25989211
25982519
25976838
25972142
25963721
25950239
25938174
25926667
25924843
25923246
25923245
25922872
25914048
25910472
25899341
25898981
25898896
25898895
25892478
25881783
25877234
25864531
25850958
25847543
25844508
25843053
25830710
25811246
25811245
25805253
25800876
25784387
25765291
25758745
25726857
25678029
25659611
25655480
25648914
25636272
25614929
25611951
25604208
25604081
25597335
25597250
25582870
25565631
25557717
25534135
25523604
25521008
25424595
25424594
25408249
25399962
25395333
25382721
25371100
25352032
25346234
25323220
25248755
25219878
25111051
25005586
24919124
24749979
24081631
28352756
27259221
27259220
26962377
26962376
26718872
26507828
26894042
26877590
26848201
26719749
26716981
26716689
26715525
26714613
27347539
26782591
26715480
26715476
26715445
26715325
26715101
26714646
26713617
26713442
26711936
26756016
26712726
26955336
26734583
26722633
26704192
26704180
26701594
26701593
26701592
26701588
27019740
26966466
26701991
26700481
26695736
26694986
26693936
26966467
26962372
26782444
26696528
26695491
26693909
26693824
26630009
26630008
26703546
26702830
26702654
26701555
26686060
26687126
26684897
26701540
26683691
26683205
26682836
26681191
26679666
26679663
26679138
26679137
26858904
26713254
26713246
26701536
26678696
26678690
26673152
26798309
26701520
26677103
26676027
26674637
26673218
26673161
26673156
26584964
26713256
26671068
26666569
26631371
26235151
26667359
26659581
26659123
26750166
26688781
26824062
26710275
26662471
26655667
26654530
26962369
26654364
26651027
26647682
26662417
26643809
27077056
26701452
26641205
26639148
26454100
27027044
26631331
26673904
26487719
26701435
26635011
26632952
26631907
27019734
26785534
29349118
28925854
28879286
28642903
28510400
27818788
27747652
27747651
27747648
27747645
27747642
27747638
27747636
27747631
27747624
27688415
27688414
27688412
27688411
27559353
27559351
27559349
27559347
27559346
27095628
27095623
27095619
27066567
27066566
27063130
27063124
27063118
27063117
27063113
27051952
27051951
27018031
27018028
27018026
27018025
27017718
26958035
26942236
26942112
26941465
26939221
26939219
26939218
26939217
26902075
26898039
26898027
26897758
26889098
26887405
26887397
26887394
26884840
26884825
26878578
26863815
26858492
26856005
26856002
26856001
26855998
26855996
26855995
26854894
26851635
26851634
26851633
26847498
26846042
26843777
26843775
26843757
26843756
26843754
26843753
26843745
26843742
26817002
26816998
26816995
26816992
26816990
26816988
26816964
26816578
26816576
26816575
26816574
26816572
26816571
26813917
26813443
26813402
26813290
26812935
26811826
26802697
26793832
26785517
26778391
26770880
26767349
26767244
26767240
26767238
26767237
26761982
26761980
26749878
26738223
26738219
26738216
26738215
26734682
26734679
26734678
26734677
26734675
26734674
26734563
26734492
26734490
26734143
26733193
26730371
26730367
26702161
26698011
26698010
26698003
26695914
26693467
26691792
26691365
26691356
26687982
26687308
26684998
26684493
26684492
26684489
26682375
26680524
26680523
26680522
26680518
26680513
26677088
26672708
26672704
26672700
26672696
26668608
26665204
26665200
26657548
26657443
26657442
26657422
26655418
26655414
26654637
26644847
26644843
26644838
26644834
26644832
26644828
26637260
26637257
26637255
26637254
26637253
26637252
26637251
26637250
26637249
26637247
26636129
26636125
26636119
26636117
26636116
26635957
26632301
26632299
26632298
26626753
26625887
26624776
26623564
26620980
26613260
26610834
26610832
26608467
26604470
26604469
26602803
26602583
26602450
26594640
26593813
26589083
26579972
26576231
26573565
26567556
26567348
26564687
26561926
26553062
26548528
26545346
26543259
26530849
26530845
26527488
26523347
26521147
26519908
26518338
26518215
26518012
26515251
26507966
26506257
26505304
26505131
26499474
26498854
26498726
26498725
26498672
26498449
26497231
26497153
26493112
26489806
26486206
26481347
26481295
26479765
26478438
26478437
26476416
26474950
26472681
26472680
26472679
26472677
26472676
26471464
26468987
26465965
26464397
26462995
26460741
26456943
26456811
26456041
26455540
26455293
26455289
26454222
26454210
26453772
26451773
26449641
26443484
26442949
26435470
26433190
26433029
26432078
26431977
26428895
26428411
26425925
26421525
26420264
26416033
26413497
26411777
26409254
26403061
26397882
26397722
26396103
26390097
26388299
26386340
26384532
26377576
26372629
26370384
26370158
26367485
26366388
26363442
26363268
26359654
26357954
26354283
26354248
26353883
26349480
26346589
26346420
26344558
26341784
26340898
26337222
26337219
26334373
26332890
26327612
26319247
26318255
26313020
26313019
26310722
26307494
26306937
26305341
26289966
26289832
26286856
26286661
26284909
26281906
26280627
26278872
26269935
26258985
26253277
26250356
26248744
26246398
26246054
26245849
26235628
26227902
26227298
26226645
26215489
26215098
26210799
26204789
26204170
26196269
26195498
26176293
26176171
26172283
26153549
26151121
26149469
26144190
26140303
26134760
26130047
26110399
26096594
26087774
26087413
26086211
26083150
26071387
26059497
26057215
26040431
26033710
26031604
26026789
26012559
26010600
26010435
26007292
26001648
25994600
25973955
25950117
25946408
25941910
25922130
25916582
25912820
25877233
25865072
25825124
25824673
25821765
25820924
25820923
25808697
25808290
25802222
25773449
25762499
25750910
25713468
25705613
25700693
25582358
25581386
25564502
25557836
25557631
25557524
25529858
25524144
25520376
25515304
25495951
25494943
25482847
25439282
25424438
25404093
25400281
25377258
25350869
25346135
25319113
25293424
25242064
25179799
25123414
25115819
24852941
24852761
24689697
24428748
24354935
26617338
26616864
26615495
29607057
29567934
26650285
26624764
26611310
26798272
26640621
26617675
26611912
26624743
26608342
26607848
26606595
26599212
26452304
26600540
26610508
26586655
26519790
26624719
26585794
26581292
26423936
26925886
26646566
26581876
26581700
26579712
26576758
26624707
26609505
26576994
26616832
26571127
26467811
26885159
26450968
26408916
26385749
26382835
26349404
26235152
26188404
26154068
26734481
26577095
26576766
26572489
26365134
26580607
26564373
26564355
26962368
26587359
26562631
26558438
28793666
26624672
26567502
28347104
26624661
26597279
26552356
27551475
26552995
26548900
26374253
28793651
26624637
26545621
26545069
26544034
26542315
26427874
28793649
26594180
26545080
26544804
26543504
26541515
26715998
26538639
26538196
26537725
26536869
26531139
25394286
26624469
26525412
26483492
26566460
26527540
26525142
28510399
28510395
28223888
27507995
27507991
27025069
26999896
26999894
26999893
26999891
26999890
26999887
26966776
26966772
26966769
26963220
26963219
26963216
26963214
26963206
26963205
26941526
26941524
26941521
26941520
26941519
26941517
26941509
26939305
26888246
26888245
26888242
26888237
26888236
26888234
26883615
26883611
26883610
26883608
26883604
26870104
26852480
26849764
26845827
26845825
26839857
26814462
26814457
26805320
26759808
26759804
26759803
26759800
26759799
26759798
26759797
26759596
26759595
26759593
26759589
26759587
26759586
26759585
26752848
26752846
26752844
26752841
26752840
26752838
26752833
26749790
26749788
26749783
26742259
26734478
26730349
26729966
26725233
26722231
26718302
26718300
26718296
26718294
26718293
26718292
26718291
26718289
26718288
26697664
26691968
26684844
26676099
26675655
26675621
26675445
26675293
26675291
26675090
26674925
26674879
26674522
26674148
26674005
26673857
26672498
26668928
26666085
26647056
26639494
26634072
26632711
26632688
26629478
26629475
26629473
26629378
26625167
26614150
26602714
26602713
26602339
26599327
26595004
26594987
26594986
26594971
26593169
26587419
26587418
26587416
26587414
26587413
26577967
26577960
26574855
26569004
26569000
26568999
26568998
26564298
26562237
26548689
26546662
26545284
26545280
26545278
26545276
26545271
26523720
26523718
26523716
26523715
26523714
26522643
26522639
26522637
26522046
26522043
26522042
26522041
26522039
26522035
26522032
26520740
26517455
26516711
26516710
26514891
26514886
26514867
26513557
26509995
26509992
26509991
26509987
26509979
26505722
26504122
26500170
26496623
26492399
26490212
26478968
26478966
26477884
26473768
26473637
26472626
26469693
26463898
26458182
26456141
26455833
26449431
26446504
26446503
26446502
26443438
26434756
26433856
26433855
26433771
26432670
26432165
26423734
26422019
26421466
26419441
26417010
26414887
26414682
26411740
26411647
26411645
26411520
26410152
26410151
26409810
26409807
26408392
26403672
26400421
26396993
26395913
26395912
26395911
26390326
26386949
26386947
26385331
26384929
26384535
26374570
26371982
26368539
26364002
26362847
26362214
26361810
26361809
26358301
26358221
26355529
26355528
26355024
26354384
26351744
26351741
26350960
26349581
26346419
26345998
26345102
26345101
26344187
26342992
26341031
26337220
26333535
26332738
26327559
26320003
26318419
26318014
26315926
26310721
26310628
26305447
26297559
26295193
26294114
26289524
26289509
26289508
26285810
26285808
26279091
26275611
26272646
26266341
26265350
26255900
26254819
26253216
26253190
26252749
26250456
26250455
26250054
26244264
26239261
26237643
26234623
26231302
26228846
26228715
26228692
26215672
26212420
26209874
26209550
26205380
26203919
26202221
26195111
26187102
26184494
26182851
26179343
26176294
26173766
26169950
26165791
26151563
26151460
26139077
26114579
26111080
26100002
26094654
26088941
26088324
26061777
26059645
26059453
26058000
26037598
26037045
26031932
26022731
26022574
25989062
25953063
25935585
25921658
25850735
25840708
25828296
25823691
25813918
25786587
25782432
25760887
25760885
25757185
25751014
25751013
25743568
25736557
25707370
25699297
25693497
25689983
25689982
25672515
25663382
25655430
25650761
25644134
25637554
25609034
25600272
25595866
25592154
25588364
25567485
25532620
25511799
25511642
25511545
25511014
25495379
25490882
25398633
25354246
25354086
25353648
25314030
25187170
25174647
25109372
25044432
25041624
25039366
24850632
23475586
26520140
26517984
26512900
26512629
26503042
26466566
28793634
26511208
26509261
26604744
26578979
26793289
26600778
29607056
29607055
26624415
26498426
26496837
26496192
26496187
26494348
26494344
26494341
26496604
28955546
28955544
28955542
28955541
28955539
26539101
26489750
26652098
26539423
26527893
26516453
26504525
26486107
26474635
26474624
26632805
26624365
26528190
26475714
26475387
26391869
26108430
26045222
26770616
26770296
26475317
26472736
26470711
26469049
26468660
26210934
26143528
26117294
26468081
26467984
26462879
26341301
26889308
26600767
26561840
26473843
26464410
26461263
26461513
26459325
26459105
26457581
26624318
26453049
26452647
26450249
26450232
26759872
26449638
26423843
26188369
26135405
26624199
26443470
26440281
26362287
29744137
26480172
26437932
26433717
26432570
26431206
29744134
28453056
27833365
27423283
27252762
27252758
27252757
27252755
27252753
27156276
27024889
27008768
27008766
27004356
27004343
27004321
26982761
26982760
26982758
26982756
26982754
26982309
26955627
26952141
26929703
26929702
26929701
26929700
26929696
26929695
26929693
26929691
26929690
26929687
26929685
26929684
26929683
26929681
26929544
26929543
26922206
26915173
26889363
26798908
26793840
26793287
26757636
26757632
26753662
26752885
26752880
26752879
26752876
26752875
26742405
26730341
26727845
26727151
26727150
26722570
26722424
26720955
26720952
26720949
26720948
26714346
26714343
26714341
26692872
26688946
26688944
26688939
26688938
26688937
26685476
26685471
26685470
26682147
26681870
26681858
26681856
26681855
26681851
26681849
26681848
26665904
26665551
26648837
26647945
26647944
26647943
26647941
26647938
26647935
26647929
26647926
26644760
26644758
26644753
26638294
26638293
26638279
26629551
26624172
26620032
26620029
26608487
26600719
26598205
26598199
26598198
26598197
26598195
26598186
26598185
26598184
26594731
26594688
26589697
26589693
26584166
26581463
26581461
26581459
26581458
26576258
26576254
26576253
26576164
26576163
26571287
26568934
26568933
26568929
26568926
26560829
26560825
26560822
26560818
26557638
26557631
26557629
26557628
26557624
26557622
26557621
26557617
26557606
26551375
26551371
26551369
26551368
26551365
26551364
26551362
26551361
26550527
26550524
26548169
26543456
26537721
26537718
26535832
26535096
26535095
26535092
26535091
26535089
26530126
26525955
26523145
26523144
26523143
26523141
26523139
26523138
26523136
26520940
26512586
26485387
26485381
26484315
26483368
26483366
26479662
26474128
26474126
26473427
26468864
26468848
26468840
26468839
26468833
26468825
26468788
26465855
26465854
26458157
26450076
26448152
26448151
26448150
26448149
26440617
26432324
26432319
26432316
26432315
26432311
26429686
26429677
26429261
26428472
26427781
26427573
26427572
26427571
26427531
26416752
26412736
26411445
26410417
26409987
26409983
26409982
26409981
26407817
26399690
26389518
26387593
26382724
26381693
26381642
26381637
26381635
26381632
26381631
26381630
26381628
26381627
26365451
26356350
26355173
26355168
26352346
26347938
26346912
26342639
26331384
26324012
26321155
26321063
26319573
26318590
26318522
26315397
26313857
26311004
26307509
26307508
26303655
26300429
26300296
26298608
26298607
26297858
26296719
26294145
26293299
26288163
26287722
26287024
26287023
26283008
26282947
26282565
26280879
26279479
26279451
26278620
26277053
26276370
26276269
26276267
26272225
26263542
26263535
26263534
26263471
26261027
26260975
26260366
26259647
26259646
26255965
26253417
26252400
26246519
26243734
26243590
26240030
26239849
26239166
26235380
26235294
26234624
26234543
26233469
26231301
26231300
26228092
26227883
26220883
26219084
26213268
26212602
26211806
26211702
26211697
26211563
26207429
26205098
26199997
26199319
26193997
26189778
26188325
26187644
26187424
26187106
26187099
26183008
26182854
26178077
26175329
26174809
26171449
26171447
26171446
26171445
26171444
26171443
26170146
26169482
26165864
26163948
26163162
26159213
26153022
26149940
26149320
26148970
26143350
26138115
26134987
26130261
26130234
26120038
26119017
26119015
26117776
26116957
26110452
26097044
26095585
26094897
26094896
26094895
26094742
26091568
26083077
26079473
26078207
26077379
26071174
26066662
26062840
26059761
26058666
26058408
26058360
26050523
26048367
26040300
26032516
26032438
26022542
26022409
26018285
26011444
26010126
26003777
25994486
25979446
25975774
25973927
25970143
25969517
25965323
25963448
25952403
25939637
25939082
25919657
25919191
25912378
25903966
25894249
25894248
25893927
25891936
25883051
25882433
25865147
25851964
25840937
25827352
25808130
25805186
25794795
25788173
25788172
25782429
25780017
25728861
25727076
25715749
25653385
25605572
25594668
25564504
25557585
25556822
25549910
25548144
25536361
25535701
25504772
25495425
25487426
25481921
25452628
25399772
25346154
25314154
25307251
25283786
25269890
25220954
25219296
25195816
25182080
25180473
25076118
25040484
24967609
24939085
24661578
24506733
24373419
24373248
23589404
26558249
26419238
26368580
26421144
26418289
26834924
26664712
26412389
26411543
26408042
26406915
26406597
26406231
26404992
26404802
26404671
26403779
26403154
26783593
26624126
26442715
26404548
26404490
26403525
26403472
26400112
26398909
26624102
26491490
26399283
26388024
26387704
26387549
26400891
26624070
26387645
26385340
26232812
26162549
29567928
26624057
26376974
26376783
26302298
26624046
26376321
26350777
26629151
26628955
26624035
26377892
26369321
26143526
26085578
26624033
26370287
26368937
26368532
26252528
26208039
26361803
26361132
26361121
26401449
26358689
26201082
26165934
26355216
26352985
26350934
32262475
32262469
27551457
26664960
26361425
26346538
26345292
26445663
26382677
26340752
26337291
26336973
26258467
26335205
26335081
26334643
26623853
26473044
26352718
26332042
26328921
26328785
26266571
30247009
29421531
28879272
28590604
28239273
27688409
27688403
27617128
27148381
27148373
27053988
26989760
26980973
26980969
26980960
26942165
26930772
26930771
26930769
26898085
26816470
26816466
26816464
26816463
26816462
26816461
26816456
26816455
26814052
26768642
26759300
26759298
26759295
26759291
26731966
26731965
26731964
26731255
26731253
26731252
26731250
26731249
26731247
26727860
26727859
26672430
26672429
26672420
26672418
26649012
26644721
26644718
26644715
26630866
26630864
26630858
26628855
26628851
26628850
26619556
26617945
26617892
26605143
26604965
26604964
26604963
26604953
26604592
26604591
26604586
26604583
26604576
26604574
26604573
26604571
26604568
26604565
26604546
26604544
26604543
26604541
26604540
26593889
26591622
26591621
26591619
26591251
26591250
26591249
26591247
26587381
26564417
26539397
26539390
26539363
26538744
26535411
26535408
26535407
26535405
26535404
26535403
26531090
26531087
26531083
26531073
26528107
26527840
26522605
26522604
26522603
26522600
26513857
26513856
26513852
26513849
26508905
26508904
26501031
26501026
26501024
26501022
26501019
26501017
26501016
26501015
26501014
26501008
26501007
26501005
26501004
26501001
26500791
26485510
26485508
26484294
26484260
26478621
26457238
26445721
26445719
26445718
26445716
26435635
26435634
26435632
26435630
26435629
26435625
26435624
26435622
26435619
26435616
26435615
26435614
26435613
26435612
26435610
26435609
26435608
26435607
26430310
26430307
26430306
26430305
26430303
26430300
26430299
26430298
26430297
26426618
26418931
26418927
26418926
26418925
26418923
26418922
26418920
26418919
26418918
26418916
26417478
26413577
26400539
26397110
26394349
26394348
26394346
26394340
26389153
26389064
26389062
26389061
26389057
26389056
26389055
26388671
26381850
26375485
26374372
26373422
26370593
26370592
26369494
26369487
26369481
26369480
26367207
26357700
26357699
26357698
26357697
26357693
26355990
26355971
26355720
26355443
26355441
26355440
26355310
26352976
26346787
26340013
26340007
26340006
26336215
26332917
26331514
26331153
26331152
26331147
26331144
26329448
26325656
26325655
26325653
26325652
26325651
26325647
26325645
26325643
26325639
26323815
26323726
26323225
26322990
26321347
26321346
26321344
26321343
26321342
26321341
26321340
26321339
26321334
26317633
26308109
26308108
26303301
26302843
26298779
26297634
26297396
26297390
26296983
26288310
26284420
26283357
26280256
26279517
26279516
26277458
26277455
26277306
26276533
26272815
26270129
26269735
26269207
26268603
26258554
26250454
26250453
26241459
26238529
26237642
26235765
26225093
26225091
26225083
26225081
26225071
26225068
26225052
26219350
26211687
26211565
26208822
26208593
26205383
26204955
26204247
26199896
26196586
26187532
26187427
26187423
26187422
26186262
26179280
26178803
26175085
26168964
26165761
26164798
26164359
26163982
26163163
26159386
26159384
26159383
26159085
26154397
26154396
26151458
26150229
26149319
26149318
26149210
26149065
26149064
26147041
26146798
26144910
26144188
26143609
26142250
26139660
26136503
26134516
26130260
26130259
26130258
26130257
26129875
26126650
26126289
26124220
26124217
26123747
26123735
26123734
26121968
26119635
26118989
26117656
26116843
26116842
26116767
26116491
26116066
26113612
26113426
26111927
26109236
26100754
26100331
26096249
26096248
26094145
26093974
26093471
26093167
26092771
26091625
26081866
26078004
26077930
26077784
26074180
26071100
26071099
26058004
26056997
26056056
26056055
26054452
26051559
26050026
26047799
26044604
26033518
26031548
26026303
26025347
26013073
26013068
26013066
26011111
26011087
26008731
26008113
26004173
26001857
26001492
26001489
26000875
25998186
25985742
25982395
25979191
25971979
25970794
25969131
25963390
25960419
25959417
25958177
25951768
25944709
25943269
25939868
25939799
25934017
25927423
25917931
25913513
25896568
25894638
25889373
25882870
25882481
25882437
25879790
25869241
25846457
25843603
25843448
25818656
25806572
25764044
25741908
25737037
25684459
25641441
25617025
25616849
25613488
25609032
25581751
25575202
25572978
25549960
25547072
25533275
25531734
25529222
25502831
25478739
25472033
25469669
25424714
25417007
25412265
25407534
25393802
25393801
25369448
25369107
25351990
25348471
25346444
25344891
25312697
25312093
25288264
25283817
25266846
25266756
25251773
25243348
25240388
25205560
25200313
25183493
25047069
25040955
25011634
24996929
24975383
24972882
24798293
24735458
24734956
24734890
24673690
24438234
24202189
24164489
23955967
26605214
26329305
26322971
26318868
26318162
26623801
26623800
26345974
26317362
26315197
26315196
26315173
26188506
26313359
26313005
26328020
26328017
26306548
26305577
26240350
26161869
26298769
26297018
26063472
26345953
26343372
26293609
26070558
26368771
26623743
26290565
26287486
26623734
26285033
26257172
26301237
26280008
26550101
26280232
26048072
26025889
26327218
26316747
26275064
26272704
26271869
26339542
26316821
26267797
26267241
26265206
26207764
26195763
26623574
26262646
26252380
26251234
26250323
26300779
26251901
26244500
26243234
26290791
26250294
26241961
26241942
26241480
26238197
26240108
26237310
26233940
26074377
32689746
32689745
32689742
32689729
32689728
28642626
27123022
27123021
27123020
27123019
27123018
27123017
27123014
27066557
26861428
26742389
26742375
26742372
26733027
26733026
26710465
26702669
26665468
26665459
26664433
26622626
26622570
26604629
26604620
26604618
26604611
26604608
26604597
26604596
26596049
26556515
26552249
26552244
26552242
26552234
26552232
26538976
26538974
26538972
26538971
26538970
26538965
26538964
26538959
26538958
26538954
26538952
26538950
26538948
26538947
26538935
26538933
26538931
26538930
26538928
26538923
26538921
26538920
26538918
26538917
26538910
26538909
26538903
26538901
26538899
26538895
26538883
26538873
26538871
26538870
26525008
26525007
26525003
26521329
26485856
26485852
26464559
26464557
26464555
26464550
26464549
26464548
26464542
26464541
26464540
26464539
26464537
26464536
26464535
26464532
26448975
26437507
26437506
26437504
26437502
26437501
26437499
26437498
26437497
26436066
26436065
26436063
26436062
26436061
26436058
26436056
26436055
26436053
26436050
26436046
26436042
26436040
26436038
26436035
26423508
26423506
26423505
26423504
26423503
26423502
26423499
26423497
26410165
26383581
26383579
26383570
26383565
26383563
26375645
26357814
26357540
26339578
26339577
26339525
26339522
26330979
26330976
26330973
26304946
26295068
26295065
26295028
26295027
26295026
26295025
26295020
26277501
26260087
26258176
26254175
26246633
26232842
26232839
26232838
26232837
26232832
26231817
26231816
26227835
26227648
26227644
26227642
26226169
26224680
26221819
26219452
26219449
26218382
26209690
26207683
26202900
26202398
26194572
26183452
26174359
26174195
26173652
26173405
26170354
26168012
26166035
26166033
26165659
26164378
26162716
26160742
26150311
26137917
26129805
26126033
26124219
26119346
26112214
26104576
26104267
26103088
26093821
26093820
26091581
26089531
26087864
26083784
26082290
26081268
26078092
26070801
26066938
26061223
26059551
26057779
26057245
26057086
26057085
26054969
26048687
26048350
26043446
26042622
26042621
26032749
26032493
26032230
26031837
26031807
26031744
26031607
26031301
26028275
26027875
26025490
26025346
26022118
26015159
26015158
26015157
26015152
26014130
26010270
26010264
26004628
26004236
26001858
25997670
25994178
25994177
25991651
25987248
25985743
25985741
25985243
25985057
25985039
25985038
25982064
25981531
25979198
25974717
25972375
25960002
25959972
25958768
25957239
25956606
25956333
25951824
25950886
25940145
25937578
25937180
25936832
25936821
25935081
25933707
25931278
25930095
25924855
25921791
25919343
25917945
25916343
25913610
25913140
25906919
25904340
25892511
25892049
25884664
25882975
25882971
25882584
25879791
25868879
25865138
25865050
25864932
25855572
25850984
25846056
25845956
25845703
25833280
25829018
25820182
25814244
25800500
25797716
25791684
25787690
25787257
25777501
25771955
25754648
25753518
25752246
25731672
25728989
25724123
25724114
25704236
25698302
25684113
25680866
25677164
25663454
25660728
25656813
25645513
25643898
25643867
25630510
25620043
25607588
25586958
25583457
25556905
25545831
25529852
25526933
25522165
25521857
25521774
25491315
25452629
25449609
25432504
25430934
25428783
25425316
25423023
25421565
25414477
25395069
25385684
25330403
25318647
25316494
25311949
25273591
25258106
25251783
25244403
25232860
25213830
25203865
25181641
25163634
25156248
25156123
25140498
25118664
25118662
25105681
25100244
25088120
25060900
25041097
25040653
25037969
24967654
24945089
24917174
24850775
24750306
24720498
24720447
24673473
24574324
24570087
24299552
24295451
24283497
24175964
24175951
24131612
23856344
26573023
26464604
26464594
26312096
26236178
26230519
26230087
26264034
26250264
26246975
26229519
26223254
26106865
26225132
26222384
26330907
26330903
26330902
26216577
26215351
26261434
26216720
26206932
26557279
26201071
26109717
26250196
26168837
25992637
25324463
26664947
26250191
26179739
25911251
25862522
26587266
26379957
26379941
26379925
26379860
26203280
26177465
26177268
26174171
26169066
26102530
26062935
25869156
25827718
26124114
26168274
26010164
26163387
26162755
26793672
26160356
26159983
26159980
26159976
26159975
26013832
25863132
26428882
26250018
26154139
26152209
26011516
26250015
26149439
26146997
26146989
27347555
26143495
24980682
26138142
26137964
25684327
27347549
26106857
28491368
27830136
27830134
27830130
27487599
27390509
27390505
27390502
27180372
27180354
27180353
27180352
27176657
26981462
26958685
26930849
26930847
26930844
26929527
26929524
26929519
26929513
26929511
26905155
26877745
26877742
26877741
26877738
26867399
26851447
26851444
26820001
26819998
26815018
26759506
26721029
26697651
26697649
26697153
26697150
26697146
26601536
26600328
26548149
26539284
26539283
26526069
26511197
26511189
26511188
26511185
26511184
26511177
26511176
26511173
26510215
26506811
26506805
26506748
26493125
26481895
26481894
26481892
26481889
26481888
26481887
26481885
26481880
26470521
26460437
26458629
26434253
26433993
26430417
26430375
26430370
26430367
26430366
26430359
26430356
26417167
26415388
26415385
26415384
26399147
26398518
26398517
26398515
26398511
26398509
26396611
26393229
26393224
26393221
26393219
26393218
26393217
26393214
26393212
26393208
26393207
26393206
26393204
26393201
26393196
26393126
26392730
26392701
26392697
26392695
26392689
26392687
26392683
26379326
26364453
26361868
26359026
26352850
26351553
26349293
26349291
26349288
26349287
26349283
26330945
26330939
26330935
26330933
26330930
26329418
26329414
26329411
26329408
26329406
26329405
26321851
26321850
26321848
26321847
26321846
26321845
26321843
26321838
26321832
26321826
26314608
26314605
26314602
26314600
26314593
26312986
26312982
26312976
26312975
26312974
26312969
26312968
26312233
26312232
26312229
26311945
26290025
26288790
26288630
26288629
26288628
26288626
26288623
26288618
26288494
26287043
26286271
26285346
26283856
26283850
26283849
26283848
26283826
26283819
26283816
26279653
26273452
26267695
26265839
26265806
26262743
26258065
26258064
26252807
26252046
26252040
26252036
26252025
26247444
26247442
26247194
26247188
26247182
26244433
26244432
26243518
26240558
26236126
26233376
26233055
26229951
26229950
26229949
26229948
26229947
26229724
26229709
26229541
26229386
26229383
26229382
26229376
26229375
26229373
26229372
26229371
26229369
26229368
26229366
26229365
26229364
26229363
26229362
26218026
26218021
26218017
26218015
26213546
26213545
26213544
26213543
26213542
26213540
26213539
26213538
26213535
26210543
26180425
26180423
26180422
26180421
26180420
26180415
26180414
26180412
26180411
26180410
26177308
26177118
26177046
26171167
26171010
26167737
26161610
26161609
26161605
26161604
26161602
26161601
26161599
26159690
26156278
26156276
26156275
26156274
26156271
26154725
26154724
26147175
26147172
26147167
26147166
26147165
26147162
26147159
26141045
26141044
26140974
26140973
26140971
26140969
26140968
26140966
26140964
26140963
26133150
26133148
26133146
26133139
26132165
26126654
26126402
26126399
26124040
26124039
26124035
26124033
26124032
26122805
26119439
26114704
26113101
26108582
26101336
26101335
26093681
26086406
26083437
26082386
26079123
26077377
26077283
26076712
26073267
26069139
26053597
26048509
26048502
26043889
26043888
26026222
26021228
26018453
26013667
26008114
26004807
25997114
25994590
25994176
25990864
25990262
25986489
25986333
25982317
25981557
25981121
25980549
25979683
25978976
25971920
25967150
25966734
25966733
25966729
25966724
25966721
25966717
25966716
25964477
25963657
25963587
25963290
25963275
25959537
25958767
25958269
25957654
25957633
25956607
25953721
25946650
25945815
25937179
25936338
25932969
25931323
25931029
25924915
25921332
25918757
25917943
25917855
25913372
25913371
25913251
25911054
25910508
25910507
25905852
25905843
25904140
25903060
25899854
25896261
25894066
25892512
25891660
25891503
25890865
25889171
25887807
25882973
25882972
25882137
25874815
25874811
25874275
25874273
25874271
25874270
25874269
25868799
25864872
25864187
25863405
25862272
25862271
25858817
25858224
25858217
25858212
25858210
25858086
25858085
25858081
25856687
25845614
25843752
25841957
25841347
25840860
25838461
25837532
25823402
25820188
25818585
25817129
25805840
25799535
25794907
25791505
25785835
25773670
25771809
25768680
25766461
25764042
25762359
25760147
25754893
25753858
25753770
25742795
25741579
25711723
25706611
25706185
25703954
25702587
25676552
25672658
25672657
25670149
25662777
25652112
25630427
25626993
25623278
25613141
25602350
25575203
25575198
25566803
25556853
25556760
25522693
25511384
25502686
25500501
25483123
25483122
25467235
25467231
25454274
25432861
25416638
25413008
25411082
25411081
25407346
25399874
25398363
25395347
25391496
25381018
25366872
25363904
25359326
25352470
25347045
25343689
25342283
25330718
25330165
25289654
25275540
25274130
25271954
25264581
25264580
25263283
25242340
25230895
25220099
25208232
25184787
25131644
25131389
25112721
25100025
25098817
25088222
25087922
25058123
25046977
25034768
25027731
24906484
24906483
24890033
24865391
24736944
24684275
24580835
24554452
24502689
24502624
24041299
23782420
26229580
26125565
26123713
26123406
26123284
28793417
26123452
26121551
26121365
26312093
26312091
26312090
26312087
26312084
26131314
26115030
26113007
26112918
25979345
25537657
25214360
26493435
20614582
26249920
26107959
26180510
26157393
26099692
25978122
26092929
26092262
26141737
26124689
26088364
26249879
26124647
26092033
26091039
26086498
26080888
26080886
26083023
26081994
26158368
26077225
26034269
26309512
26309497
26193617
26084001
26075879
26075723
26077530
26072054
26249512
26249509
26249496
26065880
25766480
26082860
26068509
26068221
26066349
30473919
26113818
26061730
26061082
26059796
26009930
28642896
26050968
26155069
26053330
26009538
26601198
26046340
25911094
26249444
26039461
26039066
26082747
26035729
25847151
25625223
25449862
30394454
29391986
28879261
27688397
27688393
27688392
27688391
27066538
26964451
26964450
26964443
26937524
26934774
26934770
26934768
26884781
26884778
26884777
26884774
26884772
26753470
26742662
26677646
26675522
26668706
26592082
26536705
26473272
26434208
26434205
26426181
26373202
26373197
26373031
26373029
26373026
26357807
26351045
26338903
26337097
26337094
26337093
26327899
26323456
26323453
26323450
26323449
26323446
26323445
26323443
26310553
26281263
26281260
26281259
26281255
26273561
26266240
26266237
26266236
26266233
26266231
26266225
26266220
26266219
26266216
26266214
26266213
26266212
26266209
26263604
26263603
26261381
26259159
26259158
26258109
26257918
26230564
26221475
26219182
26201228
26201227
26201225
26201222
26199584
26185065
26173348
26170472
26166658
26166641
26166534
26166531
26166527
26166526
26166518
26166517
26166514
26166513
26166510
26166372
26159128
26159126
26159125
26152162
26147826
26147823
26147822
26147818
26147817
26147816
26147815
26147814
26140174
26131427
26131371
26126345
26126342
26125798
26125002
26124613
26124612
26124611
26124608
26124602
26124601
26124599
26124593
26124590
26123234
26114846
26114802
26114794
26114792
26114781
26109615
26088850
26080241
26080238
26080190
26080184
26080157
26077537
26062866
26062864
26062856
26062855
26062854
26056895
26053922
26052437
26046244
26046109
26046108
26046105
26046102
26039382
26038080
26038078
26038077
26038072
26038069
26034581
26034037
26034036
26034035
26034030
26034029
26032705
26030821
26030286
26030135
26028886
26028864
26028857
26028852
26028844
26028842
26028838
26028831
26028828
26025828
26025824
26022174
26009625
26008224
26005033
26001346
25998653
25998652
25998636
25990488
25990070
25989365
25987389
25987119
25987118
25986707
25986705
25971241
25970318
25959342
25956219
25953138
25951453
25948513
25941677
25935732
25929734
25926391
25923766
25922324
25918876
25916282
25913893
25913418
25913141
25913032
25912776
25911968
25903317
25903115
25900624
25900305
25899668
25899461
25898997
25896909
25895449
25894246
25894245
25894059
25893792
25887279
25882044
25870248
25867992
25867991
25867988
25867987
25867983
25863523
25863407
25863192
25862344
25862278
25862274
25858222
25858215
25857282
25856210
25842099
25841959
25841958
25841068
25837421
25837263
25835514
25835379
25827752
25825576
25824190
25818673
25818586
25818583
25818413
25817607
25813147
25808425
25808297
25808107
25805839
25805107
25800708
25800499
25799538
25799533
25799532
25799446
25796093
25795629
25794918
25794917
25794911
25794469
25792521
25792412
25791572
25791326
25791075
25788171
25788144
25788006
25786565
25783414
25777502
25771845
25771743
25771141
25771031
25770037
25764481
25762594
25762358
25756187
25749377
25749255
25747377
25744033
25743567
25741580
25732403
25732399
25731960
25727340
25720983
25715693
25703104
25693508
25682463
25680956
25677569
25673139
25669657
25659359
25656772
25656749
25656585
25656426
25645735
25645654
25644782
25628221
25622509
25618810
25611323
25604805
25600364
25590652
25588826
25580846
25571947
25567110
25547330
25545698
25528251
25491151
25477128
25441657
25440412
25413439
25409631
25394885
25394607
25388615
25382227
25373857
25370202
25346372
25338736
25329355
25311526
25308210
25304166
25300791
25283822
25280511
25273895
25261399
25257686
25251764
25248949
25248948
25246605
25244626
25219770
25219401
25213661
25182139
25157034
25129839
25113037
25090997
25081278
25080240
25074727
25074651
25073624
25070420
25070115
25069888
25065393
25055992
25046134
25041439
25040655
25040533
25040158
24987870
24980632
24964352
24917276
24863639
24721691
24720375
24712313
24665872
24611985
24383495
24128078
24118914
24112624
23915197
23910497
23879615
23590639
26024917
25998453
26180882
26023920
26021377
26491512
26085795
26020958
26020788
26020735
26018650
26017448
26016804
26016586
26017363
26012584
26010981
26010446
26009883
26002775
26002668
26002091
25998351
25998340
25998337
25992976
26249098
26249092
26078738
25992635
25904691
26161250
26161249
26161247
26161246
25992569
25984952
26221389
26221261
26140062
25978772
25908660
25852070
25732776
32262848
26019808
25987801
25971786
26180895
25970290
26248939
25965704
25962445
26645597
25645903
25955349
25952437
25952435
25950700
26064656
26040542
25987906
25947870
25946126
25946107
25945503
25921530
25938681
25935918
32689739
32689734
32689731
32689723
32689722
32689714
26877735
26877734
26877732
26877730
26877728
26877727
26798901
26604520
26604509
26604505
26556263
26556256
26521528
26473263
26473262
26470580
26470579
26470577
26424979
26379387
26379385
26379383
26379382
26379377
26379374
26379373
26349796
26323128
26316855
26275205
26275203
26275202
26275200
26275196
26275195
26275193
26275192
26275191
26275190
26275189
26275188
26275187
26259396
26258027
26258024
26258022
26257945
26236685
26236683
26236680
26236677
26236676
26236675
26236673
26234010
26229283
26229273
26229271
26229270
26229267
26229266
26229265
26229264
26229229
26221929
26221927
26221926
26219153
26219149
26219147
26219146
26219145
26219142
26200160
26200159
26200156
26200148
26200147
26200145
26200144
26200143
26200142
26191212
26162264
26162263
26162258
26162257
26162256
26162255
26155589
26155588
26155587
26155585
26155583
26155582
26155579
26155578
26155574
26155571
26155569
26155568
26155563
26155554
26155552
26154459
26154458
26154457
26131303
26120344
26097755
26094684
26082055
26082054
26082053
26082052
26069418
26069417
26069414
26069411
26069403
26069401
26069400
26063551
26063550
26062266
26062264
26062261
26053813
26053638
26053637
26037327
26028910
26028909
26028908
26028907
26028906
26028905
26028904
26028903
26028902
26028901
26028900
26028899
26028895
26023539
26019758
26018789
26016931
26009925
26009920
26009919
26009913
26009912
26009909
26009908
26009907
26005471
26005468
26005466
26005309
26005307
26005306
26005305
26005303
26005302
26005301
26005300
26005298
26005296
26005295
25999630
25986362
25984480
25984479
25984478
25984477
25984476
25984475
25984466
25984461
25984308
25984305
25978780
25978779
25977377
25974824
25974822
25974780
25974772
25973996
25968909
25965643
25965640
25965639
25965638
25965635
25955601
25954828
25947844
25945775
25945773
25945771
25945768
25945767
25945766
25945764
25945758
25939576
25935172
25931532
25929712
25929709
25929388
25925652
25925651
25925648
25925522
25919362
25919107
25919104
25919103
25919100
25915674
25913624
25909533
25909531
25909525
25909519
25909518
25904203
25887278
25885067
25882999
25882998
25877835
25864825
25864819
25864818
25855348
25844679
25841311
25841176
25840859
25824118
25824117
25821863
25819755
25818510
25818492
25817728
25817519
25813409
25809317
25808877
25808753
25805041
25804191
25800939
25798549
25797702
25796539
25795182
25794915
25794784
25794688
25792482
25792295
25790422
25773188
25772931
25772928
25772926
25772925
25772920
25772919
25770887
25770038
25767144
25767068
25766471
25766470
25766469
25766468
25765463
25761374
25758457
25757146
25753014
25749544
25749088
25749077
25748833
25748671
25748394
25748208
25747378
25744070
25740856
25739055
25737430
25736551
25736462
25735759
25732402
25731711
25731157
25731155
25728818
25728778
25724115
25723731
25716757
25715379
25711700
25706612
25702859
25702858
25702855
25701467
25701305
25695643
25693510
25688694
25687752
25687364
25684432
25684431
25682532
25681642
25678399
25677640
25677244
25677243
25676181
25673243
25670246
25665859
25662559
25662550
25661714
25659360
25651576
25649297
25645737
25644960
25642461
25640821
25631334
25631100
25628011
25627087
25623918
25612632
25612571
25600658
25600573
25593001
25587973
25556039
25544405
25544297
25535787
25535781
25535780
25531735
25515652
25496849
25489770
25484034
25472711
25431241
25419816
25418079
25405903
25382448
25376536
25367223
25363249
25355393
25329678
25317750
25308796
25303223
25275560
25240922
25230909
25208231
25201083
25187264
25181252
25140669
25126675
25118024
25115995
25115608
25107322
25101910
25098187
25093597
25090135
25073636
25066513
25059640
25045081
25040938
25040605
25040446
25038122
25023567
25007032
24995862
24961535
24942082
24923365
24919127
24916092
24916003
24908421
24902857
24893681
24890861
24889680
24888490
24858234
24850569
24824739
24811085
24766533
24756325
24756324
24718919
24647621
24647465
24617340
24612079
24578013
24532117
24476120
24474548
24433432
24410723
24374984
24357604
23946258
23919598
23406954
26045724
25932039
28955538
28955536
28955534
28955529
25926456
25923705
25923662
32262316
25867796
28642898
25926890
25955051
25908357
26153170
25947789
25901743
25901602
25897685
25788604
25954205
25947775
25931967
25931962
25901311
25895493
25848046
25894078
25865348
25927523
25912074
25882952
25882951
25947756
25885921
25884725
25884249
25770424
25947747
25880908
26131099
25890225
25874547
25665693
25556186
25552649
28642895
25947718
25947717
25893149
25992263
25992262
25992261
25992260
25914554
25867816
25890111
25860513
25859045
25858740
25914649
25888427
25888257
25888182
28642893
25901121
25901120
28788020
25849153
25716785
25901112
25897267
25694539
28352701
25888484
27347553
25947529
25931969
25817015
28407612
27830124
27830122
27299035
27011714
26933781
26929508
26929507
26929505
26929500
26929496
26929493
26685499
26643836
26622286
26622285
26622284
26622280
26622279
26622278
26562980
26535549
26433999
26411094
26384125
26384122
26309429
26281708
26268010
26255426
26242011
26236441
26236440
26236439
26236437
26236434
26236433
26236432
26236431
26210119
26208077
26208075
26208072
26208071
26208070
26208069
26208068
26208066
26208064
26208062
26208061
26204669
26204668
26197691
26197689
26197687
26197686
26197685
26189243
26189240
26189225
26189224
26189223
26175290
26170830
26155350
26155344
26155343
26155341
26155336
26155335
26155331
26131636
26131631
26122245
26122214
26108477
26105069
26097373
26097369
26097368
26097366
26097363
26097362
26097360
26097348
26097346
26097343
26097340
26097338
26097334
26095844
26094361
26094359
26087579
26087576
26087573
26087571
26087570
26083520
26083508
26082578
26082574
26082573
26082572
26082571
26081959
26067739
26067735
26067734
26067733
26067731
26067729
26067728
26067726
26065231
26064624
26040175
26038667
26038666
26038665
26038662
26038661
26038660
26038658
26038656
26038653
26038652
26038650
26038649
26038648
26038647
26038646
26038644
26023665
26023664
26023663
26023661
26023660
26023659
26023657
26023656
26023652
26023650
26023648
26023645
26023640
26023639
26023638
26023637
26023636
26023634
26023632
26023571
26020036
26019414
26019392
26015764
26015761
26015741
26015740
26015737
26015736
26015735
26015732
26015729
26015725
26015721
26015717
26015714
26015700
26015692
26015691
26005263
25987974
25987971
25973402
25973401
25972644
25970866
25969686
25954080
25954079
25954072
25954067
25954064
25954063
25954062
25950167
25950160
25950158
25938161
25938160
25938157
25938155
25938153
25938152
25938151
25938150
25938145
25934259
25932339
25932318
25932315
25932299
25923612
25922824
25922816
25922678
25922676
25919752
25914905
25914824
25912596
25907931
25905539
25901300
25899194
25893223
25891933
25888588
25883515
25883374
25883373
25881387
25881386
25881383
25881380
25881378
25881376
25875626
25875625
25872636
25872635
25872633
25872629
25872628
25872627
25872623
25870833
25865548
25865547
25865541
25865540
25865536
25865534
25865531
25865529
25865528
25864664
25862839
25860198
25859569
25859568
25859080
25858693
25850364
25849469
25846539
25844683
25841940
25840611
25838010
25836347
25836345
25836343
25836341
25836009
25836008
25836006
25836004
25836003
25835800
25831331
25830530
25827599
25822854
25821940
25821938
25819659
25819658
25819654
25817882
25796974
25796500
25795972
25795338
25780878
25777151
25766902
25765190
25764483
25763478
25763410
25758845
25749435
25748492
25744021
25742794
25738181
25738180
25738178
25738176
25735565
25732400
25728888
25728699
25728590
25721219
25715378
25711699
25710953
25710951
25710780
25710508
25706266
25704458
25703791
25703094
25702970
25702968
25702966
25702965
25702606
25701146
25694228
25692329
25691658
25689513
25689092
25689039
25686983
25686963
25686871
25684603
25684434
25684075
25683653
25683058
25683047
25682529
25682528
25676907
25676179
25676178
25674916
25666817
25663479
25663470
25662359
25662150
25659226
25649496
25645398
25644448
25642460
25642458
25641694
25639948
25639826
25631867
25628031
25626357
25625131
25625129
25625128
25625127
25624119
25622882
25621848
25618539
25618005
25617005
25605036
25598235
25597787
25596727
25595467
25595466
25594624
25594373
25594367
25589510
25583553
25583547
25582060
25579498
25576892
25576469
25576207
25575296
25567087
25557987
25544296
25535203
25532478
25529006
25501640
25498127
25496279
25495875
25495508
25494964
25492491
25491176
25490618
25488521
25487564
25475203
25453563
25449314
25448868
25443200
25425231
25425178
25415368
25412991
25409935
25408071
25402976
25401281
25394997
25385711
25385683
25382149
25382089
25373496
25370386
25369587
25367820
25349111
25344266
25339622
25336285
25329495
25326587
25318359
25316610
25311423
25280733
25279665
25268300
25264187
25257824
25255820
25246604
25234710
25220451
25209424
25195611
25161117
25130861
25114124
25108281
25092072
25091364
25086912
25059712
25055747
25055746
25042817
25042364
25039828
25038838
25025289
25023028
25016927
25016580
25001492
24994576
24975940
24975824
24948035
24931599
24912618
24872016
24871690
24862732
24860966
24824304
24824149
24815529
24684380
24666352
24665919
24621203
24504661
24445434
24417614
24383943
24346334
24330326
24326745
24107220
23837613
23837502
23815482
23772806
29567923
26246689
25947505
25941423
25926898
25926896
25870716
25824712
25822595
25821069
25713460
25713449
25848318
25816242
25815730
25886869
25859225
25815123
25812134
25809586
20301384
25947476
25890022
25809429
25656490
25803851
25803849
25803052
25775535
25661192
25625290
25947453
25799112
25771894
25634121
25572920
25504209
25887978
25866668
25795743
25790969
25739410
26331077
25947432
25914509
25795245
25789606
25788311
25597811
25781846
26064213
25719850
25719848
25668322
25576934
25574645
25520333
25515278
25884299
25781837
25768933
25766234
25766196
25766165
25680470
25889043
25879857
25781815
25760343
25887521
25886943
25792853
25756960
25756179
25918690
25781800
25887179
26309592
25652838
25821707
25781791
25743862
25743857
25741691
26019654
25879616
25767406
25739081
25727330
29539480
28989405
28879254
28509984
27840551
27695639
27688385
27688382
27688380
27047106
27012083
26622276
26622273
26622272
26622269
26622267
26519658
26477078
26415337
26349272
26336021
26268034
26263594
26263593
26263592
26263589
26263587
26251657
26211185
26211148
26181394
26120510
26106636
26106635
26106633
26106631
26106630
26101504
26096121
26096116
26096115
26096113
26096111
26096105
26096104
26081861
26058310
26058308
26058305
26058304
26058235
26058231
26057927
26057920
26057916
26057915
26057914
26057913
26057912
26052186
26040103
26040083
26027396
26023296
26018312
26018311
26017649
26015679
26015677
26015672
26015669
26015666
26015662
26012120
25992996
25992993
25992991
25992989
25992985
25992983
25992982
25992338
25992334
25983622
25958472
25954721
25954717
25954713
25954710
25954704
25954701
25954699
25954698
25954697
25954695
25946540
25932891
25928974
25928972
25928968
25913537
25909938
25909936
25909933
25909929
25909927
25909926
25905657
25905656
25905655
25905654
25905653
25905652
25900687
25890334
25888047
25888042
25878686
25878683
25878682
25878681
25878680
25878679
25878674
25878482
25878480
25878474
25878472
25875417
25867700
25861195
25861182
25855272
25848156
25848153
25838706
25838690
25838678
25838677
25838672
25838667
25838661
25837879
25834552
25831110
25831103
25831100
25831096
25830401
25830391
25830386
25829701
25829700
25829699
25829695
25829694
25829692
25829691
25829690
25829689
25829687
25829685
25822746
25822745
25822744
25822309
25822301
25822300
25821383
25821382
25821374
25821373
25821369
25821368
25821367
25821366
25821365
25821360
25808381
25808380
25808378
25807907
25807906
25807904
25807903
25806982
25802885
25802722
25801220
25798416
25798414
25793959
25793955
25793954
25793952
25793948
25793946
25793184
25793183
25792645
25786420
25782626
25776548
25772957
25771826
25767364
25762048
25762047
25762039
25762038
25762037
25759858
25759224
25754714
25753999
25745655
25744094
25744093
25744092
25738342
25738341
25738339
25738337
25738335
25737648
25734292
25734291
25734288
25734287
25734286
25734277
25729236
25729233
25729230
25729027
25729020
25726407
25726403
25726400
25726399
25726398
25726397
25726350
25726343
25726336
25723657
25723568
25723095
25721283
25721281
25721274
25719951
25713981
25708792
25703076
25702034
25698643
25695920
25695556
25693741
25693605
25684096
25682801
25681013
25676889
25666583
25666010
25666006
25666000
25665996
25665995
25665992
25665990
25665914
25665913
25665908
25662544
25662395
25660828
25652795
25644025
25640577
25639287
25637318
25636605
25634139
25627944
25625674
25625673
25623842
25621269
25620077
25617122
25612786
25606583
25604255
25602900
25601717
25601716
25595958
25595564
25595468
25595365
25584989
25582378
25582059
25577457
25576473
25576205
25576203
25576202
25576201
25576200
25575801
25572792
25572724
25568170
25566770
25565165
25557499
25557277
25556352
25547319
25544104
25543902
25542999
25535786
25535204
25530044
25529316
25529004
25526625
25526621
25498832
25498128
25496850
25496129
25495013
25494659
25492887
25492488
25490552
25484336
25480009
25476975
25476972
25467112
25459568
25453564
25449957
25449611
25447500
25447379
25444288
25444285
25444282
25443394
25442980
25433339
25418018
25415250
25415247
25415245
25406168
25402000
25393983
25392981
25388809
25388672
25387697
25386634
25363296
25363236
25363041
25355775
25354445
25332290
25330270
25329426
25327636
25318896
25315641
25304661
25299703
25299387
25294562
25284614
25275960
25275959
25270097
25268039
25263735
25263527
25251411
25216939
25192473
25179716
25136907
25082666
25081021
25073520
25042093
25039919
25032737
25010923
24982260
24978676
24974864
24961627
24949910
24948337
24923583
24917568
24894731
24867231
24863852
24862940
24859380
24859291
24853861
24852334
24852333
24830919
24800728
24786562
24786363
24759997
24737101
24687249
24677170
24659087
24650083
24617329
24602187
24535133
24097924
23852077
23848341
23841567
23533047
23239751
22743854
22186388
32262438
25889967
25725752
25834655
25798052
25901281
25901280
25852735
25781732
25719561
25597812
25881243
25769117
25726814
25714832
25914499
25914498
25914497
25914496
25914495
25914493
25888507
25755926
25671413
25781258
25755636
25706629
25928877
25793113
25886484
25881237
25700510
25694550
25692765
25692466
25686355
25686345
25686344
25686343
25686341
25686335
25686334
25686333
25686332
25686327
25686324
25686323
27323837
25691586
26479140
25758360
25692796
25686433
25686428
25686418
25685769
25932177
25670797
25887855
25763359
25679807
25678658
25729368
25675410
25781092
25881160
25880819
25769017
25713575
25709411
25668209
25576636
25774248
25709410
25662145
25533098
25685034
25651540
25650739
25648385
25651832
25918627
25685025
25673974
32689737
26349253
26309794
26281623
26281613
26185489
26056524
26056522
26056521
26056520
26056519
26056518
26056517
26027255
26000000
25993752
25973109
25908195
25908193
25908191
25906809
25906807
25906804
25906803
25906796
25905056
25872307
25872304
25872302
25872298
25872289
25864243
25859538
25859529
25859528
25859527
25859525
25859524
25859522
25859521
25859520
25859518
25859515
25859111
25859109
25859107
25859106
25859105
25859104
25859103
25859102
25859099
25859098
25858383
25858377
25858375
25858374
25858368
25858367
25858362
25842560
25822640
25822639
25822638
25810850
25810849
25810836
25810833
25810832
25810831
25810821
25810820
25810819
25802917
25802916
25802443
25797983
25741470
25741466
25741465
25741462
25722842
25722838
25720913
25714696
25707348
25695161
25692443
25692435
25671217
25671216
25671215
25671214
25671212
25671211
25671209
25671208
25671207
25669333
25668449
25654424
25650901
25644302
25644300
25644100
25640621
25637209
25637206
25637205
25636561
25636559
25636558
25636556
25636554
25636551
25636550
25625137
25625136
25625135
25625133
25600604
25599122
25587734
25587728
25581485
25579015
25579005
25575868
25565316
25562758
25560992
25558897
25535202
25529787
25529501
25527248
25527246
25523715
25521216
25503613
25503612
25503610
25501684
25500726
25500587
25498834
25498520
25498298
25496455
25494604
25494602
25494601
25492174
25488311
25487985
25487982
25487175
25484024
25483593
25478890
25477312
25476973
25476244
25472523
25463910
25463908
25463907
25462853
25459572
25459569
25458596
25457826
25456564
25455439
25453569
25453567
25449958
25447503
25447296
25444283
25442720
25442250
25441978
25436029
25435135
25434393
25433971
25433969
25432448
25421840
25420453
25407444
25407359
25407056
25407030
25406169
25395122
25385434
25379661
25373699
25371293
25363061
25361608
25360693
25351856
25351433
25345338
25336206
25329008
25327894
25327339
25325708
25323289
25315019
25315018
25311391
25306257
25299600
25299599
25290558
25290282
25287057
25286435
25284468
25283588
25272982
25272977
25269523
25265422
25264808
25263952
25263806
25262672
25256526
25255742
25252593
25245233
25244536
25242100
25236939
25234861
25229181
25216204
25207818
25191671
25191670
25181309
25124888
25124216
25086911
25086030
25074244
25070036
25066428
25041518
25040842
25040592
25015376
25005109
24968792
24960298
24909544
24890015
24881908
24815103
24791962
24754602
24749656
24738784
24724718
24702260
24697590
24697562
24665831
24661364
24661255
24646115
24527752
24510456
24360220
24357555
24346335
24249356
24220847
24149578
24037037
24037036
23990217
23955196
23948945
23946269
23917415
23917414
23917413
23912781
23912780
23884903
23872963
23868367
23828493
23793339
23793337
23780710
23714260
23631704
23573806
23510339
28955528
28955527
28955524
28955523
28955521
26029893
25713636
25713635
25709982
25674168
25674167
25674165
25512380
25685249
25661952
25629995
26090030
25661939
25625704
25622725
25540311
25619900
25614551
25661929
25613348
25609461
25607685
25661623
25604304
25602501
25464410
25487340
25595299
25661602
25661595
25593182
25591783
25591663
25785078
25642191
25612123
25462370
25348240
25187576
25101689
26029325
25661224
25587986
25661220
25661218
25632260
25535375
25583937
25781086
25661024
25661019
25576510
26015843
25660803
25610497
25569806
25325848
25646137
25646134
25560779
25601840
25559722
26019634
25406311
35477219
29911581
29497637
29213944
28962345
28316738
28316701
28316671
28316670
28198707
27683931
27604204
27512646
27501623
27348991
27189500
27182531
27182520
27182518
27139362
27139354
27116860
27116858
27048091
27029099
27029098
27029097
27029094
27029093
27029092
27029090
27029089
27019583
27012061
27012059
27007188
27002702
27002700
27002697
26960824
26953439
26953436
26953428
26953419
26929489
26929486
26929485
26929482
26929480
26892361
26892360
26892358
26892354
26882150
26881201
26879267
26875294
26864488
26856106
26856017
26856016
26856015
26852515
26819783
26817326
26817109
26817100
26799876
26798405
26794053
26794052
26794051
26794050
26790177
26788398
26788379
26788377
26783528
26783475
26779355
26779353
26779352
26775403
26774805
26761199
26759730
26756298
26743279
26738125
26734667
26733753
26733745
26731996
26731995
26731868
26720884
26707046
26707036
26688845
26688616
26679334
26678557
26678429
26678302
26674657
26669549
26669546
26669545
26669544
26668494
26668493
26668492
26668491
26668489
26668488
26668486
26668484
26668481
26668478
26668477
26668476
26668474
26668473
26668461
26666864
26666860
26666857
26666855
26666854
26666850
26665290
26665289
26665288
26664361
26662142
26662138
26657524
26655853
26655396
26655142
26650493
26649207
26637770
26633972
26632241
26632239
26632232
26632231
26632230
26632227
26632223
26632222
26631278
26631270
26630728
26630093
26629557
26629556
26629555
26629554
26625760
26620742
26620511
26618008
26613221
26609260
26603675
26598895
26598846
26597642
26589932
26589931
26589926
26589925
26587296
26587295
26581382
26579317
26579316
26572181
26568893
26564088
26564087
26558267
26558264
26557850
26557651
26557392
26557391
26551881
26548436
26545754
26545753
26545743
26543896
26542828
26538821
26536617
26530071
26530068
26529841
26529840
26529839
26529838
26529837
26529833
26529832
26528061
26523234
26519852
26513918
26513462
26495024
26495020
26491694
26491574
26488347
26486769
26486767
26485903
26485902
26484556
26482430
26470739
26467790
26457322
26457210
26455565
26454805
26451912
26445391
26441483
26438993
26438990
26438985
26437707
26436090
26431415
26431095
26425373
26425372
26421314
26421196
26416319
26413507
26413504
26413357
26413143
26411706
26407114
26406057
26406046
26406043
26406042
26403133
26401748
26400000
26392019
26391730
26390822
26389137
26389136
26389135
26389051
26389050
26389047
26389030
26380371
26370578
26370576
26370574
26370573
26357576
26355892
26355890
26355889
26355885
26355884
26355883
26355882
26355877
26352521
26351659
26351583
26349186
26349127
26349125
26349124
26347779
26347778
26347356
26347256
26347249
26346951
26345692
26345398
26345232
26345152
26343410
26343407
26343406
26343400
26343398
26338228
26337199
26336278
26331177
26328330
26328314
26321752
26317064
26316073
26313351
26313350
26313349
26313348
26313347
26310954
26307325
26306443
26305580
26303311
26299875
26298095
26295061
26290670
26288189
26282351
26281856
26280308
26278523
26273612
26271703
26271701
26271697
26271696
26271695
26270595
26270016
26266059
26266057
26265916
26265420
26262380
26262031
26259385
26257782
26251723
26247516
26245053
26236338
26235722
26235719
26235715
26235714
26235710
26234237
26232741
26229695
26228350
26228178
26225904
26225109
26225106
26225105
26225104
26225102
26225101
26225096
26223396
26219717
26219711
26219704
26216550
26216373
26214120
26201271
26199762
26193215
26193213
26193206
26190735
26190375
26183851
26180644
26176018
26174632
26171256
26171113
26169701
26169494
26169366
26169068
26168687
26167549
26167548
26158079
26155192
26154378
26154376
26154374
26154156
26152623
26150853
26146573
26146501
26145475
26145471
26138030
26136785
26133366
26133014
26124837
26124836
26124834
26124589
26124586
26124585
26124584
26124583
26124581
26124580
26124578
26124577
26124576
26124574
26123783
26119343
26119213
26118030
26118029
26112465
26112288
26111632
26111557
26110926
26106648
26106416
26106050
26097752
26097326
26093668
26090933
26089906
26089585
26085484
26084999
26083091
26083089
26082949
26081783
26079219
26078890
26078889
26078779
26075130
26074983
26073639
26064699
26064698
26063981
26063967
26062279
26062278
26062277
26061990
26061984
26060817
26060587
26059699
26054187
26054186
26054185
26054184
26051152
26050862
26050804
26050800
26041394
26041393
26039909
26039908
26030601
26030599
26022906
26022310
26018784
26016636
26009692
26005451
26005450
26005449
26000973
26000177
25998420
25998233
25996709
25992788
25984559
25973157
25973154
25973147
25970973
25967014
25961624
25961619
25961618
25961617
25961613
25961608
25961607
25961071
25954959
25953567
25953539
25952673
25952294
25951308
25951307
25951306
25949833
25948359
25948146
25948143
25948141
25946637
25943460
25928026
25924601
25918737
25917501
25911826
25909844
25909843
25909842
25909840
25909838
25909836
25909789
25909621
25909614
25909610
25904172
25904167
25901132
25900235
25895964
25892281
25891229
25885024
25884044
25884030
25883816
25882853
25879075
25879053
25878916
25878636
25877088
25876956
25876955
25876953
25876951
25876950
25876949
25876948
25876944
25876943
25876279
25874260
25874258
25874254
25874250
25874248
25874135
25873990
25871415
25866839
25866112
25865057
25864763
25864743
25855887
25853040
25845247
25838950
25838948
25838757
25834603
25834602
25834599
25834598
25834597
25834594
25834591
25834589
25832626
25826513
25826499
25826490
25826142
25823491
25823490
25823488
25823487
25823486
25823483
25823481
25823480
25823479
25822408
25822406
25822405
25822403
25821600
25815384
25815382
25815380
25815011
25813958
25812046
25810930
25810929
25810928
25810677
25810671
25810668
25810662
25810651
25810646
25810631
25810604
25810602
25810598
25810592
25810591
25810589
25810588
25810587
25810422
25807802
25807680
25807670
25807388
25806864
25806820
25804261
25802894
25802850
25802770
25802768
25802529
25800854
25799793
25793129
25792407
25792160
25791762
25789361
25789359
25789358
25789357
25788943
25780850
25779068
25776102
25775925
25773245
25773244
25772193
25767771
25767770
25767769
25767357
25767353
25765577
25765576
25765572
25765571
25765439
25765077
25764962
25764590
25764360
25764197
25760272
25760264
25760263
25760068
25760065
25760064
25756217
25756048
25754056
25749149
25748463
25748460
25748459
25748458
25746204
25745327
25744775
25744201
25741832
25741828
25741826
25741825
25741823
25741712
25741711
25740310
25740308
25740305
25740190
25740169
25740168
25740166
25740163
25740162
25738105
25738099
25738096
25738095
25738094
25738088
25738086
25738081
25738077
25738008
25734716
25734711
25734706
25734705
25734703
25734274
25733141
25727734
25726282
25722895
25721070
25716056
25715038
25713788
25713787
25713739
25713500
25713497
25713495
25713494
25713491
25713488
25713485
25713483
25713482
25713480
25713479
25713478
25713476
25710065
25709974
25709973
25709677
25709673
25709672
25709670
25709668
25709370
25709365
25709364
25709325
25709322
25709321
25709319
25709317
25709316
25709315
25707167
25705526
25705525
25705524
25700369
25699166
25699160
25695099
25693211
25692751
25691902
25685972
25685966
25685843
25685742
25685564
25685563
25685156
25684931
25684930
25684927
25684924
25684922
25684919
25684917
25684916
25684915
25684914
25684913
25684908
25684907
25684906
25684904
25684903
25683930
25677114
25672389
25672388
25672380
25672377
25669303
25669206
25667939
25667916
25667914
25667912
25666446
25665473
25664273
25662268
25661637
25661522
25661315
25661111
25657989
25657985
25657903
25657533
25657532
25657531
25657530
25657529
25657527
25657525
25657524
25657523
25657521
25657518
25656158
25654499
25654162
25651274
25650601
25650268
25649422
25648395
25648254
25640100
25638189
25635961
25634461
25634314
25632517
25632356
25632319
25631228
25629722
25629086
25629078
25628743
25627891
25627890
25627888
25627885
25627883
25627881
25627783
25620834
25618842
25618584
25616299
25615928
25615917
25613259
25610918
25610916
25603486
25598816
25598815
25598813
25598812
25598808
25598807
25598806
25598803
25597561
25594768
25594452
25594451
25594450
25594449
25594287
25592786
25591747
25590507
25590504
25590503
25589486
25588173
25588170
25588169
25578712
25578694
25577010
25577005
25577002
25576553
25574879
25574734
25574733
25574728
25574727
25574726
25574721
25574717
25573146
25572379
25572378
25572376
25572375
25572373
25572372
25572370
25572369
25572367
25572115
25572078
25571967
25569395
25567700
25567334
25565784
25564886
25563244
25562346
25558196
25547143
25547139
25544815
25544813
25544811
25544810
25541099
25539321
25538063
25533080
25533078
25533077
25533073
25533070
25533068
25528675
25527494
25527493
25527492
25526527
25523131
25511361
25511360
25511358
25511350
25511345
25511336
25506645
25506641
25499249
25494963
25492007
25491974
25488417
25488201
25486875
25485685
25483936
25483866
25482731
25482549
25480698
25475768
25468367
25468191
25467239
25466932
25466505
25466328
25466327
25466326
25465485
25464355
25462513
25460398
25459571
25456614
25456612
25455135
25455133
25455132
25455130
25453951
25452797
25452170
25448436
25448007
25447941
25447501
25447367
25446243
25446241
25446240
25446239
25444694
25443306
25443279
25442724
25442722
25442244
25442071
25442070
25439738
25438856
25435946
25434566
25434561
25434560
25434557
25434556
25431804
25431802
25428785
25428587
25427777
25427566
25426703
25420943
25417019
25416867
25415215
25411090
25407512
25401295
25398365
25394850
25394849
25391620
25389004
25388960
25388551
25387860
25387859
25386628
25384405
25376722
25376721
25376720
25375930
25373515
25366221
25365972
25362033
25361678
25359783
25358833
25358260
25358243
25355774
25355767
25351988
25345670
25344336
25344334
25344244
25343709
25342199
25342198
25339421
25339306
25331825
25331781
25327575
25327303
25315442
25311793
25311541
25306873
25306305
25305511
25300890
25300299
25299672
25297114
25290913
25290076
25285904
25284642
25282374
25282274
25281232
25279959
25279797
25279395
25277035
25277033
25274563
25270062
25269524
25266468
25265123
25263651
25262679
25262676
25262674
25262673
25262399
25260155
25258269
25257392
25256698
25255473
25255472
25247779
25245565
25244614
25244419
25237675
25234156
25231362
25220782
25219566
25213319
25209431
25204365
25204203
25201224
25197740
25197739
25197736
25197735
25197732
25197729
25197728
25196049
25195920
25186778
25183251
25181366
25173670
25168384
25136905
25135317
25134732
25132190
25122658
25119560
25119557
25111570
25101489
25100407
25100406
25088190
25077982
25074798
25066217
25060345
25060239
25052502
25047360
25046536
25030187
25027199
25019108
25019104
25005885
24986098
24983272
24975164
24973731
24958628
24945936
24920520
24914429
24905552
24901068
24898221
24885592
24856869
24856826
24828134
24801360
24697574
24697513
24687247
24686385
24673737
24661235
24647789
24646359
24646310
24635978
24628844
24627969
24624387
24612725
24611944
24611911
24605962
24594060
24589728
24579698
24578230
24499137
24495211
24460688
24460665
24433306
24374983
24374982
24341781
24341573
24313325
24313303
24307350
24299114
24299007
24298982
24289301
24267395
24245753
24202697
24107230
24020722
23990107
23899163
23815434
23682930
23660738
23636296
