32102494
31986818
31986811
29976031
17093522
14575040
4096416
4096391
4095738
4086340
4083511
4083154
4082892
4082884
4077871
4077279
4076848
4076514
4074417
4073521
4073519
4063409
4062248
4054622
4051966
4050303
4048149
4044787
4043435
4036262
4034522
4028585
4020397
4019526
4018802
4016160
4014712
4013648
4013637
4012773
4010852
4009114
4009113
4002880
4001126
4001121
4000298
3999097
3996949
3994858
3992153
3991980
3988892
3984454
3982834
3982306
3981113
3980676
3976869
3975936
3974756
3973924
3969820
3968327
3968280
3967276
3966594
3965684
3965257
3937989
3937986
3937979
3937977
3936635
3935552
3935186
3933462
3925694
3922603
3922594
3921012
3918150
3917599
3916997
3916995
3916994
3916288
3916284
3913724
3910149
3906143
3904681
3904060
3903721
3902042
3901982
3901981
3901648
3901379
3901152
3896996
3895415
3894939
3892749
3888889
3888711
3888162
3888161
3887806
3887465
3887357
3886439
3886395
3884247
3883530
3883528
3883389
3883285
3882945
3882939
3882937
3882934
3882933
3882932
3882517
3882474
3882473
3882465
3881955
3881035
3879895
3877100
3875335
3873277
3872796
3871930
3871796
3870419
3870418
3870274
3870232
3870102
3870099
3869944
3869917
3869857
3869779
3869731
3869726
3869714
3869310
3869307
3869306
3869303
3868974
3868971
3868964
3868004
3867993
3867654
3867228
3866521
3866519
3866339
3866338
3866337
3865909
3865641
3865349
3865318
3865308
3865302
3865288
3865286
3865285
3864540
3864539
3864405
3864403
3864402
3864401
3864268
3863558
3863557
3863556
3863552
3863255
3862212
3861540
3861534
3861533
3861146
3861145
3861016
3860996
3860995
3860942
3860570
3860569
3860568
3859944
3859520
3859032
3859028
3859027
3859015
3858954
3858950
3858946
3858707
3857986
3857908
3857905
3857904
3857895
3857890
3857889
3857888
3857886
3857763
3857762
3857739
3857696
3857695
3857438
3857315
3857314
3857132
3857040
3857037
3857036
3857034
3857031
3856591
3856590
3856586
3856552
3856548
3856515
3856409
3856406
3856207
3856028
3856027
3856009
3856006
3856005
3855998
3855961
3855960
3855873
3855871
3855870
3855854
3855841
3855828
3855421
3855416
3855350
3855349
3855346
3855322
3855319
3855318
3855317
3855316
3849274
3847249
3845005
3843070
3841824
3841104
3835111
3833244
3161252
3161249
3157282
3157226
3156736
3156244
3156169
3155593
3011823
3010366
3007247
3006148
2987105
2982263
2979892
2938685
2937234
2936031
2933796
2933016
2932870
2932869
2867529
2865736
2581682
2580855
2579447
2421697
2420670
2419462
2410983
6397215
30025439
6600124
6599768
6599591
6599377
6599375
6599272
6599271
6599239
6599238
6599237
6598793
6598556
6598555
6598554
6598536
6598524
6598190
6598186
6597998
6597997
6597871
6597860
6597677
6597665
6597610
6597540
6597533
6597532
6597362
6597302
6597301
6597189
6597188
6597186
6597136
6597134
6597133
6597132
6597130
6597062
6597057
6597055
6597054
6597053
6596574
6596422
6596073
6595916
6595396
6595289
6595288
6595286
6594934
6594665
6594662
6594652
6544893
6544857
6530300
6528455
6524618
6523035
6522595
6520068
6519889
6512017
6511572
6511570
6511439
6500711
6500709
6499305
6440957
6439766
6439032
6398824
6398823
6398443
6397957
6397956
6396666
6395723
6394737
6392957
6392524
6392515
6392513
6392508
6390290
6389359
6336171
6335490
6241546
6241258
6209316
6152876
6397445
6092732
6518372
6492348
6597649
6504789
6500011
6595012
30025437
18963700
6599321
6599213
6598868
6598780
6598775
6598636
6598635
6598634
6598593
6598229
6597901
6597775
6597637
6597608
6597323
6597239
6596812
6595911
6595844
6595843
6595622
6595621
6595615
6595611
6595382
6595378
6595124
6595118
6594500
6594374
6594371
6594369
6594368
6594360
6594063
6594062
6594061
6593463
6593364
6593363
6593362
6544800
6544794
6526811
6525394
6525017
6517155
6511869
6509399
6508312
6508165
6501591
6399770
6399767
6397347
6395720
6394430
6393775
6393002
6392354
6389611
6389608
6387099
6387096
6387092
6387091
6387089
6387087
6335068
6334975
6242116
6152619
6150007
6097506
6094630
6083526
6493125
6594150
6506049
6597794
6597793
6599470
6599344
6599311
6599125
6599096
6599069
6599068
6599067
6599066
6599064
6599054
6598988
6598768
6598585
6598477
6598036
6597994
6597993
6597957
6597566
6596809
6596792
6596622
6596597
6596555
6596554
6596540
6596418
6596226
6595371
6595179
6595092
6595086
6594851
6594850
6594752
6594520
6594518
6594310
6594285
6594284
6594282
6594281
6594273
6594163
6594161
6593807
6593803
6593673
6593671
6593663
6593454
6593453
6593451
6593449
6593346
6593331
6593330
6593302
6593231
6593158
6593157
6593149
6593148
6593147
6593146
6592978
6592246
6592241
6592201
6592200
6592199
6591877
6541499
6513764
6507471
6504857
6497277
6496914
6495380
6494427
6491489
6491142
6487904
6479278
6478368
6438007
6438004
6436428
6399765
6399709
6399264
6397955
6396877
6396803
6392541
6390563
6389844
6389843
6389840
6389835
6389833
6389831
6389202
6388752
6388751
6388677
6388627
6388017
6387080
6386897
6386896
6386452
6386310
6384301
6384298
6333659
6241088
6150870
6094772
6488021
6471265
6594840
6088018
6594848
6593084
6593079
6482319
24277333
6599140
6598935
6598852
6598425
6598424
6598423
6598420
6598417
6598136
6598130
6597587
6597583
6597575
6596886
6596776
6596645
6596163
6596162
6595332
6595326
6594834
6594819
6594571
6594487
6594484
6594482
6594335
6594334
6594332
6594331
6593975
6593926
6593925
6593906
6593827
6593660
6593423
6593420
6593207
6592346
6592341
6592336
6592331
6592322
6592231
6592230
6592191
6592187
6592186
6592179
6592178
6592152
6592149
6592148
6589277
6589276
6543077
6541880
6516253
6513212
6506203
6496660
6481809
6481447
6463837
6443517
6443503
6443477
6443467
6443420
6441291
6439130
6437235
6437234
6435049
6432696
6399963
6399361
6399269
6398767
6398538
6398209
6396866
6396864
6395404
6388039
6387764
6387028
6384484
6384480
6384475
6384471
6384466
6384276
6384275
6384274
6384053
6332834
6238147
6237239
6207285
6149158
6148415
6095428
6092508
6085800
6591942
6490759
6748829
6746094
6745383
6599134
6598607
6598603
6598602
6598599
6598471
6598171
6598166
6598163
6598162
6596719
6596642
6595813
6595725
6595487
6594809
6594645
6594298
6594023
6592908
6592902
6592520
6592519
6592513
6592505
6592503
6592321
6592317
6591370
6591364
6590876
6590747
6590744
6590606
6590308
6590182
6590180
6590179
6590178
6590177
6590176
6590173
6590172
6589961
6589958
6589957
6589271
6589270
6589268
6589265
6589263
6589244
6541967
6541344
6521070
6487410
6486976
6483451
6483450
6469467
6435455
6434725
6434452
6434451
6432980
6430985
6399019
6388219
6387999
6386115
6384871
6384464
6382384
6381716
6381714
6381701
6381569
6380296
6379038
6379008
6378986
6333116
6235252
6206553
6094519
6090344
6088166
6086734
6515811
6468280
6593570
6566140
6588978
6747677
6747579
6735462
6734939
6734775
6732415
6611361
6599773
6599209
6599206
6599119
6599085
6598828
6598114
6597670
6596710
6596352
6595367
6594546
6593903
6593618
6593617
6593581
6592988
6592350
6592087
6591956
6591955
6591954
6591542
6591418
6591238
6590583
6590581
6590579
6590578
6590415
6590400
6589583
6589582
6589570
6589569
6589568
6589402
6589389
6589382
6589380
6589379
6589293
6589240
6588757
6588755
6588676
6588157
6485043
6485029
6474900
6472151
6470743
6467651
6465840
6465836
6465830
6443706
6443407
6437744
6435835
6433716
6400531
6399506
6399497
6399034
6395388
6395387
6390744
6390001
6385781
6383783
6382690
6381410
6379162
6379161
6379157
6379142
6378984
6376565
6241864
6236266
6236238
6235768
6234341
6205133
6152402
6147751
6146644
6100403
6091800
6086728
6085797
6593569
6590084
6590081
6733520
30041511
30021399
12891036
6747258
6745534
6731411
6728583
6727518
6599581
6599580
6598738
6598107
6598103
6597233
6597092
6596332
6596331
6596180
6596175
6596174
6594948
6594944
6594942
6594214
6593900
6593850
6592900
6592838
6592837
6592659
6592446
6592445
6592439
6592291
6592276
6592270
6592079
6592076
6592074
6591676
6591667
6590986
6590730
6590557
6589740
6589736
6589735
6589734
6589252
6589116
6589115
6589109
6588349
6588344
6588341
6588339
6588196
6588194
6588192
6588078
6588075
6588071
6588038
6588037
6588033
6587785
6587784
6587783
6587781
6535609
6493186
6490324
6475645
6472292
6471780
6467448
6430833
6430831
6430828
6429296
6429216
6399138
6398200
6397865
6393193
6382153
6381588
6381587
6380302
6378506
6378337
6377171
6376781
6376780
6376760
6376372
6376371
6376039
6373913
6332449
6332443
6146940
6593168
6593297
6748685
6592904
6748677
6539500
6742834
6742770
6739113
6739111
6737240
6736396
6735452
6731613
6730615
6726316
6726315
6715977
6715804
6715037
6611611
6609705
6599410
6599294
6599293
6598722
6598721
6598652
6596266
6596218
6596216
6595715
6595141
6595101
6594294
6593871
6592866
6592864
6591442
6591312
6590710
6590708
6590288
6589834
6589819
6589662
6589353
6589352
6588559
6588556
6588187
6588186
6588185
6588177
6588126
6588119
6588062
6587095
6587085
6586081
6586079
6586078
6586076
6585373
6585371
6584474
6584471
6584470
6584469
6584468
6584467
6584464
6539499
6478869
6464393
6443400
6427307
6424176
6396855
6396854
6396853
6396852
6396850
6396849
6393219
6389207
6388991
6387859
6385425
6382152
6381605
6381144
6379996
6379408
6379407
6376740
6376589
6374116
6372492
6368628
6335604
6234386
6231320
6203077
6609747
6715341
6585210
6143565
6727276
6697316
6697311
6238485
6736920
6736313
6736073
6734488
6727612
6724334
6708489
6705352
6611163
6599083
6598618
6597151
6597071
6596772
6595693
6593368
6591635
6591574
6591569
6591487
6591437
6591435
6591264
6591159
6591090
6591088
6591087
6591082
6590446
6590351
6589889
6589199
6588771
6588770
6588769
6588726
6588723
6588720
6588634
6588330
6588207
6587950
6587913
6587912
6587911
6587906
6587069
6587068
6586702
6585921
6585919
6585794
6585543
6585541
6585539
6585538
6585537
6585390
6585221
6585149
6585147
6585146
6584848
6584840
6584833
6584800
6584452
6584451
6584265
6584264
6584263
6571588
6544478
6539401
6431184
6426037
6425475
6399033
6389995
6387671
6382030
6381686
6380140
6378682
6375827
6374111
6374109
6374108
6374103
6373889
6373887
6373412
6373409
6373406
6372063
6368613
6367970
6328400
6242190
6232300
6231863
6231190
6146209
6143857
6089327
6700510
6200480
6325510
6587682
16031034
6742989
6741625
6741623
6731603
6729983
6724453
6721589
6711608
6711518
6707852
6696812
6608711
6597924
6597686
6596682
6596681
6595646
6595590
6595361
6595172
6593193
6593190
6592667
6592435
6591835
6591479
6591478
6591434
6591432
6591257
6591255
6590266
6589370
6589367
6589317
6588615
6587644
6587618
6586550
6586298
6585633
6585622
6585527
6585526
6585521
6585520
6585407
6584824
6584610
6584589
6584446
6584445
6584424
6584400
6584397
6584035
6584034
6584030
6583240
6571438
6474908
6430500
6429909
6429908
6421527
6399515
6395251
6392960
6382873
6375396
6373490
6372961
6372039
6371646
6371097
6371096
6368806
6368804
6368803
6368611
6368404
6368403
6364777
6325377
6323397
6240754
6235568
6234755
6231234
6230542
6230378
6203407
6200812
6152640
6146208
6142065
6089602
6380137
6704715
6538254
6709103
24263748
6711462
6705250
6703335
6692114
6690354
6607936
6607817
6594055
6594052
6593554
6591514
6591253
6591248
6591243
6590441
6590434
6587587
6587585
6587268
6587267
6587265
6586967
6586817
6585913
6585908
6585124
6585121
6585120
6585118
6584499
6584491
6584490
6584488
6583636
6583628
6583626
6583624
6583594
6583294
6583270
6583265
6583262
6583214
6583211
6583065
6583044
6583041
6583038
6582099
6582095
6582094
6562025
6423803
6423802
6422020
6393197
6389450
6369864
6368792
6368791
6367906
6366211
6366204
6365425
6365158
6363518
6328257
6199491
6199489
6199377
6142440
6141783
6694177
6376352
6587676
32111110
30025436
22557401
16031004
6748978
6746188
6736221
6735749
6725296
6721651
6721211
6719530
6711603
6707231
6706839
6703644
6703643
6702411
6702404
6699650
6699604
6699599
6699595
6696390
6695964
6693291
6611549
6611147
6599796
6599795
6599742
6599736
6599734
6599732
6599730
6599724
6599633
6599560
6599555
6599448
6599380
6599259
6599231
6599191
6598750
6598743
6598675
6598662
6598520
6598510
6598507
6598506
6598402
6598368
6598367
6598366
6598364
6598292
6598290
6598286
6598152
6597426
6597220
6597087
6597011
6596981
6596965
6596757
6596756
6596691
6596669
6596668
6596666
6596665
6596656
6596440
6596041
6596037
6595768
6595313
6595278
6595248
6594786
6594784
6594249
6594223
6594106
6594102
6594095
6594094
6594093
6594089
6594088
6594087
6592970
6592967
6592966
6592964
6592773
6592772
6592771
6592252
6592039
6591899
6591896
6591891
6591890
6591885
6591884
6591883
6591879
6591468
6591467
6591465
6591464
6591463
6591461
6591454
6591453
6591452
6591451
6591450
6591449
6591448
6591447
6591446
6591155
6590123
6589986
6589985
6589984
6589983
6589981
6589804
6589803
6589783
6589782
6589679
6589676
6589669
6589216
6588934
6588660
6588603
6588465
6588464
6588460
6587844
6587841
6587840
6587838
6587837
6587836
6587530
6587529
6587528
6587526
6587522
6587518
6586928
6586611
6586214
6586129
6586126
6586124
6586122
6585996
6585055
6584994
6584953
6584727
6584718
6584348
6584346
6584344
6584342
6584308
6584176
6584175
6584053
6583390
6583388
6583372
6583369
6583218
6583215
6583011
6582262
6582261
6582084
6582080
6582078
6582077
6582072
6582071
6581773
6581772
6581769
6581729
6581728
6581724
6580958
6571244
6549281
6549117
6537946
6537499
6536194
6532486
6530387
6528639
6524579
6524176
6523057
6522052
6520882
6520213
6518544
6517502
6516776
6509511
6508283
6507892
6505660
6501562
6501560
6494133
6484944
6483855
6479416
6477412
6472605
6469152
6464637
6463499
6463040
6462288
6441907
6441906
6441168
6441093
6437384
6431952
6427441
6424908
6423238
6423237
6423230
6422767
6420451
6400738
6400695
6400384
6399664
6399621
6399151
6399145
6396623
6396622
6396621
6396620
6396606
6396346
6396310
6395417
6392100
6390770
6390769
6388540
6382234
6382233
6382230
6382229
6381199
6381159
6380847
6380846
6380142
6379823
6378961
6378154
6377732
6375644
6375467
6372146
6368833
6368405
6368275
6368192
6367549
6366196
6366195
6366174
6366164
6364342
6363671
6363480
6363462
6363461
6363460
6336499
6328790
6323943
6319658
6242665
6242664
6242095
6237520
6233816
6233815
6233812
6231085
6229622
6206015
6204728
6204626
6203302
6202285
6197963
6152567
6151748
6148846
6148844
6142767
6140848
6100767
6100704
6098008
6097982
6090332
6084654
