20301532
20301548
20301641
20301462
20301384
29847873
22235492
17219876
16886453
16801086
12905914
12905913
12905912
12818102
12723165
12089756
12089754
11930841
11930836
11912644
11908410
11908399
11908396
11908395
11908394
11908393
11908350
11776537
11776533
11776528
11776526
11725663
11725660
11725659
11625678
11533971
11533954
11396046
11396039
11367190
11360322
11359311
11359308
11359297
11351452
11315410
11315406
11264824
11264817
11220165
11205791
11205748
11199840
11199839
11199838
11195157
11143389
11143363
11080986
10909496
10909495
10909493
10901604
10901603
10888484
10876718
10876714
10865387
10863456
10863397
10863396
10863393
10863392
10863387
10863385
10860033
10860032
10847965
10847959
10847148
10843003
10841456
10829821
10825882
10825881
10825880
10825878
10825874
10825871
10825869
10825868
10825867
10825866
10825865
10825864
10825863
10825862
10825860
10825858
10825857
10825856
10825855
10825854
10825853
10823026
10806952
10806951
10797999
10797998
10770685
10770649
10765794
10759425
10759421
10759417
10759416
10759415
10759412
10759411
10759408
10754381
10752461
10752459
10752453
10752447
10742957
10716658
10709566
10709484
10687085
10686925
10686861
10686860
10686859
10686858
10686857
10686855
10686854
10686839
10665235
10651579
10649945
10649944
10649942
10649941
10642096
10635155
10634581
10631927
10607996
10605277
10605094
10602452
10601984
10593125
10590702
10590700
10582212
10572620
10556850
10551142
10551054
10546418
10546417
10546416
10546415
10546414
10545668
10541797
10538404
10535008
10533397
10533383
10531584
10530273
10530272
10530271
10530270
10530269
10516807
10516806
10515780
10514831
10513037
10490682
10489868
10484719
10483460
10483459
10483454
10483423
10483396
10483395
10481598
10462945
10462837
10453219
10453218
10450640
10450638
10450141
10447472
10445010
10442687
10431345
10431342
10426528
10425933
10420681
10416360
10403906
10399179
10394215
10394211
10391779
10380282
10380281
10378148
10371002
10368613
10368612
10368605
10368597
10360208
10356949
10356945
10356787
10356470
10356469
10356468
10356467
10356466
10356465
10356463
10356460
10356458
10356440
10346527
10337326
10337298
10337295
10337294
10337292
10337289
10337288
10337285
10337267
10337266
10336047
10323160
10323159
10323158
10323156
10323155
10321158
10321156
10321150
10232706
10225008
10224913
10224903
10223890
10220981
10220980
10220979
10220977
10220155
10218059
10218055
10218048
10218000
10212996
10207904
10207899
10204460
10204458
10204457
10204456
10204454
10204453
10204452
10204451
10202475
10200911
10200097
10196835
10196832
10196830
10196828
10196823
10193181
10193180
10100294
10086885
10086882
10086880
10081578
10081573
10081556
10081554
10080325
10079700
10079506
10078043
10077968
10077960
10075150
10075145
10075144
10074754
10074752
10074749
10073277
10071499
10070782
10067765
10065942
10065941
10052770
10052769
10052768
10052767
10052766
10050954
10048676
10048666
10029968
10029967
10029964
10029962
10027482
9987661
9974144
9973768
9973764
9934932
9934425
9933734
9933730
9931361
9929981
9929806
9929805
9929804
9929803
9929801
9929800
9929799
9929798
9929797
9929796
9927089
9927087
9927085
9927076
9924134
9924133
9924132
9923510
9923509
9923507
9923503
9922641
9922614
9922613
9922612
9922611
9922609
9922608
9920267
9919367
9919036
9919032
9918250
9894872
9892778
9892777
9892776
9890607
9890345
9888385
9883862
9878971
9878970
9878962
9878958
9878957
9878955
9878954
9864313
9831784
9831783
9831779
9831777
9831775
9860991
9882480
10065232
9885431
9885429
9928029
9926437
9926429
9914754
9838193
9856562
9853752
29023862
24710990
24393692
17013280
15071642
15071628
15071627
11431829
11431825
11429943
11429938
11372110
11372107
10772572
10752391
10635141
10635138
10635136
10635135
10634094
10596620
10596619
10596616
10557175
10557174
10557172
10557170
10557167
10557166
10518875
10518874
10518873
10518872
10478007
10477981
10477980
10477979
10477975
10477974
10425963
10425962
10425960
10388392
10388391
10388388
10388387
10388386
10339272
10332186
10321175
10321173
10321171
10219179
10219177
10211012
10207301
10204435
10202459
10200708
10196856
10196852
10196850
10196846
10196843
10093067
10074737
10066119
10066110
10066109
10064955
10036826
10023265
10023263
10023261
10023259
10023258
10023257
10023255
10023254
9990811
9990430
9973730
9973728
9973718
9973717
9973709
9973708
9973706
9973705
9972163
9972162
9972161
9972160
9972159
9972158
9972157
9972156
9951181
9951172
9951170
9951164
9951163
9951158
9951157
9951156
9951151
9951150
9951143
9951142
9951141
9951136
9951135
9951134
9950077
9933299
9933296
9932320
9929174
9927932
9927926
9927925
9927924
9927838
9926773
9926772
9926769
9926768
9926766
9926640
9926639
9926633
9924772
9922832
9920355
9920202
9889767
9888229
9888228
9888227
9888226
9883484
9882260
9882082
9881947
9881291
9881285
9879917
9879916
9879915
9879913
9879145
9879141
9877326
9877325
9876457
9876455
9872107
9870536
9869357
9869351
9869284
9869278
9869060
9868739
9868734
9868733
9868732
9868723
9868714
9868421
9868248
9862301
9859877
9858164
9856827
9854984
9854929
9854926
9853970
9853961
9853960
9851354
9851351
9851350
9851348
9846547
9845211
9844210
9844208
9844206
9844200
9841671
9839791
9839786
9839785
9833690
9831624
9830076
9830071
9830070
9830067
9874887
9865523
9879677
9819228
9871987
9804553
29852726
28308496
15551609
15551608
11928464
11774448
11774442
10895636
10895632
10895628
10873294
10873293
10773954
10752466
10752422
10483453
10483409
10483399
10388453
10321141
10321140
10321137
10218032
10218029
10218023
10218022
10218009
10210889
10202466
10200724
10200723
10200722
10200719
10200718
10093559
10093558
10093556
10074591
10029779
10029771
10029763
10029186
10023294
10023221
10023220
10023218
10023216
9972143
9949983
9933969
9921015
9889558
9887383
9884780
9884778
9884775
9883327
9883326
9883324
9883322
9882145
9882144
9881602
9881001
9879711
9879524
9879519
9879518
9875967
9870631
9870533
9866149
9866143
9861434
9858693
9857593
9856887
9855856
9855855
9855853
9855852
9855849
9855831
9855830
9855829
9855827
9855825
9855822
9855821
9855820
9855817
9854359
9854353
9851017
9849746
9848541
9848539
9848534
9848531
9848530
9846907
9846901
9846900
9846803
9846801
9846800
9846798
9846795
9846792
9846398
9846395
9842994
9842132
9842130
9839151
9834954
9832219
9832183
9831964
9830655
9830651
9830648
9830641
9827264
9824032
9823731
9823723
9821507
9821506
9821494
9819268
9818900
9818870
9818572
9814126
9813812
9813810
9813805
9813801
9811224
9811213
9810055
9810053
9810048
9810046
9807534
9806681
9799834
9799826
9799429
9793290
9793289
9793286
9793283
9790559
9784521
9771665
9753686
9795112
9789040
9828497
9802296
9802295
9917857
9774425
9786956
9769173
9769171
9753706
9770538
9762871
9844265
9807913
9715666
11928447
10895619
10895618
10895617
10895615
10895610
10752437
10597163
10597150
10596644
10530104
10478004
10390709
10390707
10388385
10388383
10388382
10388381
10388380
10388377
10388376
10371887
10371886
10371885
10371882
10371880
10211227
10211226
10204429
10204425
10100052
10100050
10093522
10093519
10067173
10023252
10023251
10023248
10023245
10023242
10023239
10023236
10023227
9924222
9923122
9922764
9922762
9922761
9922760
9922759
9893560
9893509
9893508
9893507
9893506
9891659
9891656
9891655
9891654
9891652
9891649
9891648
9891643
9879243
9877298
9876639
9866969
9866968
9866965
9866964
9866962
9866959
9863464
9863458
9863457
9863452
9862149
9860093
9855805
9855804
9855803
9855802
9855801
9855800
9855797
9855796
9848991
9848990
9848984
9848981
9844364
9844358
9842659
9842524
9834852
9834604
9831052
9830570
9828617
9827979
9825786
9825557
9819853
9819681
9819658
9812435
9812433
9812432
9812415
9809680
9809159
9807120
9807119
9807118
9805437
9804195
9802720
9802719
9802712
9802588
9802587
9802586
9802582
9799305
9798239
9798235
9798234
9798233
9798232
9798226
9797057
9797056
9797054
9797052
9797051
9797050
9796784
9796780
9796779
9792125
9792124
9792121
9792119
9791801
9791797
9791789
9791788
9791787
9791786
9791784
9790331
9790330
9790328
9790320
9790098
9787549
9786634
9786421
9786420
9786416
9786335
9786332
9786330
9786328
9786327
9783705
9783543
9776076
9774510
9774509
9774508
9774507
9774506
9774505
9774504
9774503
9774502
9774501
9774500
9774499
9774498
9770107
9770106
9770104
9770103
9766184
9764543
9744996
9742121
9751753
9803027
9779921
9794235
9786690
9740584
9810721
19384366
9785633
9785626
9785625
9771428
29852680
29852667
29539855
28009374
18653159
17294631
17294630
17294627
17294625
15071651
15071650
15071648
15071645
11774665
11774663
11774662
11774661
11774659
11774651
11372115
11372114
11372113
11372111
11186212
10645688
10645687
10645685
10645684
10635132
10635131
10635130
10597159
10597149
10597148
10557190
10557187
10530098
10530094
10530093
10530092
10518906
10497659
10497655
10379269
10379262
10379261
10379260
10376294
10367406
10337279
10320856
10218018
10218016
10218015
10218012
10202499
10202493
10202490
10093548
9972173
9922753
9922751
9922750
9922748
9922747
9922744
9922741
9922736
9893633
9889717
9879235
9879226
9879224
9879219
9879213
9868867
9863449
9863448
9863447
9863337
9861335
9854616
9852801
9845883
9838748
9838747
9838746
9838745
9835751
9835750
9835744
9835742
9830674
9823642
9823142
9823141
9823140
9823139
9823138
9823137
9823136
9823135
9819994
9807154
9807149
9807138
9805530
9803436
9803435
9800047
9799977
9799976
9796158
9796157
9795741
9795737
9795736
9795734
9795732
9795532
9793382
9787897
9785688
9785687
9785685
9783830
9783824
9783820
9783119
9780914
9779553
9779551
9779550
9779548
9779546
9779545
9779544
9779542
9779539
9776040
9776036
9776033
9776032
9776023
9776022
9775645
9775641
9775640
9768431
9768427
9766389
9766122
9766107
9763332
9763329
9763324
9762375
9761565
9761557
9760373
9760370
9760368
9760366
9760359
9759672
9759670
9759668
9759666
9758454
9758405
9758398
9758397
9758396
9758395
9758393
9754753
9754751
9754750
9754749
9754747
9754745
9754744
9754743
9754544
9750322
9749696
9743137
9743131
9743130
9743128
9740307
9740301
9740299
9737726
9736433
9732271
9729835
9729824
9724040
9712779
9712762
9701626
9700485
9693150
9690820
9683833
9729291
9707521
9748632
9714776
9716414
9705210
18286024
9744239
9744237
9744226
29852672
18462045
12693425
12693422
12693419
12294250
11928433
11431820
11431816
11431815
10752412
10752408
10388375
10388373
10388372
10388370
10388369
10388367
10101455
10097020
9927902
9918646
9918644
9918643
9918641
9918640
9918107
9918105
9918104
9918103
9918102
9918101
9918100
9872103
9807135
9807133
9807130
9800019
9800017
9800016
9800013
9796492
9796491
9796490
9796489
9796485
9796484
9796483
9796481
9796480
9794530
9794525
9793398
9781869
9781868
9781862
9781861
9779122
9779121
9777584
9777583
9777507
9777506
9775474
9775473
9775470
9775465
9766837
9765008
9762456
9760211
9759045
9759043
9759022
9759019
9759018
9759016
9759013
9758428
9758426
9758423
9758413
9758050
9758044
9758042
9753824
9753823
9753817
9746843
9742672
9742671
9742670
9742669
9742668
9742667
9742666
9742663
9742661
9741874
9740049
9736409
9736379
9736378
9736375
9736373
9736372
9736370
9736366
9729672
9729670
9729666
9727193
9725571
9722274
9722269
9722266
9722265
9720099
9720098
9720092
9719994
9719993
9719992
9719038
9719037
9719034
9719032
9719031
9719030
9715019
9715010
9715009
9714285
9714279
9714276
9714222
9714220
9713862
9713856
9712476
9712475
9712007
9710833
9710831
9710829
9710828
9710824
9710822
9710817
9710815
9710813
9709838
9709834
9708692
9707326
9703065
9702627
9698177
9685468
9683615
9682618
9680517
9662654
9655803
9655140
9650262
9720108
9720105
9718806
9718804
9718802
9685634
9683217
9716349
9717143
19598716
15348863
12456151
12456149
12132402
11928426
11774640
11774638
10877599
10756876
10756848
10597167
10597162
10596650
10530101
10455562
10379259
10379258
10379255
10379253
10379250
10218064
10218062
10101704
10101700
10101698
10101697
10101696
9863932
9852824
9852808
9823113
9823112
9814087
9813724
9796506
9796504
9796500
9796499
9796498
9796497
9796496
9796494
9796461
9796246
9793334
9791853
9785217
9783301
9783300
9783297
9783296
9780902
9780894
9780892
9780888
9769663
9766174
9760925
9760922
9760919
9759062
9759061
9759057
9759053
9759051
9759000
9758999
9758995
9758992
9758989
9758988
9758986
9740948
9740947
9740942
9740940
9739103
9734047
9730274
9730270
9723119
9722720
9722718
9722717
9722716
9722715
9722712
9722701
9722700
9722695
9722693
9722103
9722099
9722098
9722096
9717564
9714959
9714957
9707281
9706863
9706861
9706860
9706859
9706858
9706854
9706853
9706850
9704565
9704564
9699449
9699448
9699447
9699445
9699443
9699442
9699440
9699439
9699437
9699436
9699435
9699434
9699433
9699432
9699430
9699429
9697239
9697235
9697154
9696257
9696253
9693580
9693578
9693577
9693573
9690258
9690255
9690244
9690243
9690241
9690240
9685773
9685765
9684775
9684770
9684767
9683317
9681684
9680466
9679692
9678704
9674687
9674685
9674684
9674679
9674677
9674676
9674674
9674617
9671938
9663440
9663439
9663438
9663432
9661074
9656186
9656184
9656183
9656176
9656175
9656172
9642793
9636079
9632104
9626246
9619436
9612741
9767795
9665078
9644074
10180958
9693778
9682551
9614124
9656643
9670487
9752033
18273327
18170957
18170956
15490783
15490780
15490779
15490778
15490777
15071688
15071683
15071668
12548908
11928140
11928139
11813755
11813754
11813753
11813752
11813751
11186197
11186196
10597156
10597155
10597154
10597153
10535029
10202517
10202515
10202514
10196798
10196796
10196794
10196793
10097434
10093534
10093527
9922758
9922757
9922755
9922754
9875456
9863425
9863422
9863420
9863419
9823078
9823071
9823070
9796455
9796450
9793228
9793225
9793224
9793223
9793220
9791280
9779114
9779112
9779106
9779103
9779101
9779100
9779099
9779098
9774919
9768068
9759009
9743666
9743655
9728151
9728150
9728147
9728146
9728143
9728138
9728109
9728106
9728104
9728099
9728098
9728096
9728095
9728094
9717587
9717585
9717582
9717581
9717580
9715463
9715040
9711043
9711040
9711038
9711035
9711029
9711025
9709147
9707982
9707981
9707787
9707785
9707783
9707782
9707777
9702636
9702635
9699410
9699406
9699404
9699401
9698698
9698139
9693591
9693590
9693588
9693586
9693582
9693518
9693517
9693397
9691521
9690680
9690293
9689838
9688230
9688225
9688223
9687598
9687119
9687117
9687116
9687115
9687112
9682977
9680909
9680907
9680906
9680903
9680900
9680899
9680764
9678879
9676884
9676475
9676474
9676473
9675581
9672419
9672103
9672102
9672101
9672098
9669601
9669600
9669599
9669594
9669592
9669591
9667487
9667486
9667483
9667481
9667477
9661242
9660340
9658690
9656310
9653505
9651015
9650100
9649174
9649172
9649169
9649168
9649166
9648333
9646370
9645861
9645297
9640033
9638922
9638709
9638708
9638706
9638701
9638388
9637600
9637566
9637184
9637183
9637182
9631618
9631609
9630241
9628503
9627901
9627900
9627896
9627894
9627889
9627886
9624451
9622766
9622764
9622763
9622761
9622760
9622736
9622735
9622674
9592087
9585333
9578406
9570771
9670582
9603523
9630798
21684954
12456159
12214423
12214418
12214415
12214413
12214412
11928423
11928419
11774429
11774423
11774419
10909625
10865342
10528570
10528567
10321166
10321163
10321161
10200490
9863375
9852822
9852819
9796469
9765698
9760938
9759001
9734193
9728119
9728117
9728114
9728113
9720443
9720350
9701750
9696467
9693648
9693545
9693540
9693539
9693529
9693528
9693513
9693512
9693510
9692273
9692059
9689619
9689617
9689615
9684125
9681115
9681114
9681110
9680924
9680923
9677818
9673373
9668993
9668953
9668950
9668948
9668946
9668944
9668943
9667187
9667140
9658801
9655058
9655054
9654799
9650882
9650881
9650880
9650878
9650873
9650870
9650869
9648421
9648418
9646405
9641119
9641116
9641113
9641112
9641111
9641110
9641107
9641106
9639165
9639164
9639157
9639154
9638015
9638002
9635316
9635312
9632253
9631398
9630828
9629613
9623905
9623900
9622638
9619684
9619679
9619672
9616994
9615388
9615230
9613662
9611937
9611936
9611934
9610939
9610812
9608683
9606483
9606395
9605224
9603562
9603560
9601171
9600805
9600804
9600589
9598614
9598613
9598609
9598606
9598265
9597615
9597604
9597601
9597599
9596439
9595994
9590525
9590521
9590340
9576127
9574713
9569590
9569585
9545397
9599554
9604511
9604510
9604503
9572140
9599889
9599880
9569429
9550690
9538010
9650341
28570844
23195765
11908295
11503884
11431810
11431809
10530190
10530123
10200672
10029742
9872080
9861763
9839710
9839709
9839707
9839706
9839700
9800550
9800548
9791221
9779092
9779090
9760932
9729758
9729757
9709642
9699867
9699242
9673569
9672838
9669463
9669461
9669458
9669457
9663121
9663120
9663119
9663103
9663102
9663097
9663095
9663092
9663037
9663036
9656937
9656930
9656849
9655070
9655065
9655063
9651875
9645406
9645404
9645403
9643600
9643598
9643263
9643262
9643259
9641132
9641130
9641128
9641123
9641120
9641105
9641102
9641098
9641097
9641096
9641091
9641090
9641010
9633173
9633163
9630329
9628357
9628251
9623390
9621535
9620568
9619654
9617124
9617078
9615348
9615347
9612989
9612986
9612985
9610854
9610850
9610819
9609380
9609373
9609371
9609142
9604396
9597339
9597338
9595356
9593624
9584914
9584903
9584902
9584893
9579493
9576545
9576324
9576323
9576317
9576315
9574959
9574957
9574956
9574950
9574942
9574941
9573700
9573696
9573695
9571287
9566530
9566397
9566396
9566395
9565284
9565280
9565278
9565276
9565269
9564429
9564428
9564426
9564423
9564422
9564419
9563632
9563358
9563357
9563352
9563351
9558524
9558523
9558522
9558520
9558519
9558517
9558516
9558515
9556061
9554482
9545099
9543868
9543866
9541341
9541339
9539464
9539460
9539457
9537424
9535941
9529355
9529105
9524191
9514327
9513300
9506922
9502813
9581367
9581365
9551814
9697532
9564238
9518568
9530005
9581041
9581040
9623101
9514880
9627971
29852706
15094852
15071704
15071703
15071702
15071701
15071700
15071699
15071695
15071690
12456169
12160246
12160244
12160243
12016838
11928407
11832558
11813717
11813716
11813714
11813713
11813712
11774699
11774696
11774695
11774689
11774685
10965360
10683976
10638853
10623944
10518871
10518870
10518869
10518868
10456145
10202524
10202520
10023202
10023201
9868943
9868942
9868941
9868940
9868939
9868938
9868937
9868936
9868933
9868932
9791616
9791615
9791613
9791212
9754302
9722413
9722412
9722411
9709661
9709660
9709657
9709609
9682777
9680915
9680884
9680883
9680880
9680879
9680878
9667151
9667150
9667149
9663114
9663113
9663107
9663079
9663074
9663072
9656925
9656874
9656871
9645567
9645566
9645552
9643257
9643255
9643254
9643253
9643252
9643251
9643249
9643137
9640812
9638609
9635351
9635350
9632969
9631176
9631173
9617456
9617451
9617449
9617447
9617446
9613358
9599900
9597878
9594477
9594474
9592737
9590951
9590950
9590949
9590948
9590927
9590924
9590922
9586539
9585029
9584466
9584426
9584422
9584416
9582659
9582653
9581413
9581409
9581407
9580329
9579628
9579622
9579621
9579620
9578227
9578226
9577826
9573871
9573795
9573793
9573792
9573790
9569974
9567063
9566190
9566016
9566015
9566014
9566012
9566011
9562158
9558589
9558588
9558587
9558584
9558583
9558582
9558581
9558578
9558551
9558549
9558548
9558544
9558542
9558541
9557963
9555248
9553893
9553891
9553886
9553877
9553876
9550445
9547458
9544841
9544553
9544542
9543196
9543194
9543192
9543191
9542614
9541114
9540314
9540312
9540310
9540307
9540304
9540303
9540091
9540089
9540088
9539671
9539670
9539398
9532952
9532443
9531439
9529888
9529805
9527315
9527313
9527312
9525343
9522939
9521281
9521270
9520113
9518990
9517844
9517729
9517728
9517726
9517721
9517715
9517714
9512163
9496925
9496924
9496922
9496920
9496919
9496918
9496845
9496844
9488378
9487109
9486874
9480892
9467018
9467003
9549917
9549916
9512969
9524373
9524370
12515420
12078187
12078185
12078177
11928391
11249014
10337302
9894134
9852256
9852234
9823087
9823086
9823085
9823083
9823082
9779083
9724938
9722409
9709644
9694015
9675967
9673464
9663030
9663029
9663027
9663026
9656867
9656866
9656858
9643425
9643424
9643247
9643246
9643245
9643243
9643240
9643178
9643177
9643176
9643175
9643171
9641150
9641146
9641141
9641140
9611494
9602297
9602296
9602295
9602294
9602289
9599869
9596144
9593206
9590942
9588962
9588960
9583230
9583223
9583222
9583221
9583220
9583216
9580200
9578261
9578252
9578249
9576602
9576595
9576594
9576591
9573821
9573815
9563594
9560676
9560675
9558768
9558766
9558765
9558764
9558760
9558560
9558557
9555247
9553867
9547977
9547973
9547969
9537736
9537733
9537731
9537730
9537729
9527361
9526927
9526922
9526920
9526919
9526915
9526914
9526911
9526729
9526322
9516018
9513296
9513109
9513107
9513103
9513100
9513099
9513096
9513095
9513093
9511915
9511843
9511839
9511836
9509819
9509817
9507402
9507389
9507096
9506302
9506297
9504864
9503904
9503462
9503459
9503131
9503130
9495618
9495617
9495616
9495612
9495609
9495052
9495050
9489770
9488905
9487212
9484717
9484210
9484204
9474023
9473082
9470050
9468169
9466615
9466597
9465175
9465174
9465170
9461153
9457565
9489217
9489216
9543325
9507070
9468712
9468711
9507054
9469571
9469569
9440677
9425015
9479806
9447228
9450850
9458705
28561411
28561319
28561314
19864782
12818112
12089761
12089760
12089757
11928401
11928397
11928119
11885455
11885454
11774679
11774676
11774674
11774673
11774672
11774671
11774670
11256316
11203281
11203280
11063034
11063033
11063026
11063017
11063012
11063000
11062998
11062996
11062993
11062992
11062988
10959245
10797967
10761246
10761225
10700313
10682562
10681826
10671058
10627138
10530186
10530178
10530177
10530109
10530106
10526987
10526975
10518866
10518865
10518864
10518863
10518859
10518858
10518856
10518854
10518850
10518849
10481376
10432832
10432828
10392706
10371878
10371877
10371876
10371802
10371801
10349026
10321205
10321203
10321199
10321198
10321196
10321194
10321069
10321060
10219125
10219123
10219122
10219121
10219118
10186479
10176195
10093268
10093267
10093266
10067418
10067415
10067407
10065892
9974205
9974203
9972150
9951347
9951346
9929285
9916451
9894318
9893523
9893522
9893519
9893518
9893514
9893512
9889698
9882242
9881182
9867615
9859289
9857605
9857604
9857602
9857544
9857543
9857542
9854331
9850559
9850557
9850555
9841376
9835838
9835837
9835834
9835829
9835828
9835827
9835825
9835824
9835819
9835805
9835804
9833100
9826090
9825222
9825218
9823131
9823127
9823126
9823125
9823124
9823122
9823108
9823103
9819985
9819975
9819974
9805785
9803592
9800555
9800444
9800441
9800373
9791306
9791305
9791304
9791303
9791302
9790007
9790006
9790004
9771051
9769694
9769646
9769645
9768460
9768457
9768456
9760881
9760880
9760879
9759034
9759032
9759029
9759028
9759026
9759023
9752734
9752729
9748889
9745121
9745119
9745114
9745112
9744243
9743649
9743642
9730113
9722459
9722458
9714665
9713177
9713132
9709672
9709598
9703763
9702279
9702087
9701664
9701661
9701660
9701659
9701657
9701656
9695878
9686338
9679346
9679007
9673111
9671997
9671995
9671208
9671205
9671203
9671200
9671198
9671197
9671196
9667171
9667168
9667160
9667159
9664689
9664284
9664208
9656896
9650520
9648029
9646394
9646392
9646388
9646387
9643366
9643365
9643193
9643191
9643190
9643184
9643182
9643181
9643117
9643114
9643102
9643043
9640004
9640000
9633821
9630764
9630763
9612005
9612003
9611476
9611475
9611471
9611470
9610330
9608447
9608443
9603237
9603236
9603233
9602527
9595692
9595687
9594378
9592592
9588996
9588993
9588990
9588986
9587800
9586556
9584595
9582667
9582663
9582662
9582661
9582660
9579590
9578643
9578642
9577988
9577987
9577986
9577984
9577983
9577982
9577981
9577105
9577103
9573441
9569991
9569987
9569984
9568421
9567452
9562666
9559090
9559088
9559086
9559084
9559082
9558594
9558593
9558592
9558591
9558573
9558536
9555584
9554460
9551997
9551474
9546834
9544864
9544862
9544859
9541716
9541266
9541264
9541263
9541262
9541261
9541260
9541256
9541255
9541254
9541252
9541251
9541249
9541245
9541244
9541243
9541238
9541234
9541224
9541223
9541221
9541220
9541219
9541218
9541217
9541215
9541214
9541213
9541211
9541210
9541208
9541207
9541206
9541205
9541204
9541203
9541202
9541201
9541198
9541196
9537933
9533353
9533352
9528265
9528260
9527565
9527561
9527558
9527557
9527556
9527555
9526265
9524973
9524971
9524970
9524969
9524321
9524316
9524146
9519691
9516357
9515204
9513184
9511426
9511412
9509788
9505168
9505053
9505052
9505051
9504422
9502130
9502127
9502125
9502124
9502122
9496790
9496717
9490471
9487871
9487870
9487868
9487867
9487866
9487863
9487862
9487860
9486790
9482573
9482378
9482228
9482021
9482019
9482016
9481701
9481652
9479927
9479924
9479921
9479920
9477017
9477015
9476640
9476222
9474625
9474622
9474621
9474546
9474542
9474539
9474538
9474536
9467782
9467781
9467780
9466029
9458064
9457537
9457024
9457020
9457018
9457017
9452099
9452025
9448356
9448353
9448348
9448210
9443880
9443150
9443146
9442236
9440814
9438572
9438571
9438570
9438568
9438567
9438423
9437403
9437398
9437397
9437395
9422504
9421672
9421670
9384615
