35187394
29182035
29033136
28966048
28499698
28201931
29194830
29067737
31763252
31763250
28318735
31371871
31413838
29194836
29164736
28387992
29143569
29409183
29086473
28857353
28603898
28513973
28545922
30899165
30728688
28913949
28877371
29280304
29235702
29235192
29194841
29143462
29143451
29096547
28872729
28314082
28072486
30761310
30740127
30687294
30666199
30740006
30484175
29271021
29239104
29235196
29179652
29148207
29143388
29086458
29076744
29067787
28985446
28960769
28913893
28876393
28876194
28872730
28513897
28422342
28398648
28398070
28383139
28257161
28122401
28102940
30687755
30693296
30589894
30586444
30586394
35919894
35919893
30675404
30911538
30622506
30586987
30586976
30586973
30571785
30571680
28734941
30566432
30618721
30595651
30647975
30662654
30581684
30581660
30588123
30651731
30533035
30651730
30627455
30627215
30581417
30532171
30627454
30627452
30564514
30564560
30631362
30627456
30631360
30574276
30573164
30344385
29226512
29190002
29168301
29115902
29064132
29034602
29034579
29034531
28948346
28940976
28940721
28804934
28749529
28675452
28467009
30568526
30485338
30485317
30481190
30475892
30475813
30595786
30532720
30498633
32161875
32161872
32161871
32161869
30538524
30519190
30462676
30524303
30581648
30452469
30510407
30505318
30479889
31372210
30547017
30547016
30532599
30439977
30427876
30538874
30538871
30473934
30419075
30425839
30728951
30519116
30519115
30425900
30403725
30403689
30519594
30519570
30519592
30519572
30560219
30515214
30416342
30383870
30383758
29174174
29151395
28792294
28762860
28724342
28716482
28407463
30515223
30464571
30379834
30510576
30397476
30397430
30930622
30505367
30505364
30505361
30498372
30473707
30426009
30352053
31037189
30426003
30374416
30346987
30425473
30425601
30357014
30345150
30410541
30410540
30374339
30364795
30405747
30349216
30345174
30719271
30364277
30308037
30307966
30304007
32161870
30402114
30356779
30300382
30323611
30281623
30281589
30364010
30273413
28651466
28422359
28382497
28277023
28118512
28084028
28076661
30369986
30369985
30369983
30369981
30369978
30369976
30369975
30369971
30369970
30280027
30345384
30275976
31249668
30319507
30319441
30356403
30356347
30283237
31057916
30344607
30288020
30356392
30310776
30288125
30258725
30327736
30381793
30310558
30305820
30222759
30306085
30305964
30305963
30323873
30212528
30212507
30918551
30276206
30254501
30254485
30225172
30254664
30210900
30204811
30214722
30199524
32161874
30192874
30192788
30356436
30271764
30271762
30271761
30271637
30188900
30254767
30233330
30202663
30202657
30214317
32677304
30895124
30484034
30484033
30484028
30191111
30191106
30191105
30126700
30034156
30034155
30034150
30034148
29292230
29285733
29244888
29166417
29156176
29069974
29043461
28750107
28738743
30288183
30245719
30161214
30161197
30210357
30224921
30637069
30197533
30191153
30138435
30133509
30133503
30154673
30210888
30210879
30128210
30186867
30186851
30158875
30110362
30186870
30186883
30123526
30271989
30127647
30135661
30089138
30158980
30131708
30175135
30123713
30228878
30159345
30181819
30154852
30067779
29193676
29166970
29120528
29096522
29091328
28952192
28635381
28633943
30197693
30197692
30197690
30159094
30154862
30083577
30063761
30063742
30154847
30104902
30109236
30065775
30147725
30140238
30048523
30100763
30057719
30044817
30140362
30065871
30083128
32161867
32161866
32161865
32161864
32161863
32161861
32161860
32161859
32161858
30072915
30020943
30035202
30116470
30034639
30104915
30079292
29995895
30042657
30111988
30038607
30073098
30073097
30175083
30035113
30013401
29979786
30123273
30002595
30057608
30057624
29966016
29288402
29273824
29273236
29260393
29258693
29248959
29246654
29243181
29241944
29236177
29195817
29191608
29165026
29156108
29153552
29083939
29067719
29027327
29020731
28902456
28870375
28863873
28823581
28811069
28797516
28744957
28650094
28636235
28553812
28553749
28513894
30069257
30069253
30050700
29988768
29953473
30013503
29967724
30013481
29944661
30034470
30034469
30026853
30034887
35919772
30026988
30026903
29988328
29924818
29162786
30034670
29942694
29955209
29912886
29963074
28869054
29962964
29902243
29963574
29894494
29991948
29900078
29900070
29984233
29984228
29977625
29879125
29977626
29977624
29963507
29963506
29963504
29930866
29922094
29887975
29971106
29971108
29967701
30895111
30895110
30895109
30895105
30895104
29910608
29868298
29868242
29778411
29747810
29618889
29618882
29618876
29287688
29271079
29270902
29264656
29260326
29247820
29243816
29243116
29234957
29224062
29222672
29215153
29214377
29214376
29197101
29195823
29193108
29189950
29185144
29178173
29178166
29177814
29171015
29168574
29159877
29159808
29153746
29153745
29150135
29150134
29126360
29112281
29105779
29042116
29042114
28969915
28969914
28965678
28882408
28870414
28856592
28728750
28720214
28693858
28648551
28392164
29988215
29955609
29988229
29899994
29887738
29881311
29868290
30002934
29896189
29813104
29813088
29872363
29977627
29887803
29977294
29875795
32518621
29951094
29861643
33817083
30046274
29868029
30167058
29888011
29862269
29768437
29861728
29770272
29746489
29904598
29742147
29854385
29853893
29853891
29760828
29734391
29755258
29723283
29770323
30484131
29892536
29765908
29755618
29755616
29282871
29282849
29282560
29278008
29278007
29269149
29248711
29247621
29246529
29244244
29240980
29239260
29236290
29228861
29222009
29216779
29214733
29210172
29196948
29195821
29185146
29161950
29151196
29139209
29127774
29121436
29120096
29119318
29116494
29104032
29103104
29098442
29090391
29080078
29068134
29055115
29034417
28992378
28984027
28981955
28969920
28967409
28965675
28939137
28927924
28927922
28925034
28923548
28923546
28905104
28888415
28888414
28862391
28862373
28862372
28834178
28816569
28799232
28755493
28653464
28618120
28562085
28541917
28504847
28467033
28467020
28398167
28376251
28375575
28345213
28333370
28234550
28196289
28133937
28109162
29910680
29854764
29760825
29760824
29854523
29854483
30637120
30057791
29853894
29853892
29698524
29922275
29694412
29694352
29850498
29850277
29719478
29684028
29713365
29850273
32161876
29849813
29849632
29850534
29849636
29760822
29850282
29850281
29850279
29760738
29755988
29652898
29707538
29695896
29977603
29850278
29849650
29692633
29849637
29707612
29670544
29670510
29850275
29808167
30603545
29808127
29808093
29686495
29686494
29331830
29287980
29285797
29282812
29276977
29265956
29264857
29261013
29257943
29249574
29247624
29244957
29243185
29237131
29235201
29229314
29223315
29218839
29217274
29212394
29210181
29202640
29199884
29196832
29195058
29185832
29182488
29178456
29178381
29170109
29168897
29168573
29166809
29164357
29161991
29161952
29131694
29130776
29130364
29128350
29127605
29126690
29126370
29122040
29113916
29106737
29102600
29094770
29090464
29082806
29063383
29063382
29063381
29047041
29044603
29043507
29038961
29034476
29034443
29032403
29032402
29023846
29023779
29022175
29022128
29019080
28993918
28993900
28990126
28988369
28988345
28975415
28969877
28967403
28944599
28939190
28929419
28928009
28921685
28916466
28914374
28905361
28901812
28898421
28889642
28889479
28886951
28872732
28869174
28857203
28846139
28833998
28833945
28833942
28833877
28833871
28781072
28781070
28771955
28736921
28709677
28709675
28709674
28705683
28703424
28653761
28644527
28620977
28616672
28606421
28542863
28509084
28455694
28218959
29760819
29760818
29760816
29760815
29311428
29279548
29279545
29279544
29109336
29643818
29590166
29590164
29584746
29806037
29796320
29780422
29311501
28797703
29606880
29568536
29561892
29561863
29755526
29615915
29593415
30050627
29743889
29588616
29736185
29543872
29151540
30863662
29670440
29575874
29599929
29721340
29721012
29713351
29253570
29725259
29682226
29682225
29682223
29559836
29518149
29563882
29559974
29687001
29535521
30895090
30895089
30112510
29716699
29623298
29549900
29520374
29512504
29512492
29496206
29478689
29478688
29478682
29477179
29477178
29437508
29395991
29387306
29383000
29382999
29311021
29306776
29306600
29306074
29304428
29304424
29304423
29304422
29301094
29289729
29289728
29289726
29289725
29289709
29289707
29288546
29288505
29287740
29286185
29285853
29285826
29280412
29277045
29275850
29275170
29274621
29274551
29273495
29272761
29266168
29266166
29258875
29257705
29257328
29254818
29254817
29254813
29246495
29243538
29243397
29243281
29238950
29235378
29235198
29229460
29229455
29229453
29224060
29215300
29214669
29210080
29196134
29181858
29175126
29173028
29172020
29171914
29171163
29168276
29165045
29154676
29153985
29153916
29152787
29150947
29150379
29148913
29148912
29140721
29140591
29139168
29138120
29137807
29134781
29131664
29125931
29125909
29108500
29102651
29097091
29086889
29086204
29073362
29058055
29037096
29035686
29032715
29027002
28976000
28972819
28961427
28960775
28954199
28941281
28938029
28930642
28929603
28923271
28921164
28920577
28886353
28881480
28865154
28863882
28862763
28861746
28858418
28857196
28853160
28853154
28846134
28823041
28817739
28812130
28796340
28776096
28756865
28754666
28748298
28741172
28735465
28730455
28721527
28720338
28692128
28691744
28689915
28689907
28689904
28689366
28688217
28688152
28674819
28674741
28669105
28645670
28645664
28643130
28631087
28629657
28623465
28608052
28608051
28589475
28581212
28576612
28516444
28508997
28466124
28439695
28409316
28369866
28361336
28219251
28141539
28093009
32002500
29541265
29541264
29536024
29535557
29108124
29682540
29511693
29854014
29520219
29503582
31516404
29682360
29515974
29670655
29670909
29503619
29765920
29765918
29492400
29491722
29456891
29682091
29619378
29129749
28674276
30363159
29629387
29629380
29515423
29479320
29269708
29472869
29420660
29420616
29552368
29435491
29552361
29467661
29149107
31966245
30983638
29628999
29628998
29487833
29487751
29487646
29482796
29435271
29429515
29390019
29389975
29372045
29351034
29317952
29317951
29313816
29310023
29301114
29301112
29294446
29280239
29277257
29275853
29275849
29273169
29271123
29271058
29270454
29269786
29266485
29265343
29254815
29254814
29253765
29248846
29246490
29246417
29246412
29246411
29242128
29233704
29233703
29233701
29229545
29229457
29229456
29229454
29224185
29223639
29217358
29212665
29208402
29208401
29208400
29208311
29202298
29198851
29196274
29195699
29195698
29195696
29194797
29194796
29194794
29193404
29193355
29193334
29193304
29191622
29190529
29183672
29178189
29175868
29174443
29172125
29172111
29160917
29159806
29153748
29150186
29149622
29148597
29148101
29139559
29139104
29138112
29135387
29134721
29132069
29130610
29130556
29126984
29124833
29115677
29114927
29110535
29106749
29106310
29102601
29095505
29091015
29090475
29086467
29083081
29082773
29079895
29079498
29071367
29068070
29064779
29064762
29063474
29061380
29053907
29046930
29044524
29030280
29017289
28990720
28975773
28972822
28971531
28971358
28965363
28959890
28945493
28944598
28941303
28940725
28940434
28932895
28925509
28918101
28911982
28910570
28895192
28895187
28892649
28892645
28887741
28880993
28880715
28876966
28876472
28872184
28868637
28859924
28853235
28850712
28846469
28845576
28838826
28836329
28834423
28834384
28834249
28834203
28833920
28815661
28807684
28803735
28796346
28782290
28782099
28776953
28762655
28746745
28737282
28736906
28736870
28732220
28727163
28714534
28708278
28708240
28691316
28685949
28682498
28679308
28675449
28667765
28665514
28632967
28631885
28611067
28608463
28585768
28578984
28574578
28573755
28552284
28545870
28544762
28544729
28544259
28537502
28474492
28436148
28393469
28387048
28386989
28349669
28294545
28224639
28079995
29662706
29492176
29492173
29492172
29445368
29410825
29666713
29410771
29176299
29081447
28883300
29456771
29619258
29383285
29269693
29588823
29422870
29370241
29364943
29607223
29599807
29223494
29357356
29111421
30038673
29511365
29581902
29581900
29992059
29410862
29375756
29338011
29568756
29422992
29233684
29160151
29593795
29568766
31294203
29568763
29391778
29376061
29324822
29552035
29410856
29320551
29276154
29515651
29333348
29223396
29607092
29354640
29304177
29379311
29410800
29154086
29362544
29293651
29202483
29199996
35897234
33442127
32595291
32189630
32161855
32161852
32161851
32161850
32094758
31938106
31719312
31719307
31236422
31121585
31074461
31074457
30956715
30956714
30956713
30956512
30938677
30938651
30906931
30821290
30821289
30806262
30787813
30779698
30737934
30737932
30737917
30735324
30724161
30715931
30686852
30677751
30664446
30631027
30631022
30589427
30589425
30589422
30589420
30587693
30587688
30587684
30578519
30574611
30574607
30574606
30574605
30574601
30574600
30574599
30574598
30567067
30564798
30564796
30564794
30559619
30555888
30550231
30542025
30539173
30539172
30534846
30534829
30534828
30534820
30534819
30534818
30534811
30534805
30531165
30531164
30524931
30524930
30520450
30515485
30515483
30515482
30514531
30499472
30484095
30484094
30482330
30464158
30460360
30460359
30460358
30460356
30460352
30449760
30448811
30448789
30443148
30419760
30417895
30394266
30387382
30357705
30357682
30349906
30349905
30349904
30346426
30346425
30346424
30346423
30346417
30346414
30346413
30302441
30302440
30302439
30302438
30295677
30282332
30267488
30264058
30264052
30264051
30264050
30264048
30264046
30264042
30264041
30264040
30255172
30255169
30249934
30249933
30246188
30246187
30246186
30231173
30231171
30224614
30224611
30224610
30222510
30221632
30214998
30210242
30206578
30206577
30206576
30202838
30202833
30199072
30199071
30199069
30199067
30199066
30199063
30199062
30199059
30184545
30176646
30176635
30176630
30175336
30175335
30175334
30175333
30175332
30175331
30173253
30166875
30166864
30152642
30152641
30152635
30152632
30133672
30124460
30122869
30122865
30122864
30122706
30118531
30118529
30118528
30109309
30109299
30109297
30102487
30101950
30101886
30099436
30099423
30085877
30085876
30085874
30085869
30085865
30084472
30080228
30073220
30073219
30073218
30073215
30068836
30058641
30051321
30029078
30027174
30027173
30027172
30027171
30027170
30027169
30027168
30027166
30027164
30027163
30015214
30012243
30006703
29998993
29992940
29992932
29991155
29984369
29971122
29971121
29971119
29971116
29968648
29967904
29967901
29963439
29963436
29963428
29963421
29962426
29962422
29962421
29962418
29951826
29951817
29946578
29940650
29940637
29940630
29937669
29937668
29937667
29937659
29937657
29937656
29937655
29927410
29925716
29925707
29915774
29904752
29902798
29893706
29892902
29888347
29884965
29881831
29881829
29875508
29854991
29848868
29808172
29807361
29806669
29806666
29806655
29805237
29805236
29805235
29805233
29805232
29805230
29802715
29802711
29799531
29796582
29795106
29795102
29795101
29794477
29794475
29794472
29794469
29794453
29794445
29794442
29794439
29794435
29794420
29794419
29791693
29791692
29791689
29791688
29791686
29791685
29791684
29791567
29786703
29786702
29786582
29785163
29783263
29783243
29783212
29780202
29763357
29763356
29763355
29763354
29763345
29756133
29750631
29750630
29750627
29750624
29750621
29743396
29742264
29742262
29742261
29742258
29742252
29742251
29742233
29737816
29736495
29736494
29736493
29736491
29736490
29736489
29736488
29733059
29732025
29732022
29732021
29732019
29732018
29731581
29731572
29723334
29723333
29700503
29698144
29698143
29698140
29698138
29698133
29694336
29692851
29692850
29692848
29692847
29692845
29692844
29692842
29692839
29692835
29692834
29692832
29692831
29692829
29692828
29692827
29692662
29687104
29687103
29687102
29687100
29687098
29687096
29687095
29675517
29675516
29675513
29675512
29675511
29671259
29670719
29670718
29670717
29670715
29670714
29670712
29670708
29669358
29667640
29663824
29662971
29658951
29657539
29657536
29657533
29657521
29657520
29657361
29648890
29629332
29629331
29629330
29629329
29629327
29629323
29629322
29628659
29628658
29628656
29628653
29628650
29628648
29628645
29628644
29628643
29628642
29628641
29628639
29623011
29621968
29610778
29610777
29610776
29608436
29607937
29607848
29607843
29607842
29607841
29607836
29607835
29602920
29602918
29600784
29599599
29599598
29599594
29599592
29599591
29599590
29599589
29599588
29599585
29599582
29599579
29599577
29599576
29590226
29587262
29576580
29576576
29576575
29576572
29576571
29570383
29568179
29568177
29568167
29566393
29563363
29563361
29563360
29556466
29556455
29552531
29550820
29546720
29536400
29535920
29535883
29533942
29533933
29532815
29532813
29513770
29513214
29510412
29507919
29507917
29507916
29507911
29504342
29504339
29504326
29503388
29498025
29497446
29497445
29497444
29497442
29497230
29497229
29495020
29491624
29491620
29491612
29491599
29491596
29489935
29489934
29484311
29482683
29482681
29480863
29478606
29465078
29465070
29465069
29461224
29461222
29460548
29460546
29460541
29460534
29460531
29460530
29460526
29460513
29459909
29459906
29457596
29457156
29456402
29456401
29456397
29456362
29451651
29451649
29451591
29448913
29447754
29446784
29442097
29442096
29442095
29442087
29442085
29441293
29440958
29440948
29439260
29435518
29435517
29430141
29429640
29422320
29422314
29411728
29411720
29408826
29408818
29402871
29402820
29399339
29399313
29399311
29399308
29399304
29393162
29393160
29393150
29393147
29393138
29387665
29380853
29379907
29379906
29379905
29379904
29379903
29379902
29377965
29375860
29374403
29372191
29369168
29368902
29364328
29363677
29363676
29363384
29363361
29358547
29358545
29358544
29358540
29358537
29358536
29358535
29358533
29358530
29358528
29353283
29353276
29345890
29345720
29345719
29345716
29342454
29340353
29340350
29336294
29336261
29335688
29335687
29335686
29335684
29332696
29332114
29330611
29326959
29321998
29321271
29318112
29316570
29314214
29313383
29310817
29304908
29303760
29303756
29303753
29303750
29301123
29298447
29298442
29297186
29296084
29293015
29293013
29293011
29293008
29293007
29292407
29292405
29292330
29291254
29291189
29291188
29291183
29290183
29289955
29289585
29287661
29287659
29287658
29287646
29287640
29287639
29287637
29287156
29284107
29284100
29284097
29280880
29278272
29276776
29276065
29275783
29274159
29274157
29274156
29274153
29274151
29268916
29268681
29267999
29267533
29267531
29260241
29248922
29248835
29246376
29246373
29243037
29241221
29240215
29240213
29240212
29240208
29240205
29240204
29240201
29237613
29237152
29234879
29234742
29234741
29234740
29232675
29232563
29229287
29229147
29224001
29223633
29222809
29215170
29215088
29212087
29210663
29210016
29207377
29205770
29199614
29199458
29199007
29198579
29197078
29194276
29192690
29192686
29191368
29179980
29174527
29174276
29169969
29169968
29166493
29166418
29165074
29165071
29164183
29164182
29160155
29157548
29157547
29157542
29157540
29157461
29155305
29153732
29153730
29152898
29146720
29145527
29145525
29140581
29138812
29136549
29135794
29134232
29130394
29129784
29128587
29127889
29126542
29119879
29105257
29104142
29102860
29102859
29102078
29101548
29100599
29100106
29099236
29090477
29087801
29087797
29087795
29087794
29087793
29087792
29087728
29087001
29079452
29079395
29079267
29079057
29079056
29079055
29079053
29079051
29079049
29079048
29078196
29078109
29077882
29073561
29072859
29066283
29065047
29061356
29061352
29061285
29055692
29053335
29042241
29035723
29034606
29034597
29034567
29033380
29032817
29032574
29032048
29031237
29031235
29029362
29027031
29023695
29022077
29020664
29016236
29016190
28991500
28990017
28987026
28976844
28976842
28976841
28976839
28967191
28960683
28954209
28950429
28949763
28937903
28937898
28937897
28937895
28937894
28937893
28937285
28933802
28921912
28921659
28920187
28917719
28916465
28902422
28902420
28901252
28898732
28895779
28893130
28891594
28891363
28880717
28880116
28871596
28866468
28859236
28855231
28847022
28846464
28846062
28843642
28843052
28833613
28820323
28813618
28802762
28802056
28791733
28782241
28780615
28774851
28772346
28755253
28751076
28744895
28737562
28735678
28735355
28730381
28725453
28710793
28708251
28707582
28707363
28705522
28703848
28692821
28691235
28687960
28681042
28678527
28675812
28664585
28663024
28637223
28631388
28627737
28625664
28625663
28617966
28606420
28599883
28598038
28589472
28578462
28574371
28560502
28554314
28552285
28547570
28547569
28547182
28544269
28536781
28533013
28514517
28514042
28511553
28506655
28506652
28493427
28484851
28478987
28478986
28478985
28478984
28477917
28467618
28461044
28439928
28439906
28436043
28424878
28408197
28390064
28382630
28382465
28365809
28361171
28349219
28342006
28341434
28325624
28321585
28315965
28306162
28276583
28179606
28161532
28129447
28071582
28064379
28035645
27927084
27897123
27876452
27749625
27335316
30393291
29435208
29435207
29435204
29662262
29432502
28833304
29387284
29364797
29289946
29286225
29284491
29284471
29284466
29284463
29404196
29284472
29284459
29284075
29151458
29151456
29093284
28855442
29387281
29229823
29053258
29302588
29302587
29280119
31473720
29295470
29744207
29563402
29275396
29273814
29269898
29269822
29269819
29054963
29292408
20301645
29269370
29263431
29262822
29262818
29262801
29261853
29237859
29164184
29563442
29290842
29260804
29258491
28976357
29465850
29267676
29267675
29267674
29267673
29267663
29267662
29267661
29263490
29255811
29291197
29258172
29246259
29362635
29362633
29362632
29299161
29290692
29248886
29247187
28986373
28924033
28663160
28628822
28623787
29312286
29246931
29308027
29290841
29237585
29237397
29235551
29290839
29245395
29233146
29233132
29233117
29229899
29158384
33445390
33445388
33403352
29563440
29479561
29250467
29232904
29229002
29228963
29227774
29112414
29245402
29232874
29275574
29275570
29232849
29456904
29216199
29216024
29215019
32944708
29270128
29212478
29208045
29208033
29384304
29384297
29381189
29270412
29206139
29207559
29206238
28946603
29354313
29354311
29354308
29354306
29354305
29197365
29195511
33592965
30895080
30895079
30895075
30895074
30895073
30895069
30166905
30112503
30112500
29951284
29937879
29872240
29872235
29872234
29872233
29750237
29750236
29750235
29750232
29691572
29691571
29691570
29691567
29691564
29691562
29691559
29691557
29691555
29691549
29691548
29622836
29611660
29590711
29556170
29553815
29490760
29410756
29410754
29410753
29402113
29390414
29390302
29390266
29384742
29384741
29384739
29384738
29384734
29384732
29383320
29380620
29380615
29380613
29380611
29380610
29379003
29378998
29378994
29378988
29378986
29378985
29378981
29373772
29354592
29354590
29349351
29334438
29334437
29334434
29333785
29333784
29333776
29333774
29333773
29333370
29333324
29333323
29333322
29333321
29315066
29315065
29310359
29299376
29290679
29285154
29285099
29285081
29279826
29279823
29279768
29279767
29279764
29279760
29279759
29275795
29267730
29264895
29257838
29256522
29255663
29251563
29251458
29251456
29251453
29251451
29249988
29249963
29245364
29237826
29233260
29233259
29233258
29229071
29225847
29215321
29209668
29208799
29208797
29208796
29208795
29208794
29208787
29208783
29208213
29201969
29197438
29197436
29197433
29195495
29182217
29173856
29173855
29173854
29173845
29173332
29173331
29169512
29169307
29163730
29159171
29153281
29151368
29147600
29142767
29136362
29136361
29136360
29134672
29130490
29130414
29128199
29128128
29126633
29122568
29115074
29112341
29111130
29111127
29109838
29108751
29103902
29103199
29102331
29097602
29097290
29097121
29091818
29090496
29086346
29081019
29080037
29076127
29074294
29071376
29064632
29063243
29061359
29061358
29061357
29061355
29061351
29055504
29054170
29054166
29054164
29054163
29053486
29052742
29052317
29049951
29043245
29039565
29038632
29034970
29034598
29034467
29033091
29033088
29033085
29033081
29032826
29032821
29032818
29032814
29032813
29030789
29029899
29029752
29027827
29024853
29024833
29024129
29017845
28994462
28993472
28993243
28992601
28992599
28988429
28988324
28988297
28987724
28987488
28987486
28986711
28986294
28982966
28982223
28980498
28978274
28978272
28978271
28977730
28975772
28974160
28968558
28965988
28965772
28965735
28965367
28965356
28965044
28965043
28960766
28958781
28957734
28952139
28950180
28946016
28944914
28942528
28941712
28941585
28939035
28937927
28936551
28934648
28929520
28929249
28928097
28922632
28922571
28922064
28920540
28918361
28917830
28905475
28905412
28905239
28902413
28901023
28898441
28893717
28889194
28888069
28885317
28885113
28884953
28879623
28877343
28875527
28866368
28863884
28859964
28857447
28856707
28853214
28853203
28853166
28846160
28844190
28838911
28838775
28837237
28836000
28833681
28833486
28826984
28825193
28823648
28812320
28806497
28802114
28795622
28789933
28787219
28783421
28782092
28780311
28779530
28776851
28771709
28771388
28762151
28759313
28759304
28759300
28756608
28753104
28753103
28753100
28750777
28748528
28744904
28744845
28742420
28738710
28736971
28733997
28731872
28715096
28699676
28698944
28695365
28691752
28681357
28678645
28672135
28671327
28670783
28670662
28670661
28667754
28666877
28665815
28665047
28649865
28643222
28639142
28635358
28635007
28631283
28631261
28627358
28626888
28626865
28621833
28617953
28603707
28595803
28593565
28590506
28580541
28579206
28577371
28574193
28562183
28556432
28555715
28532521
28526429
28523641
28503725
28503724
28502123
28500667
28498604
28488068
28483532
28478214
28459123
28456369
28449864
28449082
28447324
28437194
28434685
28434681
28434679
28425209
28419716
28394240
28391648
28370361
28361377
28332718
28317085
28303471
28303470
28294354
28283825
28281013
28271438
28265772
28255948
28251432
28246897
28243900
28220366
28214370
28213765
28213764
28196285
28190152
28185091
28184366
28169432
28164329
28164256
28150896
28150188
28133716
28133715
28097666
28092094
28084663
28066993
28066875
27977863
27977860
27977855
27885743
27881577
27817004
27808450
27613222
27568867
27465933
27349936
27307188
26883552
26864601
26855314
29285338
29285328
29285325
29245463
29192292
29192202
29190785
29190740
28847717
28444165
28430887
28402521
28371880
28371800
28340098
29593332
29202047
29187181
29187175
29187169
29186178
28845036
28835597
28652554
28652553
29184103
29183304
29182798
29182683
29181639
29179713
29177754
27861137
29225924
29805776
29178932
29546022
29171531
29171516
28777394
29231913
29170171
29168971
29168780
29245524
29204275
29166384
29162118
32264514
29245891
29209231
29162890
29162139
29160804
29042446
33403332
29563439
29133773
29245561
29150664
29149844
29245570
29245566
29147823
29146851
29145846
29144892
29143221
29143185
29184853
29136013
29199771
29180965
29133923
29132440
29130127
28925550
28858417
28681488
28653808
28581693
28560842
29245612
29134151
29127359
29127354
29126455
29126424
29125139
29123293
28525679
29972947
29972946
29972945
29972944
29972943
29972942
29367877
29123323
29123140
29120400
29299191
29299188
29245625
29117217
29250211
29245637
29184643
29116140
29115979
29115945
29112988
29164121
29116301
29116299
29116295
29107966
28903981
28757248
28899781
29163032
29101144
29099904
33403338
29200956
29096680
31539217
31539216
31539214
31539205
29942329
29551874
29551872
29551865
29492080
29441707
29430105
29430104
29430103
29430102
29430101
29430100
29430099
29430098
29430096
29430095
29430094
29430093
29430091
29430090
29430089
29387623
29387621
29387620
29387618
29387616
29387615
29382002
29381952
29381942
29372093
29364385
29364383
29364380
29364376
29338272
29335048
29302294
29302293
29302292
29302291
29302289
29302286
29302285
29302284
29302283
29302280
29302279
29285475
29285470
29285469
29284986
29284984
29284983
29284981
29284980
29284979
29284978
29284976
29284975
29284973
29284970
29284968
29284964
29284963
29284951
29284948
29284947
29284938
29284935
29284934
29284933
29284932
29284931
29265662
29264873
29256474
29256469
29256464
29256463
29256458
29256457
29256456
29245679
29245671
29238382
29238380
29238379
29238377
29238376
29238375
29238373
29236914
29229892
29228416
29211293
29211292
29211289
29211287
29211282
29211177
29211133
29211131
29211130
29211128
29211127
29209690
29203597
29200617
29187608
29178643
29168555
29152262
29144879
29144878
29144874
29142882
29142880
29142877
29142875
29140389
29140387
29140379
29140378
29140376
29140096
29140093
29139565
29139387
29137685
29136049
29135290
29135272
29129846
29114704
29113208
29110445
29109323
29109320
29109319
29109318
29109316
29109314
29109312
29109310
29109309
29103443
29103440
29103439
29103438
29103437
29103436
29101992
29099514
29099376
29095325
29093140
29092089
29091026
29090126
29090124
29088690
29088179
29086594
29084301
29084294
29063816
29063702
29061661
29059547
29056187
29056186
29056184
29055570
29054564
29053656
29053647
29043866
29040938
29037418
29037413
29031686
29028846
29027879
29027749
29023623
29023622
29023620
29023616
29023615
29023614
29023612
29023610
29023609
29023608
28992362
28987232
28987223
28980726
28976849
28976845
28976843
28975429
28968333
28967495
28967494
28967493
28965773
28958784
28953142
28951035
28951033
28951030
28949371
28941510
28941415
28939217
28938334
28938329
28938202
28935490
28935486
28930927
28922248
28921928
28918172
28917943
28917577
28914656
28906140
28906139
28906138
28899616
28895751
28891350
28886791
28886588
28886584
28886415
28873288
28870493
28866438
28866437
28865352
28865081
28864219
28864218
28864216
28860329
28859965
28858760
28858666
28858630
28857415
28844892
28844614
28843960
28843882
28843745
28841473
28841033
28836281
28832934
28832922
28830832
28826985
28826784
28826290
28823708
28822799
28822567
28822566
28822565
28822564
28818443
28814348
28814141
28810187
28806687
28805103
28802191
28800151
28800146
28799171
28797916
28797747
28797631
28796953
28796952
28795233
28789581
28786488
28776325
28771794
28771697
28768230
28764980
28759118
28756062
28754083
28754080
28754061
28752939
28749607
28744587
28737425
28737274
28736808
28735634
28734648
28734647
28734144
28733180
28732182
28732176
28716472
28689017
28688272
28686090
28685202
28671506
28671505
28670817
28667691
28663019
28662344
28650087
28650075
28644741
28644107
28643450
28635076
28600914
28586637
28567552
28545965
28545871
28544064
28529150
28528359
28525303
28521965
28518181
28516412
28478868
28477918
28464294
28457501
28434556
28431236
28422326
28419588
28407302
28385444
28385435
28385434
28385431
28383147
28374912
28345311
28333394
28317331
28289947
28285465
28271918
28261746
28257608
28251665
28233723
28230896
28218006
28213949
28191679
28188957
28188664
28181074
28176000
28160446
28155241
28155232
28116877
28110408
28110407
28105737
28105705
28105635
28097682
28091877
28091874
28076880
28064349
28058541
28052551
28043087
28032199
28024165
28013437
28000037
27995653
27990766
27990692
27989017
27987307
27987273
27977859
27977857
27921373
27917509
27905856
27887789
27883205
27868346
27868340
27835932
27796174
27778471
27723380
27671372
27641728
27628624
27578273
27549729
27536911
27516354
27495270
27470184
27470072
27324934
27225524
27212001
27146633
27146473
27114100
27113969
27082845
27056058
26953228
26934834
26913579
26842382
26822105
29245688
29245687
29238418
29089549
28954196
29563435
29163479
29154250
29154249
29104942
28893971
29078790
29075032
29075030
29075024
29075023
29074896
29073902
28708217
29308333
29099545
29074952
29073202
29073184
28593924
29070874
29070010
29068404
29245740
29238414
29238413
29114228
29066844
29134027
29061111
29059464
28981868
29049374
29049333
29047351
31966229
29242446
29089900
29075327
29181299
29081672
29039873
29034420
29696112
29104689
28735759
29036910
33403345
29027917
29075192
29023506
29023497
29023402
29021530
29020030
33403344
29067280
29017523
29016613
28994739
28973883
29972940
29972938
29972937
29972934
29972933
29972930
29242465
29226051
29057222
29026519
28990138
28993381
29563433
29070950
29046784
28983077
28982352
28982347
28981473
28965847
28978578
28976936
28974709
28973028
33403333
29114431
29114426
29114425
29114424
28974037
28970489
28969655
28968484
28933666
31473730
31435278
30931752
30931751
30479991
30283883
30169207
30169201
30009265
29682267
29682265
29682261
29682256
29682255
29552046
29503520
29453482
29403236
29403235
29403233
29403232
29403231
29403230
29403229
29403228
29403224
29403223
29354254
29326528
29326522
29326521
29326520
29326518
29326516
29326513
29326512
29326510
29326509
29326505
29326503
29326502
29323082
29308524
29308523
29308519
29308517
29308515
29308512
29308507
29308504
29308371
29307976
29307975
29279679
29279677
29279676
29279673
29279672
29279670
29279667
29279666
29279664
29277139
29275807
29264035
29254292
29252149
29249887
29249883
29249881
29249875
29243442
29225655
29225654
29225653
29225652
29225651
29225650
29225649
29225648
29225642
29225640
29225638
29225637
29225636
29225635
29225633
29208869
29201128
29192641
29192629
29188652
29188643
29188637
29188636
29184839
29184838
29184833
29184831
29184830
29184355
29184351
29178730
29178728
29178727
29178726
29167718
29167715
29167713
29167712
29167709
29167708
29167706
29167705
29142871
29142868
29142862
29142646
29142639
29120830
29119092
29118464
29118278
29098167
29095579
29093988
29093985
29092468
29091225
29090535
29071027
29071026
29071024
29071022
29071021
29071020
29070592
29043715
29042940
29037463
29036235
29034895
29034883
29033530
29033528
29033525
29033524
29033523
29032963
29029754
29017019
28989140
28989132
28989131
28989124
28989123
28989122
28989121
28972385
28972384
28972380
28969388
28969372
28968366
28967334
28967333
28967331
28962734
28962729
28962728
28956355
28956292
28953729
28947040
28945667
28945065
28939062
28934683
28934386
28931169
28929929
28917069
28914255
28914254
28914253
28914252
28914251
28914250
28914245
28914244
28914243
28914241
28914240
28914239
28914238
28913739
28905436
28895852
28895677
28886772
28886769
28886768
28886765
28886764
28886763
28886762
28885316
28883553
28880060
28876475
28876390
28874272
28873702
28869132
28864217
28858553
28858549
28857986
28857279
28850870
28849601
28847448
28842121
28842119
28842116
28841424
28841393
28835673
28835297
28821339
28818444
28815588
28815207
28813629
28813171
28807371
28807370
28806378
28803674
28801830
28800903
28800901
28800285
28796750
28795618
28791801
28791449
28786155
28783411
28781068
28779848
28778671
28777698
28774721
28771897
28766735
28764979
28764948
28764928
28764922
28760510
28760330
28759777
28758301
28758300
28758298
28758296
28758294
28756963
28756961
28756959
28755562
28752654
28745002
28744958
28739318
28736293
28735796
28735795
28735791
28735788
28735787
28735631
28734649
28731540
28731215
28729119
28728965
28728812
28724785
28718921
28717846
28715092
28712864
28712634
28708643
28708461
28707526
28707524
28703361
28701058
28700256
28696512
28688950
28688869
28686984
28684309
28683410
28681947
28681442
28681425
28678588
28678038
28675565
28673496
28671509
28665752
28664577
28656723
28651092
28646693
28645100
28644108
28643883
28643542
28633093
28631376
28631287
28629008
28627071
28627032
28625077
28624073
28623555
28613965
28612428
28612087
28606671
28602035
28599155
28595095
28591659
28589230
28585271
28580654
28576461
28571675
28555928
28547864
28544745
28544700
28544606
28542892
28531377
28526941
28517975
28509420
28503739
28502097
28493438
28492362
28485077
28484913
28453886
28437191
28434170
28425619
28419841
28415132
28393366
28390650
28385442
28376278
28371334
28359871
28349653
28345758
28343677
28343673
28343667
28341059
28339790
28339645
28339612
28339587
28338226
28322603
28315017
28299554
28295540
28279651
28275876
28264542
28216020
28188109
28186670
28176213
28120171
28075506
28074386
28057701
28057443
27943658
27917512
27891629
27870102
27848099
27809348
27809342
27775835
27771189
27699895
27699890
27663724
27659296
27624214
27609586
27531046
27502579
27469422
27327953
27077925
26855068
26848940
29862734
29142657
29133967
29133965
29077365
29076713
28855494
28962660
28962585
28961197
28961175
29019551
28989148
28957439
28957407
28956844
29876043
29876041
29876040
29876037
29876036
29021979
28953899
29088848
28626204
29038700
28966888
28956400
28947757
28947446
33403334
28967084
28937099
28453449
32264177
28983253
28935986
28934368
28931672
28931398
28927393
28926638
28926618
28793769
29181902
29181900
28928197
28898358
29282168
29179398
29179384
29179383
29179382
29179372
29179355
29179353
29081911
29070163
29070160
29070158
29070150
29070149
28966580
28914903
28914597
28879212
28713017
28610838
28574115
29118975
28912533
28910250
28910248
28910246
28906456
28529280
28529279
28979109
28910628
28902892
28955231
28900213
28898247
28955704
28893226
28398004
29972928
29972919
29972918
29972917
29972916
29972914
29016594
29016588
28887721
28887537
28883600
28883582
28883561
28733464
28645686
28883656
28882173
28882136
28751505
28989770
28874149
28704293
28875460
28875278
29041486
28924388
28878823
28864510
28774943
32095463
30895067
30895065
30895064
30895062
30895061
30895060
30895057
30775518
30112499
29657499
29657498
29657496
29657495
29657494
29657492
29657491
29657490
29657489
29657488
29491592
29491590
29491588
29491587
29392075
29391730
29391725
29391724
29391706
29386790
29386789
29386788
29386787
29386786
29386785
29386782
29386781
29386779
29386778
29386777
29386776
29386775
29386773
29296115
29296113
29296111
29296110
29291775
29260097
29254346
29242787
29234185
29225363
29225361
29225358
29217962
29215688
29215687
29215686
29215685
29215682
29215675
29211953
29211951
29211950
29207844
29207838
29207837
29207834
29207830
29207827
29207825
29207824
29207822
29207804
29207763
29201441
29160349
29160346
29160344
29123991
29109749
29109747
29109746
29090252
29085419
29075424
29075422
29075419
29075416
29075413
29075409
29072251
29072247
29072245
29072242
29072222
29072215
29072211
29072208
29069156
29069148
29069144
29069143
29047979
29043973
29043971
29034280
29034277
29034275
29034274
29034272
29026702
29026699
29026696
29026694
29023745
29023743
29020760
28989902
28989901
28989898
28989897
28988413
28976904
28976895
28969735
28962902
28960194
28955676
28953630
28944009
28943223
28942599
28937069
28931134
28925109
28921515
28920970
28915953
28915303
28905422
28904439
28903524
28892317
28888853
28888395
28888390
28888388
28874649
28874648
28874646
28874643
28874642
28874635
28872814
28872812
28872810
28869367
28869364
28865835
28865833
28865829
28865827
28865823
28865811
28864811
28864805
28863923
28863911
28863901
28863107
28862629
28862597
28862596
28862594
28862591
28862590
28862587
28862584
28862470
28862466
28862463
28861395
28861394
28861390
28859335
28859182
28858105
28858097
28856691
28855834
28844309
28844308
28844307
28844305
28829937
28829936
28829935
28829933
28829932
28829930
28829282
28817143
28817142
28817133
28817130
28817127
28814183
28814182
28814181
28814180
28814178
28809378
28809376
28809370
28809367
28806432
28806427
28806426
28803805
28803745
28802784
28801810
28797509
28797468
28797453
28796392
28794908
28794357
28792150
28778728
28778726
28778722
28778508
28778506
28778505
28778504
28778502
28776696
28774432
28766814
28766813
28762889
28761644
28759048
28756962
28756958
28756305
28750108
28749238
28746823
28746727
28744927
28743431
28742283
28738248
28735793
28735790
28735789
28735785
28734697
28734652
28734650
28734567
28734081
28734061
28733184
28732580
28729051
28717298
28717292
28716215
28712639
28712637
28712635
28712633
28712632
28712152
28711375
28708650
28705122
28705081
28698305
28697846
28696515
28689702
28689062
28688735
28686303
28686089
28682159
28681698
28677765
28677222
28674791
28673714
28673555
28673494
28673492
28673491
28673490
28669779
28669366
28666841
28666719
28665779
28665777
28662860
28662859
28662857
28660751
28660421
28657463
28655504
28647157
28644755
28644432
28642160
28642058
28639881
28626923
28624341
28619615
28619442
28617998
28605600
28605019
28602850
28601432
28599961
28598507
28597116
28595321
28594231
28585323
28581920
28581919
28581062
28578891
28577061
28576061
28568745
28568077
28567860
28556346
28555244
28553985
28552610
28549330
28548883
28547659
28547078
28544463
28544201
28543957
28542710
28541372
28535364
28532895
28530449
28529149
28528368
28523954
28521107
28520823
28518183
28517973
28512783
28512757
28501354
28500952
28500951
28500516
28499506
28493179
28489485
28488339
28486144
28485615
28483283
28482240
28481629
28477392
28471265
28467687
28463690
28463085
28460250
28460214
28456015
28453949
28452622
28452621
28448691
28431853
28419470
28414082
28410565
28371361
28369953
28369902
28366225
28361165
28357471
28355311
28343666
28334057
28322505
28306163
28301459
28296983
28271515
28258662
28247574
28244113
28241385
28238949
28238808
28222883
28222879
28222873
28222871
28222868
28222867
28200017
28150395
28129466
28116544
28110563
28003534
28000039
27997982
27981411
27942985
27933446
27928689
27909894
27909893
27900529
27896484
27891570
27882626
27878464
27859616
27837344
27816416
27813257
27776807
27770435
27748991
27706822
27690832
27689773
27684574
27677655
27659165
27612328
27580277
27510957
27492736
27440381
27412520
27402338
27373708
27354261
27151766
27138462
27067228
26869445
29114333
29114332
29048431
28979576
28877288
28860541
28859642
28979575
28875081
28855367
28854934
28854872
28835549
29744192
29563430
29134000
28852039
28850094
28808032
28768847
28902242
28902241
28902236
28894733
28894668
28875069
28845511
28640749
31011038
28979734
28855950
28842603
28841859
28841688
28841658
28840892
28840885
28840875
28902294
28894386
28878869
28837608
28837579
28836989
28861520
28850157
28835631
28832664
28886310
28848692
28830386
28727410
28832717
28828758
28827248
28823063
28701634
28933370
28821826
28816300
28816295
28816293
28816292
28673966
28819809
28819227
28817644
28817589
28792933
28814381
28813496
28768891
28932310
28932309
28811640
28811630
28809907
28807049
28763270
28673939
28527696
28494644
28341376
33429663
28806748
28715040
29242813
28801337
28800116
28798466
28798464
28798450
28798441
28798433
28798430
29445673
28798378
28798243
28797247
28835029
28796200
28792978
28703572
29118590
28792510
28789647
28484131
28787448
28784994
28784097
28763914
28748849
28748848
28824898
28824445
28814900
28785306
28774336
28771175
28768529
28824892
28824450
28768526
28768511
28767676
32689748
30603490
29593936
29416142
29248944
29248943
29248941
29248940
29248938
29226023
29199345
29199342
29199339
29199338
29199335
29199334
29199333
29178706
29178704
29178703
29178702
29178701
29178699
29177109
29118084
29112506
29085574
29068580
29068576
29068572
29062548
29043874
28969296
28969292
28969290
28969289
28969286
28969285
28969284
28969282
28969279
28969278
28969276
28969275
28969274
28969265
28942310
28942297
28936294
28936291
28936288
28936284
28936282
28936281
28919696
28903848
28894837
28891554
28891547
28891540
28891537
28891534
28889220
28881669
28875000
28874997
28874996
28872157
28861284
28855416
28855415
28853516
28853514
28853512
28853509
28853507
28853506
28853504
28853497
28835018
28828227
28822139
28816199
28816193
28816190
28816188
28816185
28812050
28808641
28808640
28808636
28808635
28808633
28808632
28807341
28806115
28800670
28793166
28793083
28791950
28783465
28782348
28781851
28781844
28781792
28780718
28770682
28766808
28766750
28766118
28765462
28765461
28765459
28765443
28764802
28764647
28760288
28760282
28760279
28760267
28758435
28756697
28754185
28749026
28746285
28731896
28721668
28707233
28703299
28699678
28694256
28685976
28684072
28684068
28670780
28666520
28666517
28662880
28662879
28662878
28662875
28653417
28653362
28653350
28653255
28648763
28648489
28648488
28647773
28646265
28645095
28639985
28633435
28628357
28625342
28624873
28621563
28619693
28619207
28618020
28617616
28613920
28610930
28606831
28606668
28606666
28605602
28605598
28605010
28602264
28601552
28601298
28597806
28587978
28580816
28579384
28579157
28578894
28578893
28578892
28578887
28577961
28577492
28573649
28571830
28570001
28569454
28559050
28556911
28556531
28554537
28552911
28547776
28545657
28544215
28541773
28541269
28535361
28534090
28531879
28527851
28526794
28522185
28520089
28516735
28513613
28511117
28508515
28507066
28506888
28504354
28502198
28502196
28498502
28497662
28495047
28489513
28488942
28488772
28483471
28480566
28479221
28478215
28478212
28477838
28477520
28476575
28475963
28467628
28467022
28466494
28466468
28458178
28456557
28451732
28448807
28448806
28445623
28444905
28440741
28440740
28440007
28429394
28428079
28419912
28417452
28401681
28396130
28391087
28388395
28384521
28381879
28371626
28371453
28370372
28370209
28364672
28364294
28364182
28362224
28349629
28342218
28339591
28321876
28321602
28318293
28301678
28296061
28295299
28294694
28288724
28277174
28267927
28266088
28261800
28259599
28256034
28256004
28235162
28213930
28208234
28199821
28177531
28160471
28155025
28125082
28124258
28098743
28089332
28070864
28040681
27996170
27943266
27932407
27862702
27835926
27759906
27704706
27699913
27694577
27684376
27682433
27662605
27662516
27659183
27632716
27614116
27578486
27520405
27477110
27464713
27464525
27458031
27443897
27397867
27392532
27378241
27345332
27333829
27311365
26960967
26849024
26848820
26842672
26789538
26751602
26694786
26449876
28932339
28824895
28814864
28759120
28652523
29955426
28751717
28751671
28750652
28750073
28731486
28531329
28430345
28791172
28747762
28747157
28746380
28746370
28743370
28420831
28367913
28367912
28804748
28785354
28785344
28743239
28739938
28722090
28911219
28003605
33403346
28785226
28729593
28729571
29774228
28746465
28740971
28582892
28804693
28753925
28724930
28724921
28724918
30800804
28944126
28770188
28763882
28716184
28632987
28770190
29122074
29122073
29122069
29122067
28583926
28576771
28476775
28459720
28710361
28709447
28709424
28705206
29089835
28706294
28704414
28703741
28678781
28587902
28828870
28747886
28747872
28704648
28701186
28700601
28502905
28700729
28697775
28697751
28693477
28652366
28769730
28698331
28694471
28692113
28669761
29972904
29972903
28681501
28560844
28560816
28556552
28544578
28509361
28407333
28794810
28773126
28695206
28686194
28684841
28684836
28684832
28748194
28748043
28686853
28625504
28457749
28769724
28695207
28678838
28678155
28677589
29170576
28725642
28690926
28676047
28675391
28674379
28650503
28736605
28736604
28736602
28736601
28678974
28678972
28678967
28672031
28598258
28464487
31473697
31473693
30938638
30938637
30938633
30938631
29456311
29456305
29456302
29456301
29417003
29392220
29386812
29285032
29285031
29285030
29285028
29285027
29264304
29264292
29264288
29264283
29263776
29259367
29259366
29259365
29259362
29259361
29259360
29259359
29255317
29184637
29184634
29184633
29184628
29160404
29160401
29160397
29160395
29123632
29104396
29104395
29104393
29104392
29104389
29104387
29104382
29104380
29104379
29082902
29076680
29071039
29071038
29071036
29060906
29060873
29060751
29060630
29060278
29060174
29042746
29042740
29042739
29042738
29042734
29042732
29042731
29042730
29042728
29042727
29042723
29042722
29042720
29042713
28979075
28979074
28974082
28937389
28936152
28936045
28936043
28936042
28936038
28936037
28932155
28932154
28932151
28932150
28932149
28932147
28932146
28932145
28932143
28932134
28932133
28928782
28928780
28928778
28928776
28914067
28902255
28902250
28902249
28902247
28902245
28893054
28893051
28893042
28893041
28893037
28893034
28893032
28893000
28892888
28877285
28877284
28877278
28871934
28862229
28862223
28855781
28853125
28852640
28852637
28852635
28852634
28852632
28836538
28836536
28836526
28828160
28828158
28828157
28828156
28828150
28828148
28823438
28810984
28808472
28808471
28808469
28808468
28808467
28808461
28808460
28808458
28808455
28808454
28808453
28808452
28808449
28794556
28791979
28791977
28791976
28791970
28775964
28770045
28762355
28762354
28762352
28762351
28762350
28762349
28762348
28762346
28762345
28759394
28759178
28752750
28740037
28735626
28727472
28727466
28727465
28727462
28727461
28725130
28725127
28718463
28718462
28718461
28717636
28717634
28717633
28717632
28713118
28713114
28713113
28713112
28713111
28713110
28713106
28713105
28708920
28708918
28708917
28708912
28703836
28697212
28697205
28691418
28686808
28682704
28682702
28682289
28682288
28682285
28682282
28682281
28682279
28681776
28680811
28680613
28677884
28673576
28671175
28670568
28670520
28665850
28655086
28651770
28651769
28651768
28651765
28651755
28651730
28651721
28651713
28627745
28623801
28622928
28622484
28618434
28609785
28609506
28609499
28606332
28605044
28604089
28595831
28593686
28587727
28586050
28583577
28582305
28582293
28581891
28581500
28578371
28573758
28571829
28571506
28571487
28571484
28570409
28567684
28560054
28558311
28552665
28541393
28538076
28535955
28534987
28531825
28529175
28527853
28527847
28527843
28527841
28527840
28527386
28526445
28526444
28526130
28522186
28521109
28511779
28509954
28506608
28505061
28502649
28501821
28500911
28499493
28497814
28497568
28495045
28489474
28485524
28485089
28483164
28483048
28482598
28482489
28482471
28482246
28481696
28478098
28477996
28476470
28476469
28476468
28476466
28476465
28474783
28472254
28470661
28468833
28467167
28463533
28460543
28457633
28457477
28456556
28454634
28453225
28450228
28450065
28449265
28447407
28446043
28446031
28441274
28432824
28431477
28429956
28426292
28419671
28416316
28416304
28412234
28410008
28409195
28408382
28408148
28402738
28402734
28396001
28394709
28393601
28385430
28384465
28377143
28375708
28375034
28374451
28372881
28370239
28370179
28369662
28366507
28363032
28355939
28350992
28346861
28343980
28338390
28334058
28332866
28332470
28329793
28327437
28325532
28321457
28318312
28318311
28304212
28304210
28301686
28298625
28294706
28294701
28289759
28288390
28285126
28282519
28282516
28282515
28282514
28279824
28279603
28271594
28256775
28249807
28236508
28231032
28225430
28220276
28213907
28206811
28176610
28165289
28157419
28156127
28153756
28153755
28128638
28128634
28125753
28091721
28089334
28073636
28070701
28054437
28028129
28024822
28024820
28024819
28024818
28024817
28024815
27992243
27973697
27916472
27903790
27891569
27888096
27874188
27869476
27864641
27863859
27862232
27853978
27837346
27830931
27830370
27825561
27824256
27815794
27796575
27791269
27785586
27783438
27778135
27777071
27771807
27762082
27743231
27731649
27706394
27684502
27684190
27655625
27639257
27585370
27576069
27545983
27532506
27532347
27474894
27423159
27422536
27415037
27400743
27350419
27342139
27323699
27307389
27284756
27283128
27279547
27272208
27252014
27206534
27206342
27136074
26773839
26773736
26646610
26618930
26588357
29607082
28839489
28839482
28839476
28839475
28791081
28791080
28791079
28791078
28785131
28785128
28713800
28667274
28667248
28667230
27515267
28706494
28706493
28706489
28667057
20301500
28674644
28655358
28654681
28584336
28582621
28694781
28651623
28848648
29789771
28706615
28645271
28642563
28642555
28642552
28642551
28642531
29016089
28805207
28661116
28652938
28640827
28636642
33403323
28640276
28634415
29563427
28629318
29307169
28628160
29563425
28740786
28721329
33403325
30308660
28624454
28619068
28617874
28369398
28356172
28619974
28615501
28615078
28614381
28614355
28613037
28713661
28608827
28559355
29231508
28618734
28607394
28607361
28607360
28606113
28706760
28703180
28703179
28703151
28613064
28613059
28598387
28495602
28642749
28642736
28597006
28597005
28596530
28595634
28594914
28594869
28594852
28594848
28594615
33403347
28638345
28610230
28593967
28592797
28591222
28589954
28769693
28610240
28610239
28583155
30137769
28591240
28586694
28583156
28552352
31453453
28578665
28578434
28577367
28576147
28576124
28575008
32300679
30970881
30895047
30895040
30895037
30895036
30895035
30775507
30255054
30112494
30112493
29744185
29457125
29231670
29178764
29178763
29178761
29178760
29178759
29178757
29118072
29118071
29098261
29098259
29098258
29098257
29098256
29098254
29098250
29098249
29098248
29098247
29098243
29098239
29098237
29090033
29059063
29059060
28959771
28959769
28913323
28913310
28883677
28879344
28879339
28879337
28827849
28827848
28827847
28824346
28770164
28770156
28765825
28764313
28764303
28764302
28764301
28764291
28764288
28764286
28764285
28764282
28744508
28713769
28713761
28709272
28709182
28690486
28680850
28680848
28680847
28680842
28680712
28680711
28680710
28680556
28680555
28680553
28680548
28680547
28675008
28675007
28675004
28657702
28657699
28656933
28656929
28656927
28656924
28656922
28656918
28650795
28644431
28643933
28643930
28643929
28643927
28643925
28643923
28643922
28643918
28643915
28643913
28643909
28643906
28643903
28638564
28638562
28638560
28638559
28638548
28638547
28631551
28631541
28631539
28621286
28621285
28621281
28621280
28621279
28621278
28621275
28621273
28621270
28621269
28621268
28620641
28620634
28620631
28615871
28615353
28603243
28598190
28598188
28598187
28598182
28598181
28598180
28598179
28598178
28597839
28597838
28597837
28597836
28593580
28590837
28590096
28590094
28590093
28588844
28586929
28586545
28586235
28586234
28584710
28579932
28575892
28573844
28573843
28572420
28571805
28569757
28562240
28559238
28554460
28554459
28554458
28554456
28554455
28554453
28554450
28554449
28550867
28550862
28550845
28547733
28541156
28532609
28530472
28530469
28530468
28526290
28525483
28521915
28521914
28514632
28508244
28502026
28501068
28501067
28501063
28501055
28493183
28490040
28489662
28476202
28475498
28460843
28457915
28457638
28457637
28452377
28448692
28444559
28440673
28439170
28434830
28434560
28433599
28433536
28433194
28431998
28431806
28431686
28429487
28429482
28429481
28427720
28426410
28425833
28421609
28419499
28419497
28419464
28418109
28417462
28417206
28416319
28416315
28416314
28416313
28416310
28416308
28416306
28416305
28416159
28415544
28415511
28413061
28411092
28410841
28410514
28409326
28396504
28396071
28393293
28391441
28390826
28389936
28389179
28389075
28389074
28389070
28386810
28377984
28375683
28374431
28372850
28372810
28370928
28365394
28363503
28362688
28359938
28359663
28357692
28356189
28346706
28343735
28343596
28343266
28341902
28340249
28339713
28335037
28332168
28332068
28328610
28328601
28324646
28317243
28314935
28303642
28303598
28302337
28301683
28300725
28300497
28299782
28292713
28289473
28286897
28286291
28279686
28277873
28276781
28276733
28273612
28273529
28266718
28266046
28257719
28255798
28251806
28249746
28247086
28243757
28242629
28237315
28236504
28233905
28233316
28231638
28231409
28230596
28226300
28222878
28217883
28211101
28211095
28202949
28198538
28196330
28195340
28195327
28193569
28192870
28189884
28189659
28189337
28186862
28185382
28185272
28181788
28178105
28177588
28177560
28168900
28168759
28168719
28165889
28161897
28160512
28153645
28150439
28148925
28148924
28145066
28134453
28128681
28126447
28107545
28093860
28092105
28074591
28067977
28066920
28008710
28000247
27991818
27990688
27981756
27981568
27943627
27943593
27933720
27931125
27925236
27916199
27914668
27891585
27883224
27878823
27863856
27861960
27861912
27860365
27859254
27859025
27847158
27837264
27836147
27815689
27813196
27804109
27783406
27771826
27766487
27763659
27761672
27757842
27745799
27743214
27733487
27722787
27714528
27706865
27695955
27692742
27678306
27664993
27660159
27624657
27613613
27596605
27591860
27579694
27574906
27567636
27561677
27550292
27539008
27503608
27501963
27495271
27483086
27471145
27471093
27449386
27435416
27431617
27417412
27392611
27391220
27389791
27377919
27366858
27365182
27363895
27335212
27296318
27283505
27273291
27265897
27238557
27210034
27194177
27176631
27167329
27166073
27159375
27154057
27141933
27132802
27114184
27112061
27101226
27101091
26971097
26805651
26618513
26588188
29615564
28865505
28772959
28620405
28228625
28190811
28154316
28611689
28611683
28531913
28507130
28415812
28611678
28554950
32264049
28546619
28546608
28546594
29039169
28713512
28713496
28587096
28545523
28545439
28540937
28367874
30800789
28772932
28610317
28596736
28593907
28546237
28616151
28560100
28542538
28423276
28392457
28532432
28532413
28531204
28531148
28502655
28539292
28542468
28526078
28526043
28585437
28610364
28573003
28560319
28515439
28814364
28788784
28639687
28583249
28583247
28583242
28583238
28583237
28560015
28431631
28322752
28302576
28498836
28496255
28496251
28496231
28496230
28341745
29563423
28652816
28630759
28553203
28494020
22855961
28503382
28490768
28490347
28489936
28536539
28536534
28533687
28483040
28482919
28482448
28482442
28482440
33440495
33403342
28609884
28484278
28484231
28481941
28772863
28343370
28304128
28205326
28469099
28522988
28496309
28515694
28480142
28363382
28480136
28469835
28465581
28464019
28277574
32076261
30787773
30338012
29930993
29440793
29440791
29440788
29405938
29405935
29297563
29297562
29297561
29297558
29297556
29297554
29279629
29279628
29279624
29279623
29279620
29279619
29279618
29263621
29263619
29263618
29263616
29263615
29263614
29263613
29263608
29263607
29188693
29188692
29167688
29167687
29167683
29167682
29072426
29072414
29056869
28932056
28932051
28932049
28932045
28932043
28814937
28791827
28791811
28784067
28757702
28746492
28746484
28722005
28722004
28722002
28722000
28721996
28721994
28706791
28706790
28706784
28702066
28702065
28702057
28702056
28690901
28690900
28678953
28678948
28678943
28677541
28670358
28668102
28668101
28668099
28668098
28667035
28661811
28661802
28658933
28658927
28658922
28658920
28658916
28658912
28658909
28658906
28658905
28658901
28658897
28658896
28627836
28619155
28605927
28599689
28591339
28584779
28584775
28573092
28565769
28562799
28549551
28549084
28538371
28529749
28523246
28523244
28523243
28523242
28521454
28515910
28515327
28513520
28513512
28512551
28512549
28512548
28512546
28512545
28512542
28512540
28512537
28512536
28512535
28512281
28512277
28512275
28512272
28512271
28509138
28507353
28503481
28503475
28503472
28501882
28494048
28494043
28494041
28494032
28494031
28492455
28490947
28489810
28483274
28479933
28478930
28475096
28475095
28475094
28475093
28475092
28475088
28475083
28475081
28468186
28468174
28468173
28468161
28468159
28468157
28467262
28467261
28467259
28467258
28467257
28467256
28461637
28461633
28461632
28461631
28459825
28459250
28459247
28459246
28459245
28457407
28457277
28457275
28457268
28457262
28453689
28452999
28452282
28452017
28449766
28449761
28449760
28449756
28449752
28447749
28447734
28434541
28434540
28434538
28434535
28419559
28414874
28414871
28407988
28407986
28407514
28404475
28403135
28402355
28402354
28402353
28402351
28402349
28402348
28402347
28399461
28392452
28391819
28390134
28390132
28378333
28366234
28358285
28356216
28349766
28347809
28343932
28343930
28343928
28343927
28343925
28337586
28336321
28334782
28332131
28325578
28320537
28319210
28319209
28319207
28319205
28318924
28318917
28315376
28303584
28299855
28295322
28292605
28292602
28292601
28292598
28292595
28291396
28289894
28286174
28284417
28279842
28272750
28268111
28258640
28254302
28254286
28251607
28249744
28237629
28224607
28220488
28220182
28219674
28218399
28211566
28207941
28207939
28207931
28207178
28204849
28196287
28195749
28194765
28194495
28190646
28188903
28186464
28184909
28181679
28174060
28170452
28170092
28167335
28167334
28165614
28162017
28157492
28157418
28150411
28142010
28142008
28140718
28140479
28140477
28137635
28133916
28132525
28124499
28121513
28120363
28118552
28113131
28113036
28113000
28112989
28110067
28105790
28080293
28074260
28073166
28060561
28060092
28029266
28027709
28013413
27989449
27986307
27976596
27975342
27958766
27935024
27914227
27913659
27909758
27905816
27881325
27881319
27881312
27881309
27866699
27854186
27836143
27802080
27798445
27778394
27741331
27649278
27539641
27535018
27534562
27529749
27489205
27472957
27452447
27438341
27434332
27412714
27394425
27376544
27372662
27370027
27343145
27334865
27324476
27324475
27320636
27316639
27312377
27287499
27283326
27277518
27277517
27255959
27246754
27233902
27221518
27221516
27194072
27193939
27178313
27173580
27170047
27165307
27101810
27079924
27079789
27063356
27063209
27062555
27061808
27037801
27031269
27018647
27009869
27004733
26997329
26992477
26969579
26882026
26781984
26762479
26662929
26616243
26467301
26283168
26237188
26094972
28609917
28553412
28503150
28455457
28450590
28462042
28449671
28609931
28446237
28446178
28445536
28440310
28404732
33403349
28441560
28438772
28438151
28436474
28366739
28441734
28432788
28469925
28428598
28428597
28428574
28428570
28473773
28427342
28426188
28425972
28425479
31966205
28727343
28546970
28507826
28424462
28422991
28422969
28332813
28418560
28351971
28191927
28412977
28302667
28235624
28223246
28223136
28167518
28163237
28161040
27979302
28769647
28407772
28406943
29744180
28769642
28609986
28401926
28401887
28512604
28442895
28400596
28399833
28283593
28812696
28757938
28731299
28665087
28609992
28480953
28435340
28394940
28412792
28430481
28389648
28387333
28387279
27840370
28395465
34541211
28772744
28484618
28418347
28381246
28380079
28379183
28435251
28430299
28376086
28374679
28955597
28955595
28955594
28955592
28955590
28955589
28769624
28610032
28373159
28369080
34547848
31473723
30931780
30931779
30931778
30931777
30725552
30699479
30699478
30699476
30382637
30100673
29951468
29951465
29951462
29924522
29924519
29782099
29782098
29356465
29299963
29269966
29231027
29178769
29178768
29178765
29172368
29172359
29172356
29172352
29118257
29068616
28977327
28924317
28890628
28890627
28890626
28890622
28890621
28890619
28890618
28890616
28890614
28890613
28890612
28890610
28890609
28890608
28839424
28839423
28839422
28839421
28839420
28839419
28839415
28839410
28839408
28839406
28839405
28839402
28839389
28815251
28815249
28815247
28815243
28792274
28785394
28748056
28748055
28748053
28748051
28748050
28748049
28748048
28746320
28729806
28729805
28729804
28729803
28729802
28729800
28729799
28729796
28729792
28729789
28729787
28729786
28729785
28718229
28717331
28706755
28704286
28691460
28691455
28691452
28691451
28688185
28688180
28685550
28685531
28682552
28682549
28682545
28682538
28663636
28652899
28652898
28614533
28614532
28613154
28584412
28574679
28574390
28571304
28571295
28571287
28571286
28571283
28571281
28571280
28571279
28571277
28571276
28571273
28571270
28571267
28571263
28571262
28571261
28571260
28571259
28571258
28571252
28571251
28571250
28571249
28555600
28546960
28546957
28540273
28529977
28523257
28512498
28512497
28512496
28512495
28512494
28512493
28512492
28512491
28512488
28512483
28512480
28512476
28509563
28503263
28500465
28492196
28492194
28490847
28490846
28490845
28489242
28479786
28471202
28469832
28469831
28469829
28469827
28469825
28469823
28469821
28469820
28469818
28469814
28469115
28462194
28462193
28462188
28461826
28442952
28435894
28435617
28435616
28428198
28418414
28418413
28415948
28407420
28406130
28406122
28400346
28397949
28396791
28382305
28375424
28371095
28368133
28368132
28368126
28368125
28367462
28366197
28366196
28365605
28364905
28364901
28364900
28364899
28364896
28364894
28364889
28350271
28349916
28349915
28349914
28349913
28349912
28349908
28349906
28349904
28349903
28345512
28345510
28345424
28343833
28342477
28342476
28339736
28338925
28323148
28318018
28317568
28300520
28292696
28271448
28260061
28260019
28258920
28258812
28258810
28258709
28258708
28256273
28251593
28249216
28247537
28243836
28241192
28236281
28234739
28232082
28221014
28220985
28220259
28219616
28216269
28216268
28216267
28215760
28215649
28215443
28215438
28215436
28215346
28215345
28215343
28214652
28214537
28213983
28213184
28209354
28205161
28196604
28194533
28190588
28190451
28190282
28189719
28189718
28189490
28188902
28185678
28185397
28185089
28183665
28181393
28168413
28160942
28153564
28145909
28145089
28139078
28131911
28131910
28130977
28128661
28128656
28128466
28125944
28125519
28121195
28118952
28117909
28116943
28115674
28110241
28109118
28108290
28107028
28103525
28103053
28101736
28100415
28093335
28092104
28088266
28086104
28085572
28084648
28084647
28083893
28081373
28079403
28076902
28075026
28070906
28068207
28068189
28068186
28068182
28063316
28062250
28056140
28049372
28044198
28039008
28038830
28035661
28032898
28032673
28029687
28028833
28007994
28004397
28002218
28000152
27990675
27981392
27976503
27974406
27967312
27960049
27960042
27957719
27956229
27941387
27935196
27935179
27933616
27930822
27928641
27926988
27925387
27922188
27908460
27907894
27896434
27881331
27881326
27881322
27881321
27881315
27879420
27859981
27858553
27848100
27842729
27836917
27821544
27820425
27807931
27804261
27792268
27790821
27789268
27785575
27780691
27775170
27774670
27769518
27767207
27765393
27753124
27753083
27748036
27702807
27702806
27699958
27687732
27687583
27686872
27681361
27655624
27621276
27614890
27611500
27587023
27558847
27534447
27510284
27484816
27474364
27454813
27397137
27392757
27349741
27324294
27300099
27270920
27268506
27238158
27229727
27206916
27206915
27206914
27193491
27179654
27179354
27172922
27167385
27150658
27147550
27129588
27129585
27129583
27121798
27120708
27114090
27103587
27093564
27073101
27038334
27038230
27037617
27036134
27030283
27016157
27009805
27000665
26992649
26992464
26992439
26988739
26970296
26968311
26935479
26919705
26918305
26618632
26496624
26360493
28740330
28740329
28740326
28567142
28567141
28496964
28362061
28190815
28111383
28095329
28049967
28049966
28610043
28536686
28306752
20301711
28355287
28351260
28364108
28355569
28251916
28642929
28361003
28347303
28347285
28345658
30970799
28752713
28461867
28392782
28338300
28337015
28337007
28337002
28336998
28336985
28336976
28170345
28344780
28458729
28331230
28328975
28328951
28335583
28327153
28327110
28236443
28377353
28316283
30755946
28300208
28222209
29553688
28649608
28610151
28390467
28390465
28390464
28390459
28390453
28390451
28360862
28296648
28294188
28294184
28294149
28110070
28772647
28401141
28352164
28610161
28287121
28284207
28344574
28281622
28281612
28281610
28281594
28281590
28278144
28331369
28279187
28279057
28278191
29276892
28277523
28272428
28270090
28603252
28380774
28264048
28603266
29607077
28351468
28265502
28253872
28253369
28252646
27986375
30895030
30895026
30895023
30895022
30895020
30895016
30805496
30549761
30496658
30457764
30457762
30240555
30240554
30183952
30112485
29920029
29920027
29642313
29642312
29642310
29642309
29398865
29398861
29398856
29398853
29172344
29172337
29172331
29172329
29172328
29172323
29172322
29172321
29120152
29120125
29104601
29104600
29104596
29064221
29064218
28959766
28959765
28959764
28959763
28913295
28879329
28879328
28855765
28855764
28855763
28855762
28855760
28855759
28855756
28855755
28855754
28855753
28855751
28855750
28855748
28740273
28740269
28740267
28740265
28658358
28658356
28646819
28611552
28611333
28611332
28611329
28611328
28611324
28593898
28584539
28584538
28584532
28569452
28569448
28569447
28561561
28561559
28561558
28561555
28561554
28533736
28533731
28513313
28511532
28511531
28511529
28511528
28511523
28511521
28511520
28511507
28511505
28511504
28511499
28511486
28494609
28494605
28494604
28494599
28494598
28494597
28494594
28492753
28492740
28480847
28480846
28469666
28462185
28462180
28462179
28457511
28446072
28441705
28422463
28422461
28422460
28403365
28403364
28403361
28403360
28395343
28392961
28392897
28383618
28377540
28361029
28361026
28358036
28358035
28358034
28355362
28341071
28338208
28338040
28338036
28338032
28338029
28337422
28328799
28317553
28303980
28302237
28298997
28298991
28298990
28298989
28298984
28298981
28298977
28298975
28298973
28298972
28298971
28298970
28297138
28297096
28297094
28297088
28297087
28297086
28293665
28291862
28291858
28290304
28286391
28286386
28283090
28282030
28280760
28280758
28280756
28278139
28277961
28272585
28267828
28267826
28267825
28266120
28266119
28266116
28266114
28266112
28266108
28265519
28265518
28261914
28259322
28259316
28259313
28258275
28258272
28258270
28258268
28258267
28258265
28258262
28258260
28257745
28257744
28257738
28257737
28257258
28257250
28257225
28257223
28257221
28257220
28257219
28257217
28256492
28256491
28256488
28256485
28253177
28252079
28252073
28251224
28250039
28249651
28246419
28243866
28232316
28231984
28231978
28231975
28229853
28229852
28229851
28229850
28229849
28224037
28220183
28211244
28211240
28204848
28204847
28196377
28196173
28196172
28196171
28196168
28196166
28196159
28181683
28181377
28176372
28162971
28162845
28161365
28160593
28160586
28160580
28160576
28159606
28159508
28159386
28157639
28153124
28139288
28139287
28139285
28131416
28131414
28131413
28131412
28131411
28129585
28128687
28127875
28122322
28120223
28118500
28114219
28111155
28110920
28109519
28108833
28106044
28104321
28104320
28094561
28092925
28081294
28073624
28072448
28069640
28065860
28065847
28065704
28061389
28060095
28057509
28057454
28057347
28052552
28043880
28043400
28043013
28041757
28040606
28035658
28032903
28030993
28027172
28024641
28024093
28012573
28011091
28008672
28005264
28000043
27998664
27997984
27997275
27987427
27982524
27978604
27960574
27951410
27934543
27930925
27927887
27925870
27923725
27917570
27913821
27897086
27896417
27892840
27892838
27892837
27892836
27890028
27886383
27885569
27884719
27884603
27883212
27883203
27883200
27883188
27875705
27872333
27871617
27868202
27866468
27866217
27865653
27864970
27862672
27862629
27861844
27859229
27858983
27838559
27834119
27825679
27825678
27825675
27818275
27811847
27802124
27802123
27802121
27796608
27788625
27787957
27769737
27768390
27765547
27765400
27765397
27761613
27760456
27757575
27755424
27741330
27739083
27726151
27706919
27692583
27692582
27684189
27677220
27677218
27677217
27677214
27654627
27640191
27623973
27604232
27600798
27590012
27582484
27554379
27552722
27542105
27538739
27525517
27522217
27511213
27507168
27491932
27485288
27480620
27477786
27469102
27440501
27422849
27382992
27356671
27353475
27344562
27338285
27289386
27282407
27224424
27207609
27198169
27137904
27133183
27105129
27091347
27068254
27062656
27028904
27028526
27009787
26992276
26919266
26914312
26913807
26913571
26865499
26863893
26763665
26630446
26612194
26090787
25929278
25583414
25556544
25424341
28376965
28376964
28376963
28376961
28376960
28357006
28249433
28245876
28245286
27990010
28527476
28241812
28241807
28241059
28240290
28132977
28232699
28232695
28232693
28232689
28057754
28287572
28265457
28264313
28230910
28166536
28089737
28228135
28222099
28221363
28220846
28086064
28397663
28264349
28190733
25905388
28203028
28203027
28203026
28203014
28203013
28203011
28203009
28203008
28203007
28203006
28203005
28203004
28331407
28218665
33403327
28299350
28209191
28209160
28413391
28337277
28202072
28202034
28199336
28199326
27588727
28357003
28357001
28280539
28280535
28280533
28280532
28280529
28280527
28196135
28195206
28690357
28239357
28187707
28187210
28186137
28184048
28183978
27987944
29744175
28286639
28253587
28253585
28253584
28253580
28228735
28178323
28331805
28178815
28174281
28174279
28167823
28077491
33403326
29519074
28812741
28217369
28178188
28171758
28165391
28451040
28241916
28158261
28098463
28184240
28173652
32689741
31435209
30398814
29797846
29717580
29709126
29709125
29709122
29356397
29058855
28920035
28713645
28691101
28626248
28474083
28474082
28474081
28474077
28474075
28474072
28474060
28474059
28474057
28452723
28452722
28444016
28444014
28444013
28444010
28411886
28386425
28384989
28384987
28384982
28384981
28384979
28384978
28384975
28384974
28384971
28384969
28330574
28326732
28326726
28326721
28293394
28288222
28280708
28261524
28261523
28243393
28243386
28243337
28239796
28235509
28231040
28228833
28228165
28211749
28210455
28210446
28210445
28210444
28210443
28210442
28210440
28210439
28210436
28210435
28210433
28210431
28210430
28197791
28194367
28194365
28194364
28194360
28194358
28191762
28187489
28182484
28177110
28174633
28174370
28174369
28174365
28174364
28174363
28174361
28174360
28166908
28156124
28156120
28156119
28156118
28153171
28153165
28153158
28153157
28151902
28148534
28148273
28145558
28145445
28143844
28138926
28138190
28134729
28132712
28132710
28132708
28132706
28131012
28129797
28124261
28120492
28115038
28110701
28110423
28106508
28106506
28106505
28105965
28102013
28100885
28098576
28097225
28094232
28092093
28091449
28091448
28091442
28091437
28087282
28084688
28074338
28073052
28065684
28057402
28056377
28051077
28045197
28044248
28043846
28041686
28041685
28041682
28035689
28031292
28028838
28027823
28027821
28024874
28024757
28007396
28000851
28000281
28000278
28000271
28000267
27998731
27995754
27993571
27989711
27989704
27989582
27989519
27989366
27988345
27987798
27986266
27979689
27978602
27978601
27978591
27977045
27973740
27973685
27956016
27955921
27940164
27939826
27939825
27939657
27939656
27939655
27936914
27930937
27927885
27918918
27913209
27907861
27902498
27894994
27894447
27889924
27889606
27889605
27885586
27884786
27883211
27883161
27882508
27879341
27876532
27871014
27866074
27865657
27865101
27864174
27863799
27863694
27862688
27862171
27860241
27859471
27856967
27846401
27834299
27834298
27831705
27811065
27809724
27788624
27786566
27780611
27778343
27778330
27770039
27767387
27767236
27765396
27762658
27726172
27726135
27716739
27712461
27704536
27701809
27700696
27694154
27692579
27681303
27681164
27681036
27680508
27673748
27672006
27666672
27666500
27666499
27666493
27666133
27663538
27649968
27649930
27649844
27646799
27646796
27646792
27643807
27643754
27642152
27642102
27639154
27637379
27627858
27620655
27620653
27612525
27612323
27604042
27583529
27504742
27502755
27491509
27485674
27476829
27475819
27472656
27439566
27381488
27356926
27353190
27325451
27259072
27207582
27194626
27183325
27177907
27151765
27145147
27126371
27001885
26969423
26969421
26932733
26884421
26856399
26849000
26841969
26804207
26804139
26800022
26799814
26789282
26789130
26787659
26754342
26749535
26715408
26714612
26700508
26618630
26508110
26479878
26371458
26343421
26283312
26272266
28567137
28567136
28400865
28400864
28356999
28197104
28143415
28139685
28137244
28096389
28090032
27928103
28194401
28132066
28626287
28626284
28626283
28479654
28450757
28450756
29607073
28326155
28129388
28128349
28128328
28128197
28127013
28126994
28125573
28187622
28149683
28144447
28125700
28125654
28125649
27647387
28243410
28198672
28187634
28179886
29056664
28118361
28117368
27936567
28114966
28114408
28772450
29563414
28203310
28187642
28091408
27818457
28154538
28103260
28144617
28100262
28100211
28095456
28095448
28094800
28094306
28049837
28049819
27927941
28450996
28099579
28093082
27849104
28387186
28387185
28387184
28292344
28292342
28292341
28292338
28292337
28088226
27993989
27876679
27836805
27802144
33403336
28098777
28086992
28086936
28084388
28081054
30363265
28134967
28117776
28085102
28081119
29563411
28183101
28138227
28077174
28076385
28075485
28074842
28149450
28144184
28096974
27976574
27840161
28119577
28072988
28072987
28068974
28068973
28067250
28017609
28061876
29607071
28111553
28061791
28798658
28076496
28076495
28053317
27871895
27725267
28101003
28052126
27973625
28183135
28057060
31473709
28955588
28955587
28955583
28955582
28955580
28072957
28064220
32863464
30938648
30938645
30938644
30802400
30699494
30699493
30699491
30698929
30645810
30645809
30595859
30595858
30595855
30580343
30549672
30353893
30215055
30187726
30050982
29990406
29990402
29990401
29990400
29990398
29990396
29949310
29949308
29919992
29916685
29910954
29861597
29791114
29791111
29757326
29757307
29745115
29645412
29629237
29619048
29556665
29556658
29556645
29556634
29556631
29551850
29528043
29479539
29446376
29446368
29446366
29440865
29439757
29417788
29417787
29414970
29406664
29403665
29392128
29387727
29387493
29386806
29386804
29386798
29386797
29386795
29386794
29379658
29379524
29375198
29349075
29348749
29338065
29319065
29319062
29319061
29318058
29318057
29318056
29318054
29312451
29295335
29292415
29292412
29292410
29279779
29270461
29269721
29269720
29269719
29269718
29269716
29263565
29260765
29260764
29260761
29260760
29260758
29260757
29260756
29259981
29258064
29256855
29256192
29249735
29243681
29243679
29243678
29239595
29234751
29234681
29225624
29213288
29209624
29207391
29204304
29203744
29202172
29201899
29201480
29201058
29200815
29186939
29183014
29181461
29181460
29181025
29176108
29172314
29172313
29161180
29159178
29152622
29152619
29136625
29130047
29130030
29129975
29128819
29125503
29119108
29114645
29109954
29106352
29098003
29093979
29093976
29082046
29075537
29072650
29072648
29072647
29065621
29065610
29062362
29059672
29057266
29057128
29056759
29055958
29050028
29050026
29050016
29038738
29031172
29026758
29024927
29023624
28990014
28987248
28983534
28983533
28983531
28983530
28978902
28977320
28972954
28968608
28968606
28965115
28954953
28954951
28954950
28954638
28950285
28947697
28947695
28947691
28947684
28944380
28944378
28944377
28944357
28944355
28944352
28937907
28937906
28937904
28937901
28937889
28937886
28934753
28932653
28932242
28920110
28920109
28912979
28912945
28912942
28912941
28904324
28904322
28904312
28884074
28884029
28883834
28872995
28872993
28872992
28872986
28872985
28872984
28872983
28872982
28869633
28869424
28863377
28858286
28858285
28858282
28858278
28858272
28855465
28852748
28852746
28852744
28849805
28849804
28849803
28849802
28849799
28849795
28848160
28848154
28840044
28840043
28835897
28831460
28831458
28828189
28828018
28828014
28828013
28828005
28825578
28819572
28810241
28810237
28809034
28808700
28808699
28804786
28804066
28798498
28796987
28796580
28791302
28785751
28785748
28785746
28785745
28785491
28785282
28785171
28781529
28770115
28769982
28761940
28761281
28761273
28761256
28761255
28761254
28761253
28761252
28761251
28761248
28761247
28758035
28756362
28752505
28748234
28748233
28747831
28744389
28740741
28730236
28724863
28724862
28724859
28721433
28719906
28717793
28717790
28713837
28713756
28713748
28713747
28713745
28713729
28713601
28713600
28713425
28713085
28712192
28711896
28711894
28706942
28702960
28695021
28694714
28685149
28682139
28681046
28674704
28674701
28669594
28668306
28660616
28660211
28658675
28653052
28653051
28650791
28650788
28650787
28650786
28650785
28650784
28650783
28641283
28638411
28637990
28637983
28637980
28637979
28637973
28637033
28635867
28630959
28630958
28630957
28630862
28620553
28617407
28617402
28617401
28617400
28617398
28612700
28611844
28607556
28604375
28589044
28584514
28584496
28584483
28584480
28584479
28584478
28584477
28584476
28584470
28584468
28584467
28580463
28580461
28579693
28573052
28567421
28566871
28566869
28566864
28566863
28566860
28566851
28566850
28566849
28566848
28566846
28566845
28558379
28555209
28555207
28555203
28555201
28555199
28553857
28552933
28546879
28540090
28538220
28537792
28530006
28523324
28523308
28523304
28514353
28514339
28513797
28512653
28512652
28512651
28506021
28501859
28497078
28492755
28492750
28492747
28492208
28487778
28484652
28484501
28484493
28484140
28480947
28479918
28479716
28479714
28479705
28479704
28479688
28474002
28473930
28473927
28469945
28469336
28465844
28465842
28465684
28462407
28462406
28462405
28458930
28458691
28458497
28458436
28453484
28450964
28450962
28449041
28443834
28443832
28442664
28439581
28439579
28439572
28435381
28435378
28435377
28435375
28435372
28435369
28435365
28435364
28435363
28435360
28435357
28424734
28424733
28423077
28422602
28422601
28422600
28422596
28422595
28422594
28422591
28421148
28421115
28413597
28413596
28413595
28413594
28413593
28413590
28409045
28409039
28403797
28401166
28396888
28395795
28393821
28393819
28393811
28392948
28392616
28391272
28388515
28386547
28386488
28384557
28381736
28381734
28381733
28381729
28377925
28377667
28377664
28377661
28377655
28377654
28377653
28377652
28377651
28377649
28377648
28377647
28374673
28372294
28372293
28372292
28372291
28367935
28367890
28367215
28365680
28364573
28364571
28363455
28361315
28361313
28359051
28352481
28348621
28348619
28348618
28348615
28348613
28348611
28348593
28338103
28337459
28337352
28337048
28331854
28327693
28327692
28326928
28326203
28326102
28322364
28322360
28322357
28322355
28321337
28321256
28317827
28316949
28316948
28316946
28316945
28316922
28316920
28316917
28316916
28316764
28314224
28301028
28301024
28301022
28301014
28301013
28301009
28298796
28298794
28297702
28294209
28294199
28294198
28288301
28288297
28288296
28288295
28288294
28288292
28286679
28286678
28280726
28280509
28280508
28278513
28274076
28274073
28274068
28274067
28274065
28274058
28274050
28274043
28274042
28274040
28274036
28274034
28271089
28270707
28265286
28261506
28261273
28260770
28255382
28252424
28250998
28248122
28246504
28246503
28243604
28240758
28240576
28239033
28238997
28232979
28232975
28232972
28232969
28232967
28232965
28232963
28232961
28232940
28232938
28229417
28229125
28222429
28217025
28216848
28216846
28216844
28216840
28216839
28198982
28198979
28197416
28197400
28197399
28197398
28197397
28195274
28195270
28190924
28189988
28188092
28182118
28179939
28179938
28179936
28179932
28179931
28179930
28179929
28179928
28179925
28179924
28179923
28179922
28179918
28179917
28179916
28179915
28177051
28168242
28168240
28168237
28154463
28149479
28149477
28149472
28149469
28149467
28149466
28149464
28149463
28149462
28149461
28149459
28149456
28147347
28139491
28139487
28139485
28139484
28139483
28139480
28139476
28133644
28129851
28127538
28127537
28127536
28123248
28123124
28122368
28118423
28118419
28117858
28117857
28117855
28117854
28117853
28117852
28116050
28111753
28105715
28092965
28085988
28085986
28085985
28085979
28085977
28085974
28085971
28076542
28072686
28068276
28068274
28068273
28068272
28068269
28068263
28068259
28067920
28065972
28063088
28054914
28054792
28052215
28052214
28052213
28052212
28052211
28052210
28052208
28052204
28050990
28050988
28050987
28050985
28050984
28050982
28050981
28050980
28050979
28050976
28049681
28043653
28042725
28042544
28038829
28038772
28033066
28033061
28029496
28026850
28024792
28024787
28024782
28024776
28024773
28024772
28024770
28024769
28024761
28017140
28012460
28006773
28005197
28002691
28000401
27997450
27997280
27995668
27986101
27986100
27986097
27986096
27984089
27984088
27981270
27981269
27981268
27978460
27977829
27977828
27977824
27977823
27977820
27977819
27977816
27977813
27959436
27959403
27958250
27958244
27955764
27943375
27941544
27940147
27939740
27939736
27939734
27939731
27939041
27938942
27936428
27933414
27930461
27928950
27924612
27924605
27924596
27923169
27922952
27918905
27918745
27915125
27913930
27912819
27912815
27912813
27911295
27908631
27908555
27896419
27896416
27894520
27892600
27890355
27889775
27889430
27886708
27884720
27883208
27875512
27875507
27866710
27865439
27863451
27863155
27859228
27858111
27856311
27852076
27849177
27847137
27847136
27846621
27845609
27838789
27835837
27834417
27834416
27834415
27831973
27825838
27824330
27818303
27816983
27816793
27816334
27814934
27814584
27813625
27810383
27810382
27810381
27803286
27802122
27802118
27801947
27801940
27796672
27796169
27794233
27793705
27788382
27784241
27780108
27777061
27776449
27771467
27771001
27770905
27770641
27770441
27769593
27761668
27761650
27746153
27744048
27736011
27734385
27734382
27734160
27726174
27725317
27725103
27723425
27723424
27716969
27716671
27712932
27712001
27706911
27706834
27704296
27694153
27694019
27692570
27691906
27689769
27688170
27685864
27681340
27680507
27680028
27680027
27670624
27669726
27669725
27666502
27665961
27664383
27662194
27658728
27655106
27653146
27652578
27643585
27640001
27639476
27633801
27631597
27629540
27627434
27622786
27616724
27616609
27613605
27613447
27611339
27611338
27608422
27604390
27600704
27598416
27589817
27582029
27580644
27572232
27571516
27571237
27569039
27567051
27566532
27564090
27562220
27542892
27541081
27537271
27530400
27528103
27527527
27523518
27523517
27515522
27511878
27511877
27510842
27504820
27502782
27500892
27492986
27492983
27492883
27492482
27491012
27480284
27473707
27460330
27460312
27450882
27438911
27424874
27416330
27409364
27391205
27363867
27358247
27354030
27341651
27338932
27314603
27304231
27281474
27273755
27241557
27177144
27170539
27118440
27090647
27089398
27059993
27041110
27041109
27032718
27025212
27020911
27020909
27017439
27008568
27005811
27003278
26993660
26979442
26976284
26969499
26961522
26955837
26955834
26946142
26941051
26925583
26924135
26922634
26922436
26917494
26872127
26847080
26830431
26781486
26732592
26667879
26659613
26584502
26582188
26580306
26426812
26418883
26418841
25952925
25951536
24616333
