31964001
29865706
29865669
28520191
28520185
28313144
21250078
21250075
11941085
10147515
10147501
2408074
2407942
2406493
2406306
2406305
2406304
2405987
2405691
2405690
2405125
2404229
2404215
2404109
2404106
2404045
2404041
2404033
2403945
2403943
2403940
2400110
2394554
2393925
2393514
2392551
2392549
2391181
2391179
2391178
2391177
2390019
2389116
2388017
2388015
2388014
2388013
2388011
2385579
2382510
2382500
2382087
2382085
2382076
2381781
2378584
2378583
2378579
2378453
2378167
2377962
2377884
2376297
2376296
2375494
2374996
2374797
2374796
2374084
2374080
2373756
2373565
2372252
2372250
2372249
2372244
2372242
2372239
2368606
2367817
2367243
2367242
2366920
2366919
2364401
2364398
2363109
2363032
2361713
2361701
2361700
2360701
2354675
2354673
2354653
2353208
2352351
2350267
2350266
2350263
2349864
2349067
2344293
2344292
2344291
2344286
2343285
2342596
2340871
2340759
2340541
2335527
2334060
2334058
2326826
2326817
2326814
2326805
2326802
2325457
2325456
2321912
2320986
2320985
2316124
2315663
2315661
2315658
2315351
2314320
2313606
2313523
2313522
2313518
2311624
2305485
2305478
2305340
2304952
2304951
2304640
2303602
2303600
2303598
2300724
2299662
2299473
2299421
2296947
2296942
2296913
2296453
2296452
2295999
2295994
2295707
2295354
2295351
2294902
2294757
2293893
2293887
2292599
2291891
2291377
2289593
2289435
2288974
2288972
2288689
2288683
2288004
2287776
2287614
2287613
2287612
2287611
2285644
2282067
2282005
2282001
2282000
2281721
2279825
2279533
2277979
2277978
2277050
2277044
2276168
2276166
2276165
2276158
2276155
2270555
2270548
2270547
2270208
2270205
2269499
2267050
2264797
2264796
2264017
2264015
2264013
2263947
2263937
2263936
2263935
2263934
2263311
2263081
2262538
2261610
2261601
2260405
2257796
2257795
2257793
2256824
2256817
2256814
2256813
2256569
2256568
2256567
2256562
2255996
2247222
2246107
2237365
2237363
2233100
2228455
2228209
2228207
2227061
2224045
2223669
2223668
2223666
2222925
2222256
2222255
2220084
2218432
2218382
2218281
2218276
2215914
2211736
2206408
2204997
2203393
2203390
2202279
2202278
2202277
2201017
2200103
2200099
2199927
2199154
2198670
2198654
2198226
2198181
2197656
2197653
2197399
2196898
2196896
2196893
2196867
2196708
2195368
2194283
2192519
2190761
2188638
2188155
2188148
2186890
2183395
2182701
2181647
2181646
2179516
2179512
2179511
2179176
2178296
2178229
2174199
2173133
2171842
2168732
2165244
2164558
2164466
2158617
2158061
2153852
2151998
2151978
2151976
2151975
2151974
2151964
2151963
2151962
2150460
2150459
2150458
2150457
2150256
2149905
2149902
2149675
2149484
2149481
2149479
2146831
2146826
2146476
2144091
2144090
2144087
2144084
2143340
2140227
2140226
2137170
2136972
2135907
2135900
2135879
2135875
2135874
2135814
2135812
2135793
2135601
2135050
2135042
2135040
2135038
2134897
2134895
2134894
2134817
2134814
2134296
2134286
2134226
2134222
2134134
2134133
2134131
2134129
2134128
2134126
2134124
2134120
2134118
2133976
2133975
2133974
2133972
2133971
2133969
2133964
2133963
2133960
2133959
2133956
2133955
2133954
2133953
2133949
2133948
2133947
2133946
2133945
2133944
2133943
2133942
2133941
2133817
2133814
2133811
2133809
2133808
2133514
2133390
2133388
2133318
2133167
2131758
2131756
2131755
2131754
2131753
2131751
2131749
2131748
2131746
2131665
2131662
2131660
2131658
2131269
2130864
2130820
2130817
2130545
2130544
2130494
2130447
2130108
2130033
2130031
2129621
2128080
2127646
2125873
2124184
2124102
2124006
2122518
2118777
2118672
2118206
2117631
2115852
2115325
2114268
2113826
2111469
2105571
2104882
2104299
2104298
2104297
2104292
2104289
2104065
2104064
2104057
2104055
2104052
2104042
2104041
2103019
2103015
2101623
2101618
2101268
2101264
2101262
2101258
2100231
2100230
2099567
2099564
2099563
2099562
2099561
2099560
2099559
2099557
2099554
2099547
2099546
2099544
2099542
2099539
2099470
2099291
2099284
2099283
2099282
2099280
2098563
2098447
2098445
2098439
2098364
2098348
2098061
2098057
2096957
2096955
2096897
2096890
2096476
2096475
2096315
2095696
2094846
2094786
2094655
2094278
2092680
2091596
2091590
2091516
2089868
2088238
2088234
2088232
2088229
2088227
2088225
2088213
2088212
2085159
2085157
2085155
2085153
2081689
2081443
2079070
2077985
2077979
2077771
2077769
2077765
2077575
2077574
2077572
2077571
2076063
2076061
2076058
2076032
2074597
2074589
2074379
2074316
2074314
2074312
2073392
1983728
1983698
1982203
1979450
1978503
1975459
1973576
1966855
1963055
1963007
1704210
1702287
1700966
1697160
1695923
1695922
1692972
2513089
2685384
2534692
2637061
2701143
2480390
2638238
2634995
2597587
2532034
2807544
2701252
2701002
2701001
2700795
2700717
2700641
2700640
2700639
2700552
2700411
2699514
2697434
2696576
2696575
2695026
2692379
2691538
2691534
2691531
2691404
2691402
2689240
2687348
2686924
2685260
2685211
2641964
2641961
2641602
2640935
2640669
2640388
2640385
2640198
2640197
2640194
2640101
2640099
2640098
2639994
2639992
2639960
2639959
2639958
2639957
2639956
2639545
2639329
2639328
2639327
2639325
2639323
2639321
2639264
2639014
2639013
2639011
2638945
2638854
2638756
2638755
2638750
2638746
2638745
2638614
2638613
2638258
2636872
2636547
2636518
2636279
2635184
2635182
2633330
2631923
2631461
2630526
2630418
2628819
2625601
2624905
2624903
2624321
2624276
2621655
2621482
2621392
2620895
2620143
2620142
2620139
2619623
2617157
2617148
2617147
2614637
2614631
2614325
2613702
2613701
2613149
2613146
2613143
2609946
2609945
2609499
2608388
2607023
2607022
2606982
2603948
2601227
2600259
2600256
2600255
2600252
2599947
2597653
2594328
2594326
2594319
2592698
2591186
2591185
2591183
2591181
2591180
2589645
2589322
2589263
2589262
2589259
2589258
2585321
2585320
2585319
2585218
2577751
2576966
2575568
2573380
2562273
2562271
2562262
2562261
2562260
2561747
2561741
2561705
2561676
2559081
2559008
2556752
2535154
2535150
2534731
2533604
2533267
2532624
2532205
2519309
2519300
2519299
2518776
2518077
2518076
2517953
2516098
2513725
2490597
2490596
2490593
2489818
2489817
2489815
2489812
2489792
2489784
2489783
2489781
2489774
2489773
2489663
2489636
2489634
2489632
2489629
2489557
2489556
2489555
2489554
2489553
2489552
2489549
2489545
2489481
2489480
2489479
2489478
2489474
2489473
2489472
2489471
2489465
2489460
2489459
2489454
2489452
2489451
2489450
2489448
2489356
2489353
2489352
2489349
2489214
2488980
2488929
2488928
2488922
2488921
2488684
2487474
2486713
2486712
2486643
2486320
2486319
2486317
2482878
2641384
2611647
2686731
2638232
2812022
2639583
2639582
2639581
2639580
2641379
2814416
2620038
2636527
2620698
2700438
2819004
2817623
2817487
2816844
2816842
2816841
2816839
2816838
2812717
2812708
2809831
2808877
2808860
2808859
2807537
2701598
2701202
2701201
2701173
2701069
2701000
2700999
2700977
2700974
2700973
2700971
2700969
2700853
2700825
2700823
2700702
2700701
2700660
2700653
2695821
2694371
2691665
2691664
2691653
2689626
2689625
2689617
2689616
2689615
2689613
2687012
2685070
2684264
2683870
2683731
2683689
2682702
2682430
2682429
2682425
2681301
2641599
2640958
2640957
2640921
2640919
2640735
2640734
2640675
2640673
2640446
2640445
2640117
2640115
2639955
2639952
2639951
2639949
2639947
2639872
2639871
2639837
2639835
2639716
2639576
2639421
2639162
2639008
2638999
2638957
2638956
2638954
2638087
2638086
2637995
2637994
2637818
2636486
2636482
2636477
2635428
2634469
2627847
2624416
2623705
2623698
2623694
2623691
2623681
2623465
2622437
2622428
2615747
2613935
2613933
2611308
2607475
2607064
2607063
2606607
2605082
2600746
2600715
2600713
2600710
2598590
2596523
2596519
2594160
2592979
2592575
2591591
2591484
2591483
2589476
2584944
2584522
2584519
2584518
2584516
2584261
2584011
2584010
2553346
2534846
2533750
2533345
2532244
2531176
2530257
2530256
2517861
2517831
2517829
2517827
2517822
2513381
2512176
2511598
2490060
2490058
2489915
2489914
2489913
2489911
2489910
2489909
2489622
2489619
2489606
2489605
2489603
2489602
2489596
2489593
2489172
2489171
2489165
2489164
2489163
2488679
2480439
2641377
2641374
2640827
2640825
2588360
2686733
2590583
2588456
2635433
2638224
29865685
18964856
2818303
2818298
2817433
2812683
2810215
2810010
2810009
2809713
2809712
2808461
2808226
2806632
2806631
2806628
2805578
2804388
2804041
2804038
2802281
2801914
2801908
2801640
2801639
2801636
2801635
2801632
2799320
2797744
2797743
2797741
2797739
2797547
2794194
2794096
2794094
2794092
2794091
2794090
2792300
2791517
2791514
2791511
2791510
2791508
2774295
2774294
2701138
2701090
2700968
2700917
2700890
2700852
2700736
2700676
2700638
2700637
2700520
2700330
2700329
2700328
2700236
2699681
2695545
2685580
2685250
2685243
2685240
2685238
2685237
2685236
2685235
2685234
2681674
2679993
2679120
2677851
2677055
2676336
2676300
2672904
2641663
2641592
2641590
2641364
2640941
2640929
2640927
2640740
2640715
2640379
2640378
2640136
2640133
2640129
2640106
2640105
2640104
2639982
2639942
2639939
2639830
2639789
2639787
2639785
2639700
2639661
2639659
2639656
2639539
2639320
2639319
2639308
2639255
2639254
2639251
2639250
2639249
2639247
2639243
2638853
2638815
2638083
2637809
2637805
2637361
2637360
2637358
2637357
2636475
2636473
2635425
2633232
2632597
2631176
2630619
2625734
2624642
2621275
2621270
2620242
2617142
2615736
2612405
2607724
2592151
2592150
2585465
2585375
2585317
2585312
2583630
2583626
2583623
2583622
2577513
2575842
2562082
2555708
2555480
2553320
2552062
2535146
2535049
2534729
2531530
2531265
2519293
2519178
2518069
2518066
2517902
2517873
2515472
2513855
2511297
2510708
2509586
2490988
2490987
2490983
2490930
2490929
2490925
2490123
2489770
2489769
2489767
2489766
2489756
2489753
2489616
2489344
2489342
2489340
2489335
2489333
2489332
2489331
2489329
2489294
2489288
2489287
2489286
2489285
2489245
2489019
2489017
2489014
2489011
2489010
2489009
2489008
2488975
2488973
2487842
2487839
2487838
2487836
2487834
2486985
2485357
2476953
2638971
2789898
2620290
2620286
2790448
2789885
28128149
2815077
2811808
2811807
2811800
2809851
2809850
2808333
2804760
2804757
2804756
2802118
2799071
2795418
2795417
2792452
2792451
2788853
2788666
2778176
2778088
2778087
2778085
2778083
2778082
2773871
2773869
2773868
2773862
2771376
2768704
2768619
2766615
2701243
2701161
2701160
2701158
2701157
2701156
2701064
2701062
2701061
2700831
2700830
2700686
2700673
2700650
2700518
2700466
2700465
2700463
2700202
2699962
2699701
2696723
2694916
2694915
2691646
2686104
2686102
2683780
2682184
2681707
2681706
2681696
2681691
2681616
2681564
2679987
2679119
2677303
2677301
2676864
2676863
2676613
2676112
2674234
2674217
2674206
2674205
2671853
2671852
2641616
2641187
2640953
2640950
2640946
2640944
2640534
2640532
2640531
2640436
2640434
2640433
2640432
2640430
2640429
2640428
2640427
2640425
2640424
2640423
2640422
2640421
2640019
2639557
2639478
2639348
2639346
2639282
2639281
2639193
2638949
2638841
2638278
2638264
2638263
2638262
2638185
2638184
2638076
2638073
2638009
2638008
2638007
2638005
2637855
2637854
2637841
2637839
2637339
2637333
2637231
2637230
2637064
2636502
2636500
2635562
2635411
2635410
2635063
2634774
2633015
2631600
2631105
2630217
2629814
2625339
2624624
2623078
2620235
2619248
2619247
2616194
2609231
2599986
2592841
2591877
2588703
2588276
2588269
2588268
2577379
2576835
2576691
2573139
2562574
2562570
2562269
2562268
2562265
2561687
2561629
2561614
2561595
2561566
2557096
2550524
2547920
2535238
2533260
2533259
2530212
2529483
2527879
2518805
2517938
2517934
2517931
2517552
2517190
2509685
2509444
2491179
2491177
2491176
2491175
2491174
2490882
2490218
2489805
2489804
2489803
2489802
2489800
2489799
2489797
2489655
2489653
2489650
2489649
2489540
2489533
2489530
2489508
2489506
2489505
2489504
2489502
2489500
2489498
2489492
2489489
2489487
2489484
2488894
2486720
2486719
2486718
2486696
2486695
2486694
2486693
2486692
2486314
2486311
2483901
2478321
2615382
2789871
2789867
2765316
2812679
2799271
2799270
2799268
2792994
2792993
2792992
2792989
2792988
2792986
2792981
2792216
2792211
2790390
2788065
2782061
2782057
2780020
2780019
2776905
2775017
2769348
2769302
2768696
2768626
2768540
2768537
2768535
2768534
2765471
2765461
2765183
2760866
2760864
2760858
2758795
2758793
2756948
2756856
2744849
2701346
2701152
2700862
2700730
2700728
2700338
2700201
2698896
2689628
2676790
2674831
2673846
2672830
2672828
2671406
2669948
2669947
2668513
2668511
2668510
2668507
2668506
2668384
2667876
2663575
2641611
2641610
2641195
2640925
2640924
2640922
2640796
2640795
2640794
2640717
2640014
2640010
2639554
2639413
2639411
2639276
2639273
2639070
2639069
2639063
2639059
2637882
2637879
2637862
2637860
2637859
2637858
2637784
2637538
2637537
2637534
2637531
2637330
2637327
2637326
2637325
2637324
2637016
2637013
2633219
2633218
2632616
2632615
2632610
2605608
2600754
2600753
2576914
2571552
2549111
2534875
2534848
2531355
2527139
2527000
2519453
2519283
2519279
2518059
2518058
2517782
2517781
2509083
2506500
2505899
2505895
2505894
2501467
2489750
2489747
2489743
2489742
2489741
2489738
2489734
2489733
2489732
2489328
2489327
2489326
2489325
2489321
2489319
2489310
2489309
2489301
2489300
2775588
2775572
2775570
2775567
2698390
29865665
2815566
2815133
2815131
2815127
2811657
2809568
2807904
2806774
2806773
2804705
2796921
2796920
2796919
2795317
2795315
2790732
2788843
2788736
2788101
2788042
2782624
2778610
2778609
2778607
2778605
2771271
2771270
2769635
2766989
2760348
2760345
2760319
2760318
2760249
2760247
2759661
2759311
2759309
2759261
2755693
2755692
2755685
2755680
2754623
2754478
2754311
2750719
2746542
2746540
2746539
2746538
2745918
2743295
2740336
2732324
2729665
2729663
2701986
2701336
2701335
2701032
2700858
2700631
2700630
2700628
2700601
2700544
2700460
2700459
2700458
2700384
2700369
2700303
2700302
2700182
2700130
2699959
2698894
2698345
2698174
2698015
2697101
2697024
2691171
2683234
2677283
2677281
2674398
2671835
2669503
2668366
2668046
2668044
2667812
2667722
2665473
2664160
2662719
2640575
2640573
2640035
2639269
2638465
2638459
2638399
2638398
2638393
2638390
2638389
2638388
2638387
2638386
2638270
2638266
2637998
2637904
2637226
2637225
2637224
2637223
2637221
2637045
2636496
2636493
2634871
2634870
2632604
2632602
2630614
2630284
2630283
2630280
2630278
2630277
2630276
2630274
2630273
2606030
2605863
2602235
2599584
2588071
2577022
2567829
2561677
2547856
2535144
2535084
2535082
2535081
2534294
2534293
2530654
2530653
2530652
2529421
2526578
2520905
2520900
2520899
2520896
2520862
2517946
2517845
2517844
2517839
2517835
2517549
2517091
2517090
2503551
2491166
2490845
2490839
2490049
2489212
2489207
2488227
2488221
2488220
2488219
2487296
2486357
2486355
2486354
2486351
2485815
2485813
2477776
2639799
2630202
2664384
2794655
2776828
2635363
2698324
2757857
17741044
2541924
29539655
2813702
2808872
2808871
2808869
2808865
2808864
2794701
2788405
2788025
2786794
2786792
2778604
2778603
2774208
2770669
2770668
2770661
2770660
2768622
2768229
2768228
2768227
2767590
2767589
2767588
2767587
2767586
2767585
2767583
2767228
2764772
2764768
2764767
2764341
2762183
2762181
2762180
2762018
2762017
2762016
2762013
2756818
2756093
2753307
2753218
2746320
2746316
2742003
2742002
2741868
2740839
2740836
2740835
2740832
2740831
2740830
2738382
2738250
2738249
2738246
2736894
2736893
2736892
2736794
2730255
2729197
2729196
2729195
2725880
2724168
2717741
2701289
2701229
2700690
2700408
2700407
2700283
2700200
2700192
2699694
2699692
2699589
2698343
2698342
2698261
2698260
2697026
2696881
2687154
2683048
2683047
2681307
2674397
2674396
2671075
2670125
2670008
2669700
2669698
2668901
2667701
2667700
2666315
2666312
2662782
2662781
2662780
2657030
2657029
2657025
2657024
2657023
2657021
2657020
2657019
2657018
2641177
2640916
2640915
2639878
2638822
2638069
2638016
2638015
2637631
2637630
2637420
2637419
2637418
2637417
2637352
2637308
2637307
2637302
2637298
2637264
2637263
2637262
2637260
2637259
2637252
2635965
2635963
2635962
2635961
2635558
2635386
2635274
2635107
2635106
2634837
2633225
2632673
2631879
2630271
2630269
2630268
2630267
2630265
2630264
2630261
2629719
2626767
2626170
2626168
2626164
2626163
2606790
2606787
2605607
2592881
2592880
2592878
2592877
2576840
2576335
2569706
2567643
2561565
2560602
2560572
2557977
2549024
2544844
2534546
2519921
2519920
2519917
2519916
2519270
2518055
2518050
2518047
2517758
2517757
2517756
2517536
2517110
2513842
2509525
2504135
2503583
2500995
2500631
2490006
2490003
2490002
2489726
2489723
2489721
2489715
2489713
2489709
2489647
2489644
2489643
2489642
2489641
2489638
2489637
2489222
2488216
2488215
2488212
2488210
2488209
2483547
2476355
2475194
2472590
2472491
2471405
2639808
2639807
2734936
2761783
2761764
2761763
2736167
2567606
2762803
2713863
2698539
2540784
29865656
2813754
2813693
2800727
2787889
2778957
2778863
2775708
2775702
2773280
2772947
2772941
2772938
2767144
2763611
2763411
2761380
2750879
2746414
2746410
2738833
2738566
2736056
2732337
2732336
2732335
2726088
2723206
2723204
2723103
2723101
2723100
2721757
2721755
2719405
2718974
2718972
2718969
2717156
2717154
2715893
2715660
2715545
2715544
2715543
2715476
2715475
2715472
2715469
2715468
2710832
2709221
2707366
2703697
2700761
2700726
2700725
2700724
2700256
2700255
2700251
2700179
2700122
2700120
2700118
2700117
2700116
2699683
2699592
2699423
2699422
2699418
2699062
2698496
2696956
2696128
2691170
2691169
2690848
2690847
2682746
2682745
2680650
2680648
2678819
2675995
2673344
2673342
2672421
2672419
2670588
2667019
2665513
2664149
2664145
2664142
2664141
2664140
2664139
2664138
2664111
2659624
2659145
2656769
2654802
2654797
2654249
2654246
2654229
2650946
2641203
2640527
2640329
2640039
2639242
2639241
2639239
2639238
2639234
2639189
2639188
2639186
2639185
2639184
2639057
2639056
2639051
2639050
2639044
2638068
2638066
2638013
2638012
2637900
2637897
2637520
2637518
2637517
2637501
2637033
2637032
2637031
2637029
2637027
2637025
2636270
2636192
2635795
2635441
2635383
2635382
2635380
2634621
2633270
2633269
2628813
2626407
2607294
2607293
2607291
2607289
2605858
2582521
2549236
2534814
2534252
2528620
2526285
2525620
2524161
2523917
2520892
2520887
2520886
2520884
2520879
2517847
2512654
2512098
2512097
2512094
2490142
2489218
2487861
2487859
2487855
2487854
2487853
2487852
2487851
2475615
2469682
2700349
2637872
2637869
2541339
2469482
2720419
2785811
2655678
2727525
2720403
2816116
2816115
2816113
2517629
2706165
2706163
2650727
21249041
19287598
2928905
2926541
2926540
2923323
2923317
2920542
2920540
2920539
2816088
2813684
2810893
2810892
2785536
2785210
2784985
2784088
2784087
2769597
2762512
2761967
2761964
2761962
2737370
2731668
2730429
2730427
2730426
2728927
2726205
2724034
2724031
2724029
2722090
2722089
2722088
2721797
2720042
2718764
2718761
2718759
2716100
2715365
2715360
2712350
2706777
2705413
2704976
2704974
2703352
2702169
2702166
2702163
2701291
2701268
2700406
2700397
2699415
2698905
2697078
2693131
2691084
2689605
2689604
2689336
2687450
2682743
2668832
2658936
2658935
2657542
2657011
2657010
2657009
2657007
2657002
2657001
2656314
2655370
2653051
2651502
2650532
2650531
2650530
2649974
2649813
2648422
2646990
2641959
2641957
2640939
2640793
2640792
2640790
2640454
2640451
2639520
2639518
2639514
2639458
2639456
2638896
2638894
2638890
2638063
2638030
2635379
2628948
2628946
2628945
2628943
2626325
2624718
2623724
2623605
2622151
2619788
2614739
2613887
2612636
2612635
2612634
2607286
2607285
2605601
2604962
2604959
2604958
2600649
2598891
2598887
2593069
2593068
2577514
2577299
2574666
2562021
2561410
2548139
2547124
2542536
2539718
2526053
2524434
2524151
2523086
2523085
2519262
2519261
2519151
2518367
2517805
2517632
2513181
2513180
2501411
2501410
2500804
2500802
2490122
2489583
2489579
2489578
2489577
2489575
2489571
2489570
2489568
2489563
2489143
2489142
2489140
2489139
2489137
2489135
2489129
2487846
2485798
2485099
2930573
2636176
2636175
2575082
2784976
2636169
2923728
2522308
2623991
2623987
2495138
2598698
2927931
2927930
2927929
2927920
2927279
2925716
2923429
2923288
2921757
2921756
2921749
2921747
2921745
2921744
2921428
2921396
2921394
2921393
2921387
2921385
2815176
2815174
2795482
2794926
2794925
2787545
2786872
2786870
2786012
2786008
2784861
2762250
2760856
2760854
2760853
2760852
2749837
2749827
2749823
2749822
2749818
2749816
2746448
2746447
2746446
2746445
2746444
2746106
2746104
2746100
2746099
2744272
2740863
2740862
2740861
2738051
2736689
2732788
2725448
2723200
2723099
2723098
2720476
2720475
2715869
2715862
2715861
2707469
2706664
2704219
2703800
2703261
2701255
2701228
2701050
2700723
2700722
2700362
2700359
2700358
2700356
2700214
2700211
2700208
2699829
2699827
2699826
2699572
2697878
2696139
2696125
2695850
2695837
2691624
2691304
2691302
2691301
2689355
2688671
2668504
2665199
2664116
2657371
2656792
2656790
2656788
2656787
2656768
2656766
2656764
2655843
2654342
2654341
2649440
2648862
2648240
2647246
2647245
2647242
2647236
2646915
2646901
2646441
2646404
2640746
2640682
2640680
2640091
2639734
2639037
2639036
2639032
2638058
2637914
2637913
2637912
2637911
2637907
2637375
2637368
2636022
2635355
2635194
2634847
2633224
2633222
2633221
2631080
2630575
2629755
2628866
2626878
2626690
2626334
2622468
2622467
2619930
2619928
2610301
2609355
2607281
2607280
2607279
2607278
2607277
2606273
2604059
2604057
2603085
2600643
2599663
2599530
2599248
2598579
2598516
2597299
2597298
2597297
2574706
2561604
2561602
2561600
2561599
2560600
2542514
2538053
2533710
2533709
2519223
2517646
2516626
2512084
2512080
2512079
2493491
2489904
2489901
2485706
2485697
2481009
2474645
2711481
2636164
2636163
2920133
2920126
2924158
2920119
2623984
2493893
29865620
21248898
21248895
2924952
2923790
2921379
2921377
2921373
2921370
2921030
2920165
2919065
2919061
2918396
2918151
2918139
2918137
2918132
2918131
2918130
2917458
2916468
2915849
2915802
2915615
2815170
2815169
2815168
2815162
2815159
2785594
2785284
2784736
2783901
2783900
2770034
2762854
2762853
2762504
2753445
2737677
2735495
2722085
2718755
2718754
2718753
2718751
2715953
2715952
2715948
2715945
2714392
2712339
2711123
2710095
2710091
2705941
2705940
2701227
2696932
2689248
2669143
2669020
2659813
2656977
2654373
2654370
2654366
2654365
2654362
2654359
2651874
2650671
2650668
2648069
2647599
2647598
2647528
2647134
2646524
2646332
2645335
2645087
2644784
2643828
2640644
2640638
2637315
2634840
2634839
2634399
2626731
2626319
2623971
2623598
2622500
2607275
2607271
2605816
2605764
2600518
2598886
2598885
2598884
2598883
2598882
2598881
2598880
2598879
2598878
2598871
2598870
2598869
2598867
2598865
2598863
2597378
2597374
2597372
2597371
2597369
2563680
2560298
2540105
2537484
2534847
2522317
2519251
2519250
2519249
2519248
2519245
2497202
2493042
2492915
2489706
2489705
2489694
2489692
2489691
2489684
2465331
2606554
2917092
2917090
2467728
2465319
2912481
2911885
31964014
29865629
17423214
11638123
2930324
2929733
2929190
2928746
2926364
2925450
2924848
2924017
2924013
2924012
2922685
2922224
2921712
2921414
2920385
2920384
2920381
2919511
2918282
2917415
2916751
2915846
2915845
2915404
2915337
2915336
2915334
2915131
2915050
2915048
2915047
2914996
2914462
2913105
2913092
2913090
2911438
2911081
2911078
2911076
2910028
2910026
2910025
2910024
2910022
2819183
2818525
2818522
2818270
2818265
2814829
2814828
2814420
2814418
2814378
2813464
2809074
2807775
2807498
2802174
2801005
2799425
2799354
2799352
2799351
2798981
2798978
2797916
2794007
2794004
2794003
2790855
2787937
2787062
2786650
2786649
2785462
2784073
2783769
2783460
2783431
2783051
2783050
2783048
2783046
2783041
2782607
2782021
2781184
2781182
2779300
2766319
2766316
2766312
2765312
2762859
2762745
2762743
2761331
2761330
2761329
2756467
2749804
2749802
2749799
2749786
2749785
2749224
2749221
2747466
2746518
2746407
2746406
2746404
2746402
2743468
2743379
2736900
2736583
2736577
2736576
2736572
2734701
2734698
2734696
2734284
2727632
2727184
2725789
2723570
2723569
2720110
2718727
2718719
2717905
2717904
2716752
2710073
2702613
2701499
2701496
2701195
2701141
2701132
2701123
2701102
2701077
2701076
2701074
2700648
2700503
2700487
2700429
2700013
2699879
2699764
2699760
2699705
2699704
2699703
2699060
2698399
2697043
2697039
2695965
2695847
2694289
2692960
2692542
2692154
2692006
2692004
2692003
2691999
2691367
2691364
2690478
2690396
2690392
2690390
2690389
2690388
2689830
2689542
2689148
2689145
2688890
2688668
2688667
2688614
2688612
2688611
2688488
2688487
2688486
2686596
2685949
2685948
2685946
2685871
2683595
2683178
2681731
2680457
2680421
2678456
2678454
2678417
2678415
2678301
2678300
2677892
2672077
2669016
2667841
2665341
2665196
2665190
2661000
2659634
2658402
2652364
2648860
2648859
2648858
2647169
2646632
2646421
2645069
2645068
2644421
2644419
2644418
2644415
2644404
2643649
2643646
2643536
2643449
2643448
2643074
2643072
2642966
2642929
2642826
2642825
2642824
2641434
2641428
2641427
2641425
2640762
2640761
2640760
2640756
2640754
2640753
2640751
2640750
2640637
2640636
2640634
2640633
2640630
2640522
2640517
2640365
2640325
2640322
2640212
2640209
2640181
2639866
2639864
2639863
2639602
2639495
2639494
2639493
2639464
2639377
2638888
2638882
2638873
2638866
2638859
2638809
2638489
2638485
2638401
2638176
2638173
2638026
2638021
2638020
2637495
2637399
2637051
2635784
2635783
2635782
2635567
2635341
2635189
2635188
2634918
2634714
2634418
2633286
2633264
2633206
2632291
2632290
2628961
2628941
2628940
2626800
2626797
2626792
2626566
2626565
2625643
2624561
2623968
2623713
2623591
2623169
2623148
2623147
2622494
2613857
2613115
2613113
2610628
2610627
2610624
2610621
2610614
2610611
2610581
2610569
2609907
2607267
2607266
2607265
2607264
2607262
2607261
2606394
2606265
2605818
2603833
2603126
2602718
2602714
2602712
2602711
2602708
2602707
2602706
2602705
2602702
2602700
2602699
2602698
2601603
2601599
2601598
2600738
2600513
2599806
2599781
2599659
2599658
2599657
2599656
2599321
2598857
2598852
2598671
2598663
2598662
2598573
2598231
2598206
2598202
2598201
2597329
2597294
2597054
2597052
2597051
2597050
2597044
2597042
2597040
2597039
2597037
2597036
2597035
2597034
2597031
2597026
2597023
2597021
2597016
2596749
2595531
2594749
2594748
2594746
2594744
2592058
2589638
2587823
2587822
2587821
2577384
2576918
2576324
2575250
2572031
2571269
2570676
2568186
2562278
2561430
2560833
2560592
2560367
2559054
2559053
2559051
2559050
2558643
2558640
2558639
2558464
2557681
2557184
2556987
2556986
2556984
2546095
2540206
2535201
2535166
2535165
2535024
2535012
2534872
2534825
2534813
2534760
2534547
2534436
2534433
2534383
2534010
2534009
2533837
2532827
2532797
2532388
2532247
2530732
2530731
2529716
2529715
2529710
2529409
2528873
2528253
2528252
2528250
2528249
2526439
2526437
2526436
2526435
2526433
2526430
2526428
2526425
2524672
2524573
2524567
2520875
2520873
2520870
2520869
2520868
2520864
2520714
2520349
2520346
2519908
2517874
2517818
2517570
2517011
2516363
2513383
2513166
2512575
2505315
2504493
2503327
2497619
2493662
2492311
2491390
2490793
2490265
2490257
2490252
2490250
2490128
2490127
2490119
2489995
2489993
2489898
2489897
2489893
2489892
2489890
2489884
2489883
2489882
2489881
2489880
2489879
2489878
2489877
2489876
2489875
2489874
2489873
2489872
2489871
2489681
2489679
2489677
2489523
2489390
2489389
2489388
2489386
2489385
2489384
2489383
2489382
2489381
2489380
2489378
2489275
2489187
2489186
2489184
2489183
2488966
2488902
2488898
2488896
2488740
2488737
2488725
2488032
2487330
2487207
2486772
2486756
2486752
2486709
2486699
2486455
2486347
2485649
2484420
2484173
2483064
2481244
2479197
2479118
2475991
2472718
