24027799
24027798
30895113
30895065
30895047
30895030
30894993
30894972
30894971
24130037
23950016
23606575
24325659
23365018
24081631
26843756
26843745
24354935
23475586
24373419
24373248
23589404
26288310
24202189
24164489
23955967
24299552
24295451
24283497
24175964
24175951
24131612
23856344
24041299
23782420
26028828
24128078
24118914
24112624
23915197
23910497
23879615
23590639
24374984
24357604
23946258
23919598
23406954
24346334
24330326
24326745
24107220
23837613
23837502
23815482
23772806
25861195
25838706
25729236
25729233
25713981
24097924
23852077
23848341
23841567
23533047
24360220
24357555
24346335
24249356
24220847
24149578
24037037
24037036
23990217
23955196
23948945
23946269
23917415
23917414
23917413
23912781
23912780
23884903
23868367
23828493
23793339
23793337
23780710
23714260
23631704
23573806
23510339
25642191
25646137
25646134
25601840
35477219
27007188
25650268
25618584
24374983
24374982
24341781
24341573
24313325
24313303
24307350
24299114
24299007
24298982
24289301
24267395
24245753
24202697
24107230
24020722
23990107
23899163
23815434
23682930
23660738
23636296
25551383
26019729
25614770
25614768
25694797
25589872
25674475
25512839
25553140
25501558
25498562
25540624
25494182
25494181
24268907
25932066
25584025
25506228
25463971
25463050
26942106
26225027
26225023
26225018
26225010
26225008
26225007
26199542
26199532
26199529
26199523
26199522
26199521
26199519
26199518
26199517
25694945
25606385
25561850
25489167
25489157
25283689
25040354
24375756
24370576
24367066
24355872
24354524
24329929
24316662
24259448
24148020
24147971
24118357
23965291
23720448
23490397
23480201
23446261
23347075
25538917
25512764
25506248
25469153
25427173
27355078
25436021
25484868
25904974
25550923
25493068
25419251
25419249
25396425
25405076
25429361
25419174
25390347
25426079
25386937
25386892
27433532
25380304
25380047
25379668
27081510
25372137
25369032
25469120
25279692
24372870
24372860
24360932
24354919
24320743
24218015
24118392
24025125
24024479
24021057
24021020
23946239
23946230
23798356
23766246
23766136
23477663
25400590
25360532
25400715
27379317
27379294
25354351
25354041
27355026
25379354
25360184
25626770
25360156
25364232
25352923
25352922
25338076
25337830
25550885
25550827
25419382
25419364
25332848
25352921
25346697
25339913
25295956
25295587
25349500
25337532
25290449
25339911
25279551
25289192
25275499
27437445
24353076
24224514
24118270
24112650
24100074
23998296
23937306
23865554
23598610
23448501
23339331
23289878
25317212
25317210
25349492
25309457
25284997
25250733
27355025
25349487
25285079
25229891
25225799
25400796
25317064
25222483
25309443
25203534
25202969
25249980
25214780
25183912
25183906
25183903
25018600
25018598
25018593
24379108
24352580
24350660
24344987
24342733
24338091
24332815
24327235
24327234
24315416
24309632
24299446
24292424
24287891
24283507
24281973
24281895
24251824
24224528
24205878
24162614
24136676
24131476
24112124
24047436
24002077
23937262
23915130
23799997
23786485
23772703
23750807
23740399
23568626
23525867
23289887
25574329
25221518
25225610
25202282
25395711
25144538
25141301
25221772
25170281
27379321
25118986
25342986
25105665
27437487
25101640
25099537
25093506
25664287
28324482
25244219
25244217
25084357
24556494
24378084
24359164
24354649
24354434
24353075
24334300
24330275
24320004
24308632
24301056
24289752
24283267
24266873
24266653
24265113
24261712
24261690
24256458
24253033
24251386
24245488
24219336
24215116
24182358
24128049
24123189
24118966
24118334
24118310
24102429
24014738
23947938
23946209
23919737
23914926
23897744
23795973
23750735
23730807
23718206
23621393
23596010
23595996
23560723
23559565
23371877
27081499
25079563
27602375
25061843
25104939
25058650
27379257
25054380
25147465
25092969
25047033
25076847
25100974
25036099
25029167
25028938
24361392
25097835
25010348
27437506
27437463
25031783
25071586
24988443
25039380
24998111
24935555
24374971
24364753
24330189
24325621
24317876
24313735
24306679
24304290
24287889
24285777
24274955
24269646
24266613
24264638
24255941
24252060
24240949
24237197
24215204
24215201
24211471
24188695
24164167
24134733
24131387
24127866
24118004
24107320
24070039
24060002
24045341
24035288
24026430
24026390
23992204
23991903
23972203
23937404
23934088
23934087
23900995
23872868
23864436
23850683
23836051
23835570
23813272
23744363
23730776
23604464
23600566
23584400
23563749
23556467
23551427
23519913
23494104
23494103
23479310
23450799
23445216
23334869
23315202
25061281
25097675
24332618
24967595
25077166
25018658
24941003
25120817
24949082
24982612
24927024
24918431
24949240
24914642
25110582
24901454
24862720
24862715
24862713
24862712
24757352
24731480
24352874
24338356
24334221
24309977
24304227
24290847
24289730
24271504
24236691
24224960
24224959
24215202
24202437
24197970
24171498
24164394
24152133
24140995
24138387
24138297
24132830
24129705
24127993
24118923
24118894
24118675
24118202
24118182
24117977
24112609
24112559
24111843
24111689
24111671
24111651
24102741
24101590
24008371
24001042
23998278
23991864
23991722
23956330
23913183
23890162
23882088
23808836
23787192
23602018
23560797
23512234
23294324
24899864
24870376
25191628
24936388
24955238
24846008
24971164
24841926
24893948
24893781
24893595
25368740
25031758
24368416
24828138
24823714
24944822
24899837
24816837
24809979
24826207
24806431
24804794
24804680
24801528
25685506
24902674
24789143
24767572
24767571
24767569
24767566
24767562
24767561
24712511
24712510
24712508
24712506
24521173
24362885
24360013
24360008
24357526
24355507
24354859
24347366
24343797
24343779
24321350
24316278
24314857
24313875
24304226
24270857
24251634
24241772
24238991
24237320
24219998
24219652
24213700
24210807
24198383
24191870
24188122
24171502
24171501
24160997
24151926
24147749
24147747
24147745
24144384
24136616
24119064
24117978
24111810
24103086
24067051
24048949
24048948
24034670
24033564
24033447
24024956
24005758
23998461
23996403
23996402
23987242
23984990
23979354
23974801
23964632
23963782
23963618
23963616
23962045
23958438
23957664
23943256
23937406
23937377
23921851
23919624
23919623
23919411
23909804
23904173
23900793
23896729
23895252
23889673
23879344
23865728
23857925
23844867
23784952
23774746
23773519
23742079
23733534
23733418
23679230
23595424
23559558
23483297
23413918
23289823
25408887
24795649
24944840
24944821
24748407
24955199
24955196
24955179
24955150
24319098
24733485
24733244
24732967
24765581
24718096
24709990
25075299
24799965
24772265
24860645
25729593
25093121
24817995
24800054
24715789
24715787
24697960
24697959
24666919
24666918
24666911
24666910
24666908
24666907
24666903
24666893
24582215
24445004
24411103
24394774
24373857
24373856
24366187
24355510
24331852
24321310
24314858
24308765
24304615
24301488
24200522
24195742
24176627
24171838
24171701
24147894
24147592
24138126
24138100
24120523
24118990
24118861
24118630
24118594
24117607
24112516
24103525
24102497
24102096
24091003
24033742
24018126
24006917
24006101
24004092
23990368
23964635
23963961
23963299
23900791
23893606
23892502
23889912
23889592
23889557
23879854
23873326
23873324
23873322
23868293
23860621
23856808
23851938
23850159
23846213
23835900
23834522
23832616
23829676
23829469
23828194
23826643
23825160
23822907
23820759
23815501
23812822
23810516
23805819
23805809
23793456
23790966
23780856
23773972
23725026
23713517
23713486
23710667
23679350
23668795
23651333
23647556
23589442
23577782
23469936
23338936
24753800
24753797
24753796
24753793
24970955
25006466
24675997
24671207
24658174
24672229
24638087
24753741
24374475
24633211
24550322
24619024
24603896
24603688
24603467
24598585
24688850
24624055
29539502
24720855
24689072
24605006
24605005
24605003
24605002
24605000
24604997
24581859
24581857
24581852
24581849
24565671
24565670
24565669
24565667
24565666
24565663
24565654
24565653
24565652
24565651
24565650
24565649
24565648
24548508
24548505
24528789
24528577
24440132
24424790
24388178
24388004
24375543
24373736
24368256
24368141
24360092
24357603
24356441
24356440
24342581
24323544
24323494
24321294
24316344
24314570
24311539
24308901
24301537
24292426
24288165
24286638
24273047
24264332
24261921
24259250
24256558
24256094
24246255
24211858
24205851
24199605
24178751
24170303
24162799
24148825
24147769
24147746
24144270
24144268
24136643
24136564
24132386
24125075
24124118
24122033
24111809
24102949
24080168
24056046
24042067
24001108
23996066
23992471
23987243
23974652
23944222
23937517
23924404
23895254
23883305
23875789
23869648
23865581
23862715
23860042
23848069
23848067
23848066
23829648
23829599
23805810
23802644
23802643
23802640
23802637
23800195
23793815
23789732
23775827
23772839
23757421
23725030
23711350
23704315
23701232
23670172
23657668
23607641
23600896
23556414
23496287
23421420
23400245
23370574
23344615
24586248
24587267
24587000
24611053
24596696
24342718
24591847
24586803
24586473
24600492
24695943
24559546
24520423
24688386
24683344
24550998
24611094
24611092
24611086
24550845
24520309
24551447
26183508
24666269
24485438
24478080
24461422
24461421
24461417
24461416
24461412
24461408
24461406
24461403
24461402
24461401
24461400
24461399
24461398
24461396
24461395
24460589
24449199
24444306
24423177
24423175
24411636
24411399
24411356
24405030
24396427
24374001
24373933
24372138
24370195
24370193
24370192
24370187
24370186
24370184
24370181
24365729
24361423
24357499
24355511
24354534
24352500
24350793
24347386
24345734
24334408
24333956
24332521
24332410
24331848
24329876
24328635
24326095
24317254
24316873
24316342
24315880
24314915
24314572
24311462
24311251
24307456
24300310
24296164
24296163
24295823
24287255
24285861
24285024
24280115
24272790
24269764
24262946
24262207
24255934
24252317
24251829
24246472
24246198
24242977
24242830
24239924
24239279
24239223
24227163
24226751
24210730
24206110
24189117
24189114
24171664
24164645
24164573
24161516
24117172
24117147
24117102
24116736
24098948
24097047
24081863
24076519
24063732
24060546
24057668
24038330
24034716
24032400
24011354
24001968
24000235
23998481
23997026
23992098
23977842
23974864
23957784
23952107
23948160
23943361
23939820
23907622
23890275
23890209
23889780
23889509
23888880
23881737
23865892
23830803
23809886
23809866
23796195
23786404
23783068
23758092
23727733
23725028
23710943
23701239
23701197
23675634
23649551
23647520
23647286
23646891
23639141
23617685
23611650
23611485
23598609
23586804
23583116
23566116
23562527
23546646
23535117
23488657
23480134
23437854
23425258
23382468
23374758
23355390
23346895
23314329
23305115
23297838
23294441
24550840
24498136
24498060
24498022
24489960
24489684
24672365
24627870
24616615
24494060
29805868
24475170
24493960
24465895
24575025
24465840
24315624
24578653
24466169
24465427
24574904
24932330
24574869
24526901
24531165
24470774
24454686
24246498
24075212
24072800
23847156
24550714
24454754
24416220
24354267
24344282
24400088
24511282
24268798
24494025
30049128
28191506
27057258
27050065
26995807
26688983
26688982
26685634
26591114
26528037
26528022
26527994
26521370
26054183
26054181
26054180
26054178
26054177
26054175
25951691
25951673
25946859
25942341
25896037
25895415
25848792
25827009
25804015
25799863
25799856
25796802
25775091
25771651
25745710
25745709
25737919
25720443
25672680
25672678
25651710
25638928
25611292
25611272
25610667
25610666
25610665
25610663
25610476
25610465
25606335
25589282
25588403
25588392
25588338
25588337
25587463
25587462
25587461
25587460
25587458
25587276
25580327
25580307
25574976
25574749
25570929
25570356
25569924
25560690
25558763
25558761
25558760
25558759
25548778
25548769
25548674
25544903
25544842
25538964
25534432
25532099
25532097
25531020
25531019
25530968
25530938
25530890
25530889
25530761
25530681
25530465
25525525
25525437
25525297
25523955
25522702
25520940
25517895
25506609
25506437
25506436
25506435
25506011
25505997
25503477
25489487
25485840
25485406
25485304
25485158
25483385
25478246
25477961
25477039
25471814
25471157
25437945
25437658
25436157
25434032
25431994
25431692
25431690
25431687
25431601
25430459
25422823
25422822
25420763
25420567
25419457
25409634
25405402
25405238
25401161
25400955
25400954
25400664
25400662
25400302
25399364
25397690
25386603
25383385
25383384
25383368
25379516
25379309
25379295
25379294
25379041
25377585
25377579
25377572
25377571
25374700
25373564
25372197
25371829
25371828
25371824
25369337
25364198
25354082
25348813
25343049
25342640
25342545
25341525
25341072
25337936
25337607
25335362
25335359
25329127
25329113
25328526
25328524
25328523
25325207
25323870
25323543
25323216
25319466
25316241
25313117
25311342
25310609
25306590
25298727
25298721
25298719
25298718
25298717
25298710
25298709
25297855
25295060
25293522
25292128
25290380
25289386
25289385
25289382
25282729
25276787
25276439
25275257
25273046
25273039
25271966
25271964
25268557
25266523
25264049
25254254
25254122
25254121
25254048
25252262
25252260
25252256
25252255
25252254
25250503
25250501
25250498
25250497
25250494
25250492
25250179
25247203
25247172
25245201
25229787
25229786
25229785
25227040
25226926
25226923
25224399
25219993
25219992
25219990
25219988
25216077
25215248
25215247
25212557
25209226
25206244
25206243
25206242
25206241
25206240
25206239
25206236
25206235
25206233
25206231
25206230
25206229
25202746
25202731
25202718
25202458
25199992
25198399
25197718
25192449
25184496
25182265
25182264
25178330
25177502
25173164
25171632
25171624
25171623
25166770
25166769
25166765
25166762
25165689
25165606
25165584
25159307
25159058
25144179
25143838
25143020
25141017
25141016
25140721
25140720
25140718
25140717
25140716
25140261
25139394
25136363
25134963
25133000
25132999
25130130
25122977
25121127
25121107
25115106
25114809
25114713
25110703
25109101
25105031
25102720
25102719
25101301
25101282
25101187
25101126
25101125
25098824
25098158
25087662
25087660
25087659
25080111
25076373
25073858
25073755
25071149
25065115
25061528
25057501
25057422
25055236
25050182
25050122
25045729
25045714
25045546
25045545
25045359
25028691
25028688
25028687
25028684
25025039
25024852
25024841
25024839
25024836
25024835
25024733
25018770
25013730
25013548
25013455
25012617
25006282
25004633
25004632
25004631
25003787
25003786
25002982
25002883
25000603
24993694
24993646
24993274
24993273
24993270
24993269
24993268
24993267
24993264
24993263
24993261
24993260
24993259
24993258
24993257
24993256
24993255
24993254
24993253
24991631
24990787
24990780
24990167
24988886
24988883
24987734
24987659
24987658
24987603
24987602
24987534
24987419
24986630
24982959
24982899
24971228
24969999
24969992
24967433
24967352
24966759
24966756
24966753
24966752
24966749
24966748
24966747
24966744
24966743
24965956
24965954
24965951
24964675
24964566
24963421
24963420
24963400
24963302
24963296
24963295
24959181
24959049
24959034
24959031
24956098
24956092
24955367
24955281
24955275
24955260
24955259
24949989
24949436
24949422
24946875
24943674
24940807
24940625
24939278
24939276
24939274
24939273
24939272
24939271
24939269
24939268
24939267
24939266
24939265
24939263
24939262
24939261
24939260
24939258
24933799
24933798
24923315
24918652
24918368
24918366
24918365
24918361
24914427
24914425
24911192
24910684
24910683
24910680
24910679
24910674
24910672
24910671
24908964
24903086
24903084
24902889
24900928
24900927
24896784
24895538
24893645
24883415
24881583
24878674
24878670
24877093
24872900
24868295
24867519
24865211
24864131
24858121
24853188
24853026
24852946
24852609
24852420
24852305
24851845
24847547
24846915
24839821
24838896
24838895
24835469
24829580
24829529
24826377
24824058
24824056
24824055
24824054
24818441
24818130
24818096
24818093
24818092
24817890
24812731
24812724
24808716
24808714
24808712
24808710
24808708
24808704
24808700
24808699
24808696
24808693
24808690
24808688
24804241
24804126
24802205
24799795
24795891
24793837
24791467
24789298
24789297
24789287
24789286
24789285
24789284
24786351
24786346
24786137
24783648
24781132
24781130
24781129
24781122
24781118
24779327
24778652
24772355
24766060
24748316
24748310
24748308
24748303
24748302
24748301
24748293
24748292
24748291
24748290
24748119
24744552
24744543
24744541
24744540
24744539
24744536
24741801
24741800
24741376
24741230
24739817
24738503
24738149
24738034
24732521
24732081
24730252
24729853
24728238
24723954
24720148
24719973
24719722
24717928
24717925
24717712
24717711
24717704
24717702
24717701
24717700
24716301
24716003
24716000
24715999
24715998
24715997
24715996
24715995
24715994
24715993
24715992
24715989
24715164
24713568
24713567
24713566
24713565
24713563
24713560
24713558
24713555
24709435
24709431
24709430
24709428
24709427
24707409
24707119
24707118
24705758
24704642
24697881
24696846
24696685
24696591
24696588
24695780
24693304
24693302
24693295
24688798
24688574
24688573
24688570
24688568
24688563
24688562
24688561
24688560
24688559
24688553
24684121
24684041
24684025
24683924
24678464
24678234
24678232
24678213
24678210
24678206
24678203
24678195
24678191
24671748
24671713
24669332
24665478
24660644
24660642
24660641
24660201
24660198
24660196
24660189
24660071
24659699
24654500
24654497
24654412
24654369
24654367
24654366
24653950
24645583
24643218
24642975
24640484
24640479
24640475
24626645
24626450
24626252
24626251
24626249
24624399
24624396
24624395
24624394
24624392
24624385
24624384
24624383
24624381
24624297
24623948
24621772
24621765
24620436
24620435
24620434
24619786
24619781
24619780
24619779
24605724
24605317
24605295
24603346
24603282
24600194
24598335
24598236
24596806
24596804
24596803
24596800
24596797
24596796
24596795
24596794
24596793
24596788
24596784
24596782
24596017
24593143
24592388
24588827
24588088
24585419
24585415
24585222
24583648
24583645
24581189
24578706
24577073
24577029
24576962
24576961
24575307
24571528
24564654
24563448
24556642
24556607
24556583
24554869
24554868
24554866
24554864
24554862
24554861
24554859
24554858
24554856
24554855
24554852
24554098
24552072
24552068
24552067
24551431
24533934
24531610
24531609
24531605
24531604
24531603
24531599
24531597
24531596
24531595
24525450
24523969
24523324
24516763
24511515
24511512
24510823
24509889
24500034
24498691
24493972
24492126
24492122
24492118
24492107
24492104
24490009
24488918
24487243
24486728
24481125
24481085
24481006
24480989
24480885
24474506
24473777
24473625
24473226
24457892
24457872
24457860
24451957
24451865
24451863
24448924
24448533
24447988
24445010
24442554
24442553
24442552
24439586
24437604
24437602
24436494
24423941
24413141
24413116
24411545
24411151
24408819
24406627
24406616
24406592
24406585
24406574
24402386
24401361
24401359
24401355
24401352
24401349
24401343
24398377
24396848
24396846
24396844
24396842
24396839
24396838
24396836
24396381
24396380
24396376
24396375
24396373
24396372
24396371
24396370
24393477
24392495
24392493
24392491
24392490
24392481
24392479
24392478
24392477
24392475
24385523
24382371
24382367
24382366
24377684
24376354
24373661
24373659
24373658
24373657
24373656
24373653
24373651
24373650
24373257
24371128
24365934
24362557
24359958
24356643
24355708
24355560
24354926
24343791
24342703
24341687
24341641
24339313
24336480
24335143
24332330
24332327
24332006
24332005
24332004
24332002
24332000
24331998
24331991
24331990
24331989
24331988
24331987
24331986
24331985
24331983
24331954
24331566
24331564
24329607
24328607
24326812
24326811
24326807
24326804
24326801
24323921
24321530
24318946
24318939
24318938
24293180
24287325
24287304
24286655
24286653
24286649
24286648
24286646
24280695
24269900
24269831
24269668
24268247
24268228
24262808
24259279
24258001
24257741
24255962
24252802
24252801
24252618
24248036
24246721
24246370
24242778
24242241
24239927
24218060
24217468
24217151
24217059
24217007
24216710
24216573
24215549
24210728
24209597
24200871
24199603
24196488
24192938
24191261
24190651
24186560
24185754
24184062
24183604
24182843
24177594
24170803
24170371
24170040
24166846
24162002
24161260
24155265
24146200
24146021
24145147
24144124
24142257
24140070
24139310
24133225
24128748
24126952
24126532
24126109
24121911
24121193
24118659
24117498
24117017
24114252
24113890
24113132
24102355
24100638
24100636
24095848
24094896
24077432
24073795
24070496
24068600
24065635
24065634
24061606
24061605
24043634
24043482
24006481
23993945
23992786
23989902
23982199
23980632
23975681
23975228
23962494
23959806
23958459
23957048
23934635
23929728
23921979
23891015
23890932
23883306
23873320
23865583
23859633
23853033
23841541
23835864
23834272
23828625
23819593
23810681
23810680
23802641
23802636
23786609
23786596
23786595
23786403
23772873
23771212
23771181
23764863
23750656
23749245
23749244
23740319
23725409
23724962
23718212
23718211
23713807
23712823
23712822
23710836
23703030
23702840
23701176
23695612
23692316
23688103
23688101
23680969
23679579
23675741
23663529
23662996
23649954
23647356
23647234
23646854
23646853
23638766
23636610
23636568
23624552
23621697
23604784
23604697
23600860
23581287
23578250
23553994
23525891
23525890
23525860
23525859
23517053
23515945
23508627
23504207
23504206
23504204
23494455
23494453
23463961
23460022
23432693
23408192
23397452
23385426
23357053
23349123
23346907
23317396
23283584
23263522
23245692
23239387
23237432
23224521
23212445
23210667
23184419
23148454
23011475
22986701
22970853
22939324
22939321
22788245
24516774
24391927
24391684
24380391
26858883
24511332
24421866
24386438
24386179
23996301
24490085
24490079
24373700
24386387
24246038
24386401
24386326
24376796
24197413
24513937
24391540
24367696
24367478
24355082
24353242
24353116
24367690
24353078
24346989
24343088
24343087
24343086
24453788
24386632
24343855
24296357
24379894
24337269
24330669
24349465
24338830
24338792
25113476
24379266
24349205
24336781
24330738
24326781
24391462
24339946
24327558
24325653
23642070
24321365
24012462
24324782
24314305
24339873
24314034
24311413
24311410
24310847
24309744
24141287
25113344
24324657
24324627
24400037
24312507
24295071
24175617
29539567
27193280
25620853
25161429
25161425
25117394
24971289
24896605
24803844
24776439
24724145
24724140
24724139
24724138
24716244
24712472
24696992
24640442
24640438
24640437
24640432
24626589
24626588
24626587
24626586
24626585
24626584
24626583
24626581
24626580
24626578
24626577
24626541
24624645
24624644
24624642
24611349
24597037
24597029
24592723
24575528
24575527
24558719
24555251
24551742
24551736
24551735
24551734
24551732
24551731
24551727
24551720
24520608
24516819
24505562
24501602
24495726
24495721
24495720
24469139
24469129
24469128
24469126
24469124
24469119
24466522
24458683
24455441
24455440
24455439
24455098
24455097
24455091
24455089
24455086
24453457
24453455
24453453
24453451
24453449
24453446
24453444
24453442
24453439
24437304
24437303
24437297
24437296
24437295
24437293
24437284
24436770
24432110
24431893
24431892
24431882
24431876
24431798
24431793
24431785
24431784
24431780
24431779
24431778
24431775
24431774
24431769
24431768
24427803
24427605
24423675
24423672
24397215
24396740
24396738
24396736
24396332
24390035
24390034
24390032
24390031
24390029
24390027
24390023
24390020
24390018
24390015
24380071
24380070
24380069
24380066
24380062
24380060
24380036
24368797
24360260
24360212
24359662
24357825
24357824
24357823
24357819
24357818
24357765
24357764
24357592
24357562
24357561
24327141
24322517
24322516
24320925
24320924
24320923
24320922
24320909
24320902
24320901
24320061
24319135
24316859
24313588
24313586
24313585
24313580
24309783
24304998
24301235
24297966
24297961
24297960
24289739
24287337
24286953
24286915
24286914
24286911
24286910
24286909
24286908
24284994
24284735
24283283
24283282
24283279
24282268
24282266
24282264
24280550
24280548
24280546
24279668
24279665
24279664
24279660
24279657
24279656
24279654
24279653
24278962
24275222
24267586
24263033
24256262
24252223
24238786
24238468
24238467
24238462
24238460
24238457
24238455
24238453
24238450
24238447
24238445
24238444
24238443
24238442
24238440
24238438
24238437
24238435
24238433
24237742
24237356
24234514
24230477
24225779
24220347
24219120
24215832
24210658
24210657
24206400
24200307
24200305
24192536
24189113
24188345
24185463
24183941
24183536
24182949
24180256
24176628
24176183
24176180
24172245
24169079
24168898
24158341
24158340
24158338
24158333
24158332
24158144
24157244
24156909
24155263
24148964
24148141
24148099
24144520
24140858
24138315
24136675
24135294
24135165
24130093
24127905
24127188
24126688
24125632
24123415
24120922
24120651
24120211
24119328
24118092
24117794
24112221
24111948
24111819
24106181
24103583
24103046
24102545
24101129
24097854
24095005
24094161
24092917
24088667
24081330
24077258
24076092
24075850
24072097
24071617
24071377
24063947
24056366
24054862
24050393
24048723
24045647
24045186
24041638
24030836
24030557
24028859
24013139
24012518
24012517
23999741
23996541
23996194
23992442
23988014
23987742
23954325
23947480
23945511
23934584
23932767
23931128
23927898
23911599
23899607
23891010
23890229
23873330
23872338
23863195
23857548
23846214
23845297
23834229
23832975
23832269
23802693
23793984
23786466
23775591
23748245
23746678
23746079
23740413
23737008
23731065
23727526
23722005
23703840
23700580
23698706
23673900
23670647
23653900
23647615
23636814
23621118
23621098
23617276
23617242
23603087
23594115
23593646
23593639
23581542
23571066
23566178
23566100
23560257
23551089
23550590
23549991
23537125
23525675
23472878
23465078
23454264
23451990
23451986
23441643
23411471
23410180
23402730
23398352
23385425
23383978
23377777
23371757
23371755
23364951
23358705
23349422
23347349
23347348
23344617
23340717
23321851
23314330
23307804
23271215
23242816
23242815
23222882
23138750
23067514
23025467
23009179
22998461
22957911
22925006
22882586
22804834
22804823
22783890
22700316
22676323
22630350
22607635
22453056
22390742
22376232
22251879
22251669
22103780
21905903
21750240
21332328
24358064
24358063
25112988
24312213
24279504
24379743
24324464
24174593
24272130
24050947
24267924
24264502
24325795
24278237
24383305
24278477
24278334
24278319
24260129
24252616
24247119
24173630
24514401
24348143
24245817
24238222
24012859
25277905
24340277
24298258
24294356
24260154
24184667
23962696
25112634
24244680
24229381
24228289
24300332
24226169
24326158
24225732
24399893
24273514
24382165
25277937
24201648
24201622
24201615
24568772
24326143
24197669
24195646
25277918
24195796
24195640
24195632
24194456
24255817
24190003
24635459
24427486
27595120
26171338
25438592
25277590
25124351
24910667
24910664
24910662
24910660
24858777
24858776
24858773
24858771
24858767
24858766
24858760
24858754
24858752
24858751
24858748
24858746
24858745
24858741
24789394
24660420
24600766
24600764
24580667
24580659
24579257
24571505
24571503
24571402
24568171
24554898
24554894
24554893
24554891
24554890
24554887
24554882
24552950
24552947
24552946
24552943
24552941
24552938
24552936
24552935
24552929
24552928
24552926
24552923
24552921
24533026
24513076
24513068
24502091
24498618
24484554
24480580
24477731
24474367
24474366
24474364
24474363
24474359
24474357
24474355
24474354
24474352
24473729
24473724
24473718
24473716
24473714
24451426
24451420
24450249
24444633
24431314
24397196
24394030
24392429
24392427
24386768
24380142
24380141
24380140
24380136
24380135
24380134
24380133
24379875
24379871
24379870
24379867
24379865
24379864
24379862
24379860
24379858
24379856
24378547
24378544
24358550
24353889
24353886
24353885
24353882
24353880
24353872
24351157
24351155
24351153
24351151
24351148
24351147
24351145
24349847
24347900
24347899
24347898
24347897
24347896
24347893
24347890
24347888
24347885
24347883
24347882
24347880
24347879
24347878
24346050
24340689
24340688
24340686
24339526
24329233
24323959
24308403
24308402
24308401
24308400
24308399
24308393
24308392
24308391
24307829
24303363
24303362
24303360
24303358
24303357
24303356
24303353
24280506
24278958
24278945
24278944
24278931
24278930
24278929
24278924
24273278
24264666
24261441
24248432
24247749
24238115
24237837
24237795
24224969
24224968
24223483
24220452
24220403
24220386
24220385
24217102
24215348
24198787
24192748
24192747
24192746
24192744
24192742
24192740
24192737
24192736
24192735
24192729
24192409
24190448
24189183
24182590
24182589
24182586
24182579
24180590
24180588
24179968
24179966
24177406
24176690
24175989
24173364
24173362
24164568
24164226
24164225
24164224
24164223
24162135
24161817
24158584
24158583
24154801
24152010
24141048
24139276
24139275
24139274
24139273
24139268
24139267
24139266
24139265
24139257
24139255
24139254
24139253
24139252
24139251
24129814
24127759
24124058
24116369
24116368
24116365
24116361
24116359
24116358
24116357
24112740
24112738
24112736
24112732
24112730
24112727
24112726
24112721
24111976
24104927
24104725
24100271
24096963
24095213
24091039
24090911
24084146
24081283
24080322
24078974
24067353
24065636
24065204
24062221
24056369
24056227
24056223
24055806
24055115
24053114
24050766
24043711
24043508
24036521
24026952
24024985
24024983
24021626
24021623
24018462
24014231
24011496
24004965
24002438
24001506
23998946
23998624
23998457
23996628
23994709
23992778
23986369
23973048
23962967
23955160
23954577
23954574
23948394
23948392
23948166
23948165
23938180
23934205
23932194
23921377
23919401
23913503
23912496
23911142
23909891
23907086
23906788
23897721
23891256
23890798
23889702
23879293
23878845
23867990
23857911
23838279
23834971
23829545
23822168
23817165
23813975
23806417
23802751
23802638
23796274
23790589
23780580
23773366
23772438
23767883
23765401
23763956
23750535
23749297
23746422
23745977
23729695
23722145
23718693
23712325
23711096
23707537
23696628
23683034
23678998
23672280
23665952
23650934
23647197
23645503
23644040
23638809
23638808
23638807
23638806
23638767
23627898
23627897
23627881
23627845
23625589
23611038
23602884
23594090
23588259
23586657
23586624
23581794
23570300
23570298
23570297
23570296
23570295
23561002
23560980
23560363
23550914
23539212
23530813
23530812
23521079
23518003
23494172
23454330
23421870
23394209
23394208
23391033
23387429
23374087
23371921
23356838
23355492
23355482
23355451
23347346
23346935
23336821
23334996
23331414
23331274
23327113
23305168
23305112
23281798
23261813
23237431
23224046
23224040
23192286
23190278
23171469
23171351
23167694
23135786
23135785
23135427
23114880
23111639
23064946
23050658
22952325
22882602
22882574
22849663
22784417
22775968
22762920
22428549
24495822
24273572
24265652
24204173
24204860
25277556
24441185
24326040
24255808
24078732
23940331
24205220
24165013
24160254
24160246
24260595
24115275
23928119
24132236
24250255
24194943
24194885
24194880
24194861
24155018
23925831
24150169
24144183
24101504
24027061
23991848
24152444
24145505
24325904
24139328
24139166
24136283
24136280
24055192
24147112
24146934
24146836
24222232
24175053
24175052
24143178
24041772
23777631
24155885
24119240
24146949
24146904
24121813
24121810
24222224
24130667
24106885
24001572
23993646
24108771
24228014
24099554
24007660
24099763
24099036
24098931
24098854
23945689
24124513
24021281
23979135
24146585
24098394
24090395
24090355
24090056
24146582
24133648
24088270
26046026
26046025
26046024
25606330
25606326
25606325
25606324
25098917
25026740
25026739
25026736
24987655
24987654
24987652
24932129
24932126
24932123
24932122
24932121
24932119
24932118
24932115
24932113
24932110
24899330
24899329
24864404
24660573
24660413
24660412
24660410
24640096
24611216
24604939
24600146
24579276
24579274
24578824
24578823
24578819
24578818
24578817
24564755
24564677
24518708
24497713
24490316
24488277
24479367
24479284
24479283
24479282
24479280
24479279
24479277
24479274
24466629
24466626
24466625
24466621
24459967
24455081
24455078
24455077
24455075
24455074
24438567
24438566
24438563
24438562
24426251
24422037
24403811
24403808
24403807
24403806
24403804
24403801
24403791
24403789
24403785
24403784
24403782
24380011
24378135
24371926
24371923
24371381
24364175
24364174
24358658
24358654
24358650
24354169
24350009
24340428
24340427
24325806
24324317
24324316
24324313
24324305
24324304
24324301
24324300
24324298
24324297
24313174
24303619
24298812
24298810
24298805
24298801
24298800
24298799
24298798
24298790
24298544
24298543
24298542
24298540
24298538
24298534
24298533
24298525
24298521
24285972
24282866
24282865
24279213
24274085
24262406
24262403
24262400
24262397
24262392
24259772
24245002
24233219
24233215
24233214
24233212
24233205
24233204
24228240
24228236
24225166
24217687
24179982
24171185
24171029
24171027
24171026
24171025
24171024
24171021
24171020
24171019
24165745
24157788
24157766
24157765
24148985
24148983
24148981
24148979
24148978
24148951
24145944
24142736
24138999
24138997
24133359
24126696
24126107
24113990
24113958
24112344
24112340
24112337
24105399
24102645
24102166
24101904
24098041
24098034
24096791
24085648
24085203
24083477
24079570
24079566
24079560
24079397
24078585
24076649
24075669
24075664
24075663
24075662
24075660
24075659
24074023
24070132
24068491
24068490
24068489
24068287
24061036
24057483
24056669
24053404
24050734
24047290
24045668
24042197
24041394
24041391
24041389
24041386
24041385
24041384
24041382
24041381
24040952
24040948
24030728
24028600
24028597
24028596
24028593
24028588
24028587
24027666
24027664
24021589
24018473
24013396
24013196
24010986
24009105
24001058
24000119
23999884
23998374
23996633
23996514
23982811
23979781
23974746
23974742
23969334
23969302
23965390
23963608
23958763
23958762
23958174
23957044
23957041
23957040
23957038
23957037
23955159
23953739
23953215
23952789
23948049
23945975
23945280
23942144
23937397
23933490
23932116
23931062
23931057
23931052
23921572
23920410
23918647
23915820
23915675
23914934
23911597
23911003
23910268
23907082
23895389
23891011
23890786
23889689
23889677
23889610
23889556
23878844
23871383
23870461
23857803
23857066
23851134
23845752
23845751
23845187
23841669
23830156
23829958
23827716
23824910
23821028
23811036
23810633
23801657
23801584
23801193
23801090
23801078
23791648
23784710
23773424
23768625
23755999
23747796
23742981
23742978
23742762
23736965
23707412
23706696
23702631
23702324
23702298
23701599
23692975
23684768
23668942
23662908
23593636
23584862
23567261
23567191
23551750
23551664
23534022
23532675
23522661
23521017
23506150
23505067
23496382
23489233
23488736
23488707
23488685
23480318
23480261
23480176
23448098
23442122
23441885
23438176
23425304
23407475
23386033
23332469
23317808
23317345
23305157
23279451
23279369
23277412
23259414
23253094
23249882
23248352
23241924
23240762
23173829
23171162
23164335
23164303
23163973
23142950
23136974
23136948
23067566
23067388
23045306
23041934
22989715
22987319
22972688
22940263
22828075
22819455
22804845
22775590
22775297
22771407
22762284
22708959
22697581
22236208
22233224
22172094
22111874
22103742
22082037
21767213
21767204
24839334
24516771
24198851
24098738
24085641
24085611
24086264
23524255
24133447
24066660
24179569
24179566
28788331
24053775
24053587
24085159
24326198
24171115
24065954
24058597
24049087
24109543
23932180
24041033
24392281
24155782
24104817
23997707
23939958
23896516
23896402
23864609
23827825
23704328
24038278
24031019
23728544
24159390
24156069
24058888
24031070
24326061
24040254
24040024
24039890
24039825
24025345
24040109
23890645
23890632
23806342
23664550
24104019
24011063
24010679
28788309
24167534
24040293
24018889
24014170
24010954
24967291
24009079
24023957
24023906
24019850
24138900
24019968
24004961
24004488
23900216
26064846
26060654
25949136
25737904
25206226
25206224
25206221
25206220
25206217
25206216
25206215
25206214
24966738
24966737
24966736
24966733
24966731
24966730
24966727
24966726
24966725
24966722
24966718
24966717
24910655
24910654
24910652
24910650
24910649
24910648
24896284
24831903
24724135
24724132
24724131
24724129
24685809
24685808
24685806
24685805
24685802
24685799
24685795
24685794
24685790
24685789
24685788
24685784
24685782
24685776
24660403
24616787
24579389
24574680
24574675
24574657
24564615
24564612
24474299
24474298
24474295
24474293
24474286
24474282
24459938
24437329
24437328
24431863
24431853
24431849
24431764
24431763
24431752
24431751
24431750
24431748
24431746
24431745
24431744
24431736
24431735
24431731
24427477
24403713
24386758
24386757
24386756
24386755
24386740
24386739
24380121
24380120
24380119
24380117
24369598
24364220
24355965
24355956
24355954
24355950
24355949
24355948
24352398
24352394
24352389
24352384
24352307
24352306
24352302
24351697
24351695
24351693
24351691
24351690
24351689
24350913
24348631
24348629
24348628
24348626
24348623
24348621
24348619
24348615
24348614
24348611
24344566
24344565
24340472
24331362
24314283
24314282
24314281
24314277
24308234
24303447
24295013
24295012
24295011
24295009
24295008
24295006
24290561
24290558
24290554
24290553
24290551
24290541
24288421
24287757
24266316
24266308
24265940
24261138
24261135
24261107
24260955
24250322
24225140
24212992
24212991
24212986
24212985
24212984
24179944
24179942
24179939
24179921
24179691
24174766
24174765
24174764
24174762
24174757
24174753
24174751
24161244
24159749
24159748
24155567
24151786
24147390
24147384
24147382
24136973
24126598
24101969
24099811
24089220
24086807
24083216
24083214
24083212
24083210
24083207
24083206
24082583
24082582
24082578
24082576
24082575
24082574
24082573
24082572
24082571
24082569
24082568
24082567
24082206
24072303
24072296
24072295
24072293
24071693
24071679
24071677
24071676
24071673
24071672
24071671
24071670
24069984
24067203
24066347
24066343
24066341
24066336
24066327
24066308
24064166
24064164
24064162
24064157
24063101
24059425
24053070
24047221
24045693
24042594
24042586
24036982
24036981
24036976
24036734
24034201
24029981
24029610
24029609
24028195
24028194
24027971
24027929
24025287
24023258
24011012
24011011
24011006
24011005
24011002
24009326
24009325
24009322
24009319
24009318
24005952
24005948
24005945
24002856
24002853
24002852
24002851
24002848
23998753
23998262
23998159
23998158
23998156
23998148
23998147
23998144
23998142
23998141
23998140
23998139
23998137
23993365
23993364
23992820
23992815
23992810
23992809
23991867
23990151
23989849
23989844
23989837
23982836
23981499
23981496
23981495
23981216
23981214
23981213
23981211
23981207
23981206
23980557
23980552
23978904
23974443
23974442
23974440
23966202
23965405
23955033
23953415
23953297
23953294
23953293
23953289
23953285
23953282
23953281
23953279
23952004
23948362
23918240
23917621
23916791
23916465
23913759
23913636
23913540
23909844
23907722
23907677
23906640
23904240
23893176
23887127
23887032
23883115
23880073
23877240
23872988
23870819
23870701
23870011
23869826
23867336
23867333
23866782
23865668
23865430
23860711
23857643
23856350
23855646
23855371
23850295
23845077
23842107
23836368
23831419
23831295
23830512
23827881
23818231
23814268
23813961
23813243
23810733
23803461
23800196
23791674
23790956
23787113
23786903
23773908
23765428
23761925
23760927
23751295
23747945
23746749
23745971
23740522
23736381
23731659
23727454
23725090
23722595
23722458
23722148
23722139
23722123
23722121
23706291
23702343
23684813
23683387
23675695
23675694
23647876
23623782
23601745
23591127
23590529
23562561
23560978
23557444
23553959
23550915
23550911
23550538
23545224
23534351
23520076
23480124
23458271
23453082
23446812
23445276
23445247
23442087
23442046
23441862
23441844
23439028
23430569
23402321
23402296
23394206
23391035
23391032
23391030
23374086
23362053
23351221
23351186
23351165
23343004
23327232
23327229
23320569
23294116
23294115
23270574
23259413
23244625
23237582
23192373
23163305
23161328
23135425
23121171
23111768
23108628
23106510
23103959
23064975
23053707
23010956
22971912
22924841
22819456
22740167
22616760
22607606
22587805
22533624
22404081
24516770
24278891
24023614
23999762
23672778
23988817
32261224
24167419
23996710
23996709
23978496
23971974
23981946
24078856
23975923
23975914
23975910
23968494
23991204
23966464
23965233
23784453
23965982
22560949
24325941
24325920
24024036
23990929
23990733
23957921
23957895
24024038
23939184
23863904
23636456
23966931
23945051
23941626
23951264
23951068
23951021
23983592
23937452
23951334
23950871
23926620
23925244
23925238
23925682
23914842
24377091
24019849
23984306
23984289
23915822
23936326
23936324
23782691
25516801
25083140
24975356
24860601
24693634
24693633
24693632
24693629
24693628
24693627
24471043
24471036
24346665
24260871
24245464
24245463
24238417
24238412
24238409
24238407
24191533
24159706
24156209
24155626
24155625
24155624
24155620
24155619
24155618
24155616
24155615
24133950
24100912
24100909
24100901
24100900
24100898
24100895
24086929
24086926
24086925
24086923
24086921
24086920
24086914
24086912
24086911
24079137
24073501
24073500
24073497
24069830
24069824
24059045
24049580
24049579
24049578
24049566
24040568
24040566
24036939
24018197
24015390
24015389
24015388
24011642
24010086
24010085
24010084
24010083
24010082
24010080
24010075
24005464
23991591
23991590
23991588
23991576
23991569
23986415
23986412
23986411
23986410
23985436
23984033
23981622
23975501
23974458
23969652
23967681
23964777
23963084
23958538
23929579
23929578
23929376
23929375
23929374
23929373
23929368
23928611
23928600
23928599
23928446
23928442
23928439
23928435
23927311
23915671
23915670
23915669
23915668
23915667
23915662
23915661
23915660
23910875
23910866
23910859
23910212
23910211
23910209
23910207
23910205
23910204
23910201
23910200
23910197
23910194
23910193
23910187
23910186
23910184
23910182
23910181
23904577
23892861
23891259
23890265
23890264
23890259
23888864
23880284
23880283
23880282
23880279
23880277
23880276
23880273
23880269
23880264
23880263
23880262
23880261
23880260
23880259
23879257
23879256
23879253
23872885
23870460
23868174
23866950
23866679
23865860
23865859
23863486
23863104
23859751
23850536
23848173
23841792
23841788
23841787
23841785
23841784
23841782
23841781
23841780
23839269
23835535
23830175
23829197
23829196
23826768
23818286
23817542
23817524
23815692
23810638
23806705
23804581
23801077
23797977
23797954
23796487
23794361
23791771
23788610
23784709
23780656
23780655
23775928
23773154
23772674
23770385
23770104
23769907
23768795
23768794
23764027
23763903
23758333
23755965
23754753
23754587
23754569
23752171
23751077
23749549
23745725
23743695
23743332
23743183
23743181
23743092
23740240
23737406
23737009
23736310
23735752
23735600
23728787
23719574
23718843
23714722
23713685
23712319
23712193
23707657
23707511
23706694
23706234
23706189
23694930
23692029
23691921
23679929
23671224
23669651
23664869
23664021
23663088
23648523
23643583
23642550
23640774
23638899
23632258
23629696
23611063
23604902
23594189
23593634
23583703
23583702
23583646
23583018
23582988
23561831
23560252
23559369
23552220
23551899
23551705
23551276
23534009
23528063
23517709
23506560
23506171
23506110
23490353
23461611
23419069
23402273
23402216
23400642
23391719
23387997
23387961
23380276
23354182
23349471
23348015
23330729
23330612
23327248
23323644
23278448
23278284
23261814
23253051
23228500
23216907
23216882
23157162
23137007
23123496
23106511
23106439
23088532
23079282
23075433
23067276
23067235
23050778
23030240
23030238
23001492
22968670
22882995
22882901
22882839
22882802
22828076
22783913
22672584
22577116
22551347
22540833
22531664
22474212
22467567
22427406
22379131
22376042
22324427
22291432
22285450
22236111
22172048
22168539
22150807
22145809
22092354
22066915
21985642
21834863
21834860
21834859
23904433
23904048
23902872
25408878
24019754
23986651
23858435
23754796
23922876
23922751
24325839
24009647
23893282
23893280
23893279
23893278
23936247
23894570
23894376
32260928
24018428
23870074
23874921
23867876
23864688
23818577
23991281
23956694
23856430
23680932
22285446
23956865
23893809
23853192
23852838
23853012
23844677
24325787
23874378
23846772
23844897
25461448
23845684
23845670
23841502
23853701
23843419
23843409
23843404
23749797
23839612
23635495
23614945
23614943
23833085
23878510
23832997
23844127
23843996
23843954
23825401
23819439
25419033
25286503
25226735
24987648
24987647
24926220
24926217
24926216
24926214
24926212
24926210
24926207
24926206
24778988
24778987
24778986
24778983
24741426
24716178
24712289
24712277
24665187
24568218
24568216
24527351
24497758
24455071
24455069
24455068
24431270
24428503
24428439
24422029
24404460
24340497
24340496
24309367
24309363
24309357
24309356
24309348
24309344
24309343
24309342
24309341
24309339
24309338
24309337
24309333
24309329
24303741
24303740
24303738
24296450
24262426
24262423
24262422
24262421
24262418
24262413
24262046
24262045
24262041
24262040
24255562
24255560
24255556
24255554
24250642
24249958
24205475
24195391
24180150
24179322
24174743
24174740
24174739
24174727
24174724
24156151
24134033
24130597
24130594
24130590
24130586
24130583
24130574
24130573
24124320
24124317
24124308
24124307
24124303
24124302
24124301
24124300
24124299
24124295
24124293
24124292
24122683
24116306
24106391
24082755
24082752
24082751
24082750
24082749
24082741
24082726
24082720
24082719
24079101
24079098
24073549
24073525
24060725
24047854
24047851
24047850
24047847
24047845
24047844
24047842
24047841
24047835
24047830
24046994
24046992
24046989
24046988
24046979
24046978
24046864
24042422
24037078
24037075
24037074
24021337
24021335
24021332
24021327
24021325
24021324
24021322
24021321
24006719
24006718
24006716
24002565
24002562
23998114
23998112
23998107
23986206
23984615
23984613
23984258
23984241
23980404
23971348
23971342
23971282
23971158
23961526
23957079
23956606
23956604
23956601
23956595
23956594
23956593
23956591
23956590
23956546
23956545
23956544
23956543
23956540
23956538
23956537
23956533
23956531
23956528
23950636
23941034
23941032
23941031
23941028
23941027
23941025
23930638
23930636
23930635
23930633
23930631
23930630
23930629
23930627
23930625
23929643
23929641
23928817
23927978
23926767
23926716
23926585
23923444
23923443
23922578
23922577
23922576
23922574
23922572
23922571
23922570
23922569
23922567
23917658
23904924
23903864
23903859
23902095
23899798
23887556
23887527
23869370
23869363
23862115
23860895
23855609
23851890
23851883
23851840
23851817
23851781
23851746
23849615
23849613
23846087
23846064
23846062
23846053
23843007
23838063
23837171
23837165
23837160
23834094
23834090
23828301
23827901
23826699
23823356
23823355
23823351
23823347
23823346
23823343
23823342
23823341
23823340
23823339
23823337
23820713
23820707
23820704
23820703
23820700
23819504
23816202
23815405
23813261
23810054
23810053
23810050
23810048
23810045
23810044
23810043
23810042
23810041
23810039
23810038
23809701
23809302
23807256
23806929
23794330
23793251
23791266
23791265
23791260
23791258
23791257
23791253
23791252
23791251
23791250
23787018
23778208
23773375
23773149
23772769
23772747
23763481
23761108
23757467
23757466
23756528
23756515
23756511
23756509
23756505
23756100
23737145
23737109
23737079
23728742
23726361
23726360
23722132
23722124
23720570
23720046
23712346
23712345
23712344
23712341
23712338
23706693
23698351
23697344
23690363
23690359
23690357
23690356
23690354
23690353
23689469
23688511
23687000
23685036
23685033
23684780
23683531
23679860
23677650
23674263
23664847
23664731
23650944
23648742
23648416
23647007
23640952
23639702
23639701
23639531
23636419
23632810
23632809
23629828
23623065
23623048
23618875
23615861
23613487
23611603
23609221
23606727
23606267
23578556
23578247
23572449
23571002
23568609
23568267
23560765
23560699
23553748
23553667
23550889
23542510
23537854
23534937
23534048
23528930
23524436
23524435
23524434
23524433
23524421
23524418
23523863
23499150
23488828
23488811
23481345
23447492
23430714
23426979
23426919
23422327
23418209
23411402
23410884
23404205
23403442
23397598
23389549
23387560
23387526
23387363
23380583
23369302
23359464
23340948
23331240
23331179
23328402
23327230
23327226
23311603
23311602
23311600
23290354
23289914
23289733
23279752
23278191
23270383
23249256
23240919
23219916
23215546
23215544
23210917
23210859
23181776
23146163
23107153
23088528
23086332
23053701
23053700
23053699
23036833
23026501
23015025
23011473
23003917
23001188
22994878
22984985
22968783
22934839
22891625
22869158
22832847
22806609
22790477
22772774
22749709
22736273
22568699
22540676
22462496
22462471
22376053
22292803
22249845
21973329
26273501
23805886
23814218
23814198
23806086
25237620
23878742
23840861
23840650
23840547
23797732
23991273
23991269
23991268
23991267
23797927
23733967
23733966
24282642
23826088
23814002
23813995
23813994
23800274
23797661
24040601
23813519
23825559
23780765
23777298
23774932
23787670
23774703
23363023
29148444
23799134
23763842
23763951
23760162
23698370
23776636
23776616
23701186
23776517
23758697
23647867
23749860
23580129
23762201
23749838
23749830
23744349
23661377
20301731
23794921
23501330
23658384
24326105
23737594
23737593
23737582
23737580
23736632
23731717
23731650
29539315
25207102
25162391
25162390
25162389
25162388
25162387
24975181
24724126
24724124
24724123
24471033
24471029
24471027
24431847
24431842
24431840
24431837
24431832
24431829
24431723
24431719
24431718
24431715
24431714
24421751
24421739
24416472
24344563
24303440
24303439
24265591
24155609
24155608
24155607
24155605
24155601
24155597
24155596
24142024
24120007
24120006
24120005
24120001
24120000
24119999
24119998
24119997
24073539
24073537
24073536
24031111
24027896
24027855
23986965
23986961
23986960
23986957
23986955
23986954
23986328
23971286
23971285
23959350
23947003
23946585
23946581
23946580
23946579
23946574
23946568
23946567
23946564
23946563
23946560
23941019
23940984
23909967
23909231
23909228
23905153
23888538
23888527
23888526
23885596
23885526
23885524
23875434
23875432
23863559
23863206
23863205
23858638
23858634
23855206
23852069
23852064
23852062
23852061
23852059
23852055
23848780
23841308
23841306
23841300
23841290
23841289
23837128
23837125
23834016
23828533
23828260
23828259
23827272
23827271
23814710
23814709
23807938
23807937
23807936
23807934
23807932
23807931
23807929
23807640
23806306
23803630
23802379
23802375
23794696
23794692
23789933
23788284
23787853
23787852
23787830
23782374
23782282
23781967
23781966
23781965
23781959
23780593
23778491
23776006
23773516
23773514
23773512
23773510
23772160
23771671
23763783
23763778
23758470
23758469
23758466
23758464
23758461
23758458
23758457
23758456
23756930
23751039
23747867
23745293
23744241
23744240
23744215
23744214
23744209
23744208
23743618
23741997
23730770
23729457
23729455
23726338
23726337
23726334
23726333
23726326
23725316
23725221
23722759
23721464
23721338
23721337
23721334
23721333
23719833
23719247
23719244
23719243
23714799
23713787
23713649
23713646
23713644
23713631
23703710
23691960
23691959
23691956
23687324
23683289
23683286
23683285
23683284
23683275
23683274
23683273
23683272
23681303
23668859
23659606
23659244
23659239
23659236
23659234
23653901
23646981
23645545
23644909
23643654
23642766
23640546
23633234
23633233
23629389
23628762
23625373
23622834
23619747
23615378
23613332
23611925
23603379
23603338
23603337
23603234
23602170
23600993
23595623
23595622
23595621
23593640
23591968
23589387
23589041
23588853
23582694
23582625
23576546
23576426
23575901
23574473
23574472
23574463
23574461
23566154
23564394
23564290
23562570
23558045
23557538
23557490
23553728
23546874
23541992
23541107
23541047
23534915
23534379
23534343
23534023
23523602
23518143
23512651
23512029
23499341
23496087
23490263
23480044
23477915
23474328
23468163
23459936
23458836
23442603
23441037
23439307
23438418
23435958
23434159
23432365
23430581
23416579
23414217
23411301
23411194
23399044
23387984
23387329
23384994
23377408
23374880
23352446
23352081
23332208
23317773
23295124
23292964
23290003
23279141
23279111
23279080
23279061
23279044
23273865
23261253
23240965
23240887
23235961
23216284
23212299
23190333
23190273
23176604
23173723
23158853
23138930
23137292
23123070
23107048
23107047
23106389
23093139
23092955
23088597
23072366
23072345
23068015
23020631
23010201
23004568
22994483
22978767
22978647
22940739
22936299
22936298
22907664
22897654
22886460
22882609
22873656
22873654
22868986
22855308
22847038
22842858
22839695
22816496
22813345
22805585
22799757
22788690
22762919
22738197
22714942
22672611
22607365
22573909
22551193
22540845
22531665
22512354
22486163
22462527
22409733
22364530
22267705
22247225
22247224
22236085
22204326
22120901
22084202
21905884
21815991
21745330
21626649
21615677
21378093
21367817
23754872
23741520
23718989
23623329
23737960
23124816
23734206
23734177
23714053
23794911
23724135
23713093
23671090
22974716
23712356
23711354
23717675
23709559
23709546
23709541
24325886
24325840
23717470
23709147
23704468
23704467
23704460
23704431
23765979
23704972
23704875
24326062
24325863
23696140
24325834
23802024
23603361
23680488
23678381
23636323
23750102
23592211
23430988
23422830
23674443
23672512
23672487
23639031
23738087
23668392
23675415
23667246
23667245
23665905
23597741
23597737
23537717
24964442
23710141
23738088
23671757
23661662
23556545
23506396
23515314
23658797
23623387
28509233
25737893
25737892
25737891
25737888
25737887
25737885
25512757
25512754
25512753
25512751
25512749
25206211
25206209
25206208
25206207
25206206
25206204
25206199
25206197
25206196
24761226
24396358
24396356
24396355
24396354
24396351
24396350
24396349
24396348
24349733
24340998
24250084
24250083
24250081
24250075
24172007
24172006
24172005
24172004
24172001
24171999
24171996
24171993
24171992
24171991
24171990
24171988
24171987
24171985
24171984
24171983
24171982
24171976
24156206
24156205
24133533
24094026
24094023
24094018
24094017
24094015
24094007
24050085
24049345
24049342
24049341
24049340
24049337
24049333
24049331
24049330
24025897
24025896
24025895
24025889
24025888
24025881
24025878
24025873
24019814
24019810
24019805
24019804
24019801
24019798
24019795
24011299
24011298
24011297
24011296
24011295
24011292
24004627
24004621
24004620
23991857
23926746
23877810
23862051
23862050
23858816
23858695
23858671
23833466
23833465
23833464
23833463
23833459
23833458
23833453
23833450
23833449
23829022
23829020
23829016
23829015
23829012
23829008
23829006
23828686
23814757
23814755
23814752
23805732
23803559
23790790
23785945
23785938
23785937
23757991
23757949
23756317
23756313
23756311
23756310
23756304
23756302
23756301
23755348
23755346
23755337
23755332
23748321
23748316
23748309
23741712
23741711
23741709
23741707
23740506
23739784
23730490
23723511
23723492
23723471
23721004
23720113
23715202
23715201
23714999
23714998
23714979
23714970
23713142
23710307
23703177
23689006
23684286
23684279
23684276
23684275
23682382
23677271
23677261
23674163
23667892
23660908
23658409
23658401
23657484
23649587
23649586
23649583
23649579
23649578
23649577
23649576
23649575
23649574
23649573
23649279
23647172
23643022
23643020
23643017
23642725
23642115
23639157
23633700
23633695
23631974
23631973
23631972
23631969
23631968
23631967
23631966
23631965
23631963
23626985
23626980
23626978
23626975
23626974
23622490
23622469
23622465
23617368
23611399
23611397
23611395
23611394
23611386
23611380
23611378
23611377
23611376
23611374
23611373
23611371
23601489
23601223
23601222
23593631
23593628
23593626
23593622
23591568
23591567
23590405
23587669
23577946
23568268
23560657
23560263
23557976
23553329
23549090
23541701
23537571
23529892
23525531
23524429
23524423
23524419
23524411
23521763
23519028
23506654
23503651
23499568
23499148
23496025
23495759
23494976
23489662
23482059
23480460
23479588
23479586
23479575
23479574
23475900
23475007
23473926
23470693
23466821
23465831
23465337
23465135
23461747
23456260
23455940
23455415
23454329
23454190
23438017
23432182
23428896
23418876
23416623
23416195
23404821
23403300
23403169
23402889
23399336
23395671
23395543
23391031
23385508
23385480
23380987
23380275
23375898
23362962
23359569
23354789
23353107
23351224
23351220
23336315
23332385
23324989
23324112
23320531
23317772
23311324
23302723
23294143
23291490
23288026
23287605
23281264
23280699
23253030
23245701
23233167
23225263
23224062
23219710
23210916
23210545
23188595
23157422
23153006
23146130
23146109
23145973
23145485
23143074
23140519
23140517
23126492
23116693
23116390
23110580
23106546
23101439
23095092
23095073
23092202
23092171
23092147
23092144
23092141
23092140
23088598
23078584
23078511
23075062
23075061
23073923
23067361
23067116
23062064
23043245
23042981
23039068
23035832
23034145
23030553
23009359
23001914
22989272
22977015
22970752
22917439
22906039
22905970
22897594
22893034
22892037
22891890
22889200
22886459
22864528
22828935
22827733
22824916
22820117
22816380
22814761
22813344
22784470
22783981
22783923
22771411
22769441
22762918
22762917
22762481
22761042
22752711
22747485
22746288
22746200
22724578
22702517
22680300
22672232
22644543
22610032
22607272
22607111
22594301
22583707
22581485
22554248
22548676
22404912
22335358
22335249
22276690
22276635
22272657
23782918
23720605
23639177
23638071
23633347
23633334
23632609
23631652
23631557
23508572
23819006
23632179
23630450
23525146
23477791
23625665
23782625
23638020
23616551
23737731
23737704
23616336
23592003
23445952
23608870
23446527
23620822
23620815
23606390
23750101
23605834
23605830
23591358
23591353
23591351
23613983
23613921
23598931
24303468
23333675
23638227
23608416
23297362
22987667
23580535
23578286
23593173
23580677
23585866
23576651
23593441
23566611
23566240
23565593
23547100
23406527
23593215
23556517
28809219
23794839
29537596
26989714
25606311
25606310
24987644
24883038
24883034
24883033
24883032
24883030
24883024
24883020
24665296
24579510
24579504
24579500
24471024
24471021
24471019
24455064
24455060
24455057
24431555
24353557
24340538
24340537
24278052
24261260
24191401
24155595
24155591
24155589
24155586
24155585
24155584
24114107
24096229
24073531
24073528
24073527
24021206
24021201
24021199
24021198
24020248
24020247
24020246
24020243
24015026
24015025
24015024
24015019
24015016
24015014
24015012
24015009
24014999
24009957
23960560
23960556
23956587
23951776
23930509
23919210
23919208
23919206
23919204
23919198
23919180
23914239
23909088
23909084
23895566
23895565
23895564
23895563
23886726
23886723
23855175
23855173
23855172
23855171
23855169
23855168
23855165
23838253
23838242
23833524
23830392
23830378
23827597
23798818
23795399
23788829
23767397
23767164
23767163
23767162
23767161
23767113
23767111
23767108
23757826
23756842
23756835
23755774
23741959
23741091
23730675
23730674
23729141
23729134
23726497
23717335
23717334
23717333
23717332
23717331
23717329
23717327
23713018
23708043
23708042
23708038
23708037
23708036
23708034
23708030
23708029
23708028
23708027
23708025
23708024
23705777
23705536
23705535
23691776
23691774
23678394
23678393
23678387
23671834
23671833
23662571
23662566
23662558
23662553
23662547
23659101
23654050
23654048
23636040
23631582
23630684
23629988
23627487
23627332
23626473
23619837
23617389
23617387
23617385
23601992
23588213
23588212
23576596
23576595
23570808
23570805
23568911
23568908
23567537
23566603
23566602
23563464
23561420
23561419
23561418
23561416
23561415
23561412
23561411
23561409
23561408
23561407
23561400
23559101
23557304
23554416
23552598
23552595
23551512
23551511
23551507
23551506
23550523
23550519
23549995
23549994
23549993
23545052
23543695
23543693
23542270
23540640
23540639
23540638
23540634
23540629
23540627
23534025
23534017
23534015
23534008
23534007
23534006
23523125
23522646
23522549
23522547
23522545
23522542
23522541
23522534
23522533
23522532
23522531
23519662
23517446
23506279
23506277
23499357
23496332
23494824
23489902
23484588
23479584
23479583
23479581
23479578
23479573
23472797
23462591
23462476
23460305
23460299
23458883
23458882
23456782
23456704
23446988
23443505
23438419
23437989
23433861
23432761
23431981
23429707
23428435
23422760
23422420
23422085
23420639
23416520
23415376
23414678
23410552
23408596
23401279
23399788
23396521
23396519
23390623
23390621
23390620
23390619
23390618
23387290
23385313
23376464
23373734
23368665
23358677
23358676
23357647
23356632
23356574
23353068
23353067
23352797
23352669
23344367
23337286
23337039
23332508
23307343
23305834
23297365
23295469
23275430
23270749
23265852
23264108
23243264
23242785
23232577
23228499
23224996
23196065
23182165
23176551
23167917
23166162
23158028
23143030
23142021
23111467
23107279
23106772
23106603
23098898
23095040
23094654
23065651
23053698
23045998
23026815
23025514
23016607
23003342
23001114
22994245
22984815
22978697
22973989
22970886
22970844
22970775
22958051
22957935
22939373
22934613
22906406
22900534
22897943
22882407
22873655
22851195
22834984
22821429
22815209
22813346
22805753
22805745
22791283
22788979
22788719
22782256
22777392
22777390
22777389
22775296
22765307
22752334
22744163
22733244
22707232
22695751
22695051
22681589
22680302
22676308
22648729
22638773
22638771
22631882
22624850
22613081
22613067
22580927
22554390
22539046
22520279
22515173
22467569
22450601
22440134
22423182
22251243
22171595
22126700
22023883
22015823
21967508
21905914
21905912
21767210
21477064
23548063
23389034
23543525
23543523
23543512
23537068
23537067
27605180
23536620
23531410
24465117
24357911
24353384
24353383
23878771
23524489
23741536
23741534
23519515
23741604
23741602
23741601
29470672
24303273
23507580
23497340
23496988
23916447
23916446
23599828
23497566
23362258
23219968
23534249
23438038
23497572
23415402
23349460
23762935
23475995
23434117
23977649
23470670
23303220
23497515
23462435
29539354
25685409
25427475
25098636
24724114
24724113
24724110
24639751
24431822
24431821
24431706
24431702
24431700
24385748
24265917
24009033
24009032
23965464
23965462
23965461
23965457
23965455
23965453
23965452
23965449
23965447
23965446
23965445
23965443
23965441
23965440
23965439
23951767
23946750
23946748
23946746
23946741
23946738
23946737
23946728
23931265
23931262
23931261
23923150
23916443
23916442
23916438
23916435
23916434
23916433
23916432
23916429
23916427
23909096
23894972
23869131
23869130
23869124
23844532
23837269
23833917
23833916
23811674
23811672
23811671
23811669
23811667
23811666
23811662
23811661
23811659
23811658
23811654
23811648
23811647
23811644
23811643
23811639
23798796
23781685
23781682
23777005
23757813
23755781
23751532
23751528
23745336
23741900
23741899
23739859
23739856
23739854
23739851
23739849
23724219
23724218
23724217
23724211
23724210
23718037
23716975
23716974
23716973
23716972
23716971
23716970
23716969
23716968
23716966
23716965
23716964
23716961
23716958
23709382
23697259
23697257
23691730
23691728
23691727
23691726
23682508
23682506
23682505
23661851
23653993
23650759
23650757
23635988
23635985
23635983
23635982
23635981
23635980
23635978
23635974
23635972
23635968
23631638
23631235
23626883
23621011
23621004
23609369
23607239
23600163
23600035
23600032
23599946
23599883
23597227
23597221
23597219
23597217
23597216
23597213
23597212
23586563
23579466
23579308
23579305
23579304
23579301
23579300
23558344
23550506
23550505
23550501
23550500
23546028
23539941
23539364
23538956
23538640
23538639
23538426
23532654
23531295
23531289
23529300
23527366
23527364
23527359
23527355
23527341
23527337
23527335
23524859
23524832
23524734
23524543
23522370
23522363
23521651
23521643
23518974
23518972
23518970
23518968
23489795
23486902
23486617
23485607
23485605
23485604
23485598
23485597
23485594
23484182
23484181
23484178
23484177
23484176
23484175
23484170
23481016
23481012
23481005
23480373
23476915
23476914
23476910
23476909
23476905
23475096
23474581
23474580
23474578
23474577
23470417
23470403
23470378
23467734
23467733
23467731
23463766
23463300
23459772
23458279
23455471
23454327
23454326
23454325
23454323
23454321
23454317
23454316
23454314
23452977
23452976
23452972
23452968
23452967
23452964
23451931
23451930
23451929
23451925
23449909
23449905
23449901
23446367
23444203
23444201
23441802
23441800
23441796
23441792
23439051
23439048
23439045
23439044
23439043
23439042
23439039
23435856
23426054
23421630
23421626
23419786
23415414
23412436
23406443
23402520
23402519
23402516
23402515
23402511
23402508
23402506
23402504
23402502
23402501
23402500
23395066
23394709
23391629
23385501
23381770
23380072
23379550
23379538
23377918
23375921
23375865
23371350
23359102
23345536
23345535
23344978
23341259
23333235
23331296
23327241
23325597
23315474
23312403
23311869
23306004
23303108
23298801
23298620
23297745
23290004
23287406
23283757
23283703
23278599
23278438
23278167
23278102
23277160
23271217
23267796
23266488
23265850
23264610
23262746
23261402
23261122
23250953
23249726
23246340
23245577
23229272
23229271
23229264
23229263
23229261
23229241
23228336
23224116
23224064
23224043
23215545
23212391
23211042
23207519
23201354
23179008
23174652
23174631
23174213
23160038
23153573
23142095
23137215
23136828
23128534
23122692
23103025
23098663
23092148
23088187
23069329
23066654
23062715
23046973
23039158
23021917
23013422
23011523
23004362
23001451
23000522
22991293
22990048
22968422
22964221
22950452
22946561
22939371
22934528
22926774
22920309
22917443
22909080
22908948
22901527
22900749
22891767
22889410
22882550
22882229
22866756
22860753
22858018
22849712
22837192
22805989
22788726
22788722
22774938
22770431
22743645
22612367
22591636
22581161
22576325
22573245
22564069
22563991
22552594
22552592
22548588
22548586
22548585
22548583
22547323
22538472
22528955
22526889
22524329
22512546
22502601
22476450
22460401
22451342
22446165
22431146
22431145
22428946
22428923
22390255
22384801
22364512
22348529
22293391
22250859
22236363
22092773
21914564
23450590
23674927
23442547
23481949
23234862
24758825
23430627
23436886
23250489
25002989
23429027
24758798
23638359
23422044
23359695
24758792
23411539
23411536
23411530
23411527
23411526
23411521
23411520
23411519
23411518
23411517
23411514
22854070
23876967
23598013
23280969
23417377
23415220
24715951
24698931
23306056
23320460
23397933
23396938
23406093
23388209
23375655
23290074
23391960
23391956
23385416
35484806
24916680
24916679
24916677
24916676
24455051
24455046
24155581
24155580
24155579
24155577
24155571
23930452
23930451
23724551
23724548
23724545
23724543
23724542
23714064
23714060
23714059
23711215
23705035
23700815
23684627
23665895
23649106
23627405
23627404
23577551
23570067
23556320
23556319
23556318
23556274
23552797
23552793
23552788
23552787
23552786
23552782
23552781
23552773
23550225
23539970
23534027
23534005
23534003
23534002
23532814
23532812
23532811
23532810
23515809
23508085
23508020
23507671
23505759
23504444
23504406
23503064
23502971
23502591
23496496
23495569
23495568
23495567
23495566
23493816
23493742
23488150
23484314
23484308
23484301
23484299
23484295
23464251
23444246
23444182
23444180
23444178
23444177
23444175
23433697
23429159
23429157
23429154
23429153
23429133
23429132
23429130
23429123
23429105
23429104
23411893
23410022
23410021
23410020
23410014
23407077
23407076
23402357
23395330
23394189
23392724
23392023
23392021
23387963
23382528
23382526
23380557
23374936
23374935
23374929
23374927
23374924
23374922
23374883
23374409
23374405
23373793
23372133
23372130
23358771
23358770
23352561
23351763
23351760
23348174
23331424
23331418
23327633
23324876
23322711
23321248
23321246
23321242
23321240
23321236
23321233
23321232
23321231
23321230
23321229
23321228
23321227
23321226
23321224
23319390
23317355
23315190
23312923
23311656
23311655
23296796
23296032
23296031
23287983
23287980
23281072
23279420
23279406
23279405
23279395
23279388
23274435
23274411
23273561
23273044
23264742
23264656
23260568
23252480
23242228
23238858
23230853
23225234
23225220
23225157
23219279
23218748
23218650
23209285
23203312
23201293
23200300
23197742
23188620
23184701
23183644
23182375
23182220
23179371
23175640
23175379
23172817
23169889
23166044
23165282
23160037
23146817
23146767
23142943
23142342
23140842
23138046
23137995
23137161
23134328
23124894
23110851
23107191
23088789
23088630
23061752
23052839
23039239
23036797
23036657
23034536
23033943
23021924
23000525
22991301
22982436
22970899
22961875
22961558
22940557
22940125
22939372
22937755
22934653
22926664
22921439
22915330
22905750
22900919
22882502
22882480
22881344
22864536
22831864
22823058
22781092
22767492
22767485
22747907
22727546
22712441
22695020
22658497
22633464
22613693
22609173
22548584
22545834
22535691
22524327
22522430
22521701
22513082
22509756
22487464
22453035
22429294
22429279
22420876
22420874
22413942
22413921
22392602
22329425
22251318
22176728
22158610
22092518
22082010
21982635
21828357
21745324
21427171
21414139
21223489
20932120
23376673
23376660
23368406
24699590
24699585
24699579
23362061
28230943
24699573
23349293
23229549
23347800
23344356
23349182
23343244
23342979
24614478
23297200
23334609
23331467
23261473
23332749
23329714
23401864
23321730
23250216
23230147
23374318
23317428
23311583
24614086
23312001
23221152
23188822
23314456
23314450
23305098
24613999
23302551
23298235
23298213
23299692
23296270
23295063
23135673
23289840
24963929
23289932
24583813
23291823
23098803
23281703
37206584
33686357
29913883
27274954
27006907
26618183
26527985
26527975
26527920
26473214
26438953
26438943
26316991
26312357
26295129
26295125
26295101
26287102
26269847
26269830
26266313
26240913
26217839
26217837
26217834
26213764
26213760
26213755
26191574
26185865
26185860
26176100
26167575
26146683
26131532
26131520
26131509
26131487
26131469
26120687
26120682
26120658
26106763
26106724
26106673
26097954
26097944
26042298
25969824
25807780
25773113
25606306
25606305
25606301
25485287
25392764
25325092
25325091
25320771
25250443
25232605
25229116
25229110
25206194
25206191
25206190
25206188
25206186
25206185
25206184
25206183
25206179
25141621
25098093
25098087
25026758
25026756
25026755
25000839
24987640
24987639
24987637
24858333
24830731
24779901
24741917
24738237
24732882
24732779
24693797
24683783
24683780
24683779
24683778
24683776
24683774
24683773
24683772
24683770
24665522
24665289
24660308
24660307
24660305
24660270
24645561
24640710
24640078
24640077
24640075
24640073
24640072
24640069
24624380
24624379
24624377
24624375
24623079
24620565
24601178
24596515
24592746
24589637
24589635
24589576
24579893
24575282
24570983
24570982
24566021
24555406
24554584
24553281
24553276
24553275
24553273
24553271
24553268
24553267
24532933
24521552
24521551
24521550
24521548
24521546
24509145
24505919
24505917
24505901
24505897
24501798
24497133
24494324
24494159
24490091
24490090
24490073
24479695
24479646
24478980
24478979
24478974
24470846
24466642
24466639
24459811
24455411
24455342
24455322
24455319
24455318
24455317
24455268
24454377
24436951
24436945
24432559
24432558
24429794
24429793
24429792
24429789
24423417
24420442
24416608
24416601
24416600
24408245
24399016
24396611
24396609
24390952
24383015
24383012
24383011
24383010
24382048
24375311
24375309
24368946
24367729
24367728
24364192
24363941
24363672
24358006
24353542
24351926
24351925
24351924
24351922
24351921
24351920
24351918
24351916
24351915
24351914
24351913
24349801
24348580
24348560
24342308
24341168
24341164
24340643
24340555
24334631
24324899
24322046
24322040
24322026
24319839
24319603
24319602
24319461
24309049
24309044
24309043
24309040
24309038
24307834
24303735
24303733
24303731
24303730
24303729
24303728
24300708
24300705
24294822
24294819
24294818
24291934
24291932
24291904
24288533
24288440
24288426
24285977
24282872
24282870
24282869
24282867
24282648
24280830
24273617
24273614
24270135
24267823
24255614
24240905
24240897
24240894
24228259
24228181
24228034
24222868
24217646
24215476
24204093
24203632
24203410
24198978
24195067
24192998
24192068
24191202
24191201
24189407
24188777
24188774
24188773
24188765
24187632
24187631
24187495
24173269
24173265
24173260
24173252
24173251
24173250
24173248
24173245
24171332
24171331
24169620
24167951
24163808
24163563
24163558
24163556
24163555
24163552
24163550
24159683
24155557
24155556
24151615
24151512
24110501
24110226
24109707
24109661
24107603
24106617
24101928
24089614
24088845
24088844
24088839
24088835
24088834
24088831
24088825
24083036
24083033
24082990
24082987
24080930
24080928
24080530
24078928
24069877
24069590
24068408
24061285
24059491
24051719
24049414
24046825
24046824
24046821
24041022
24037302
24037301
24036813
24036771
24032282
24029113
24027644
24024044
24022022
24004866
24004059
24004056
23994860
23994858
23994857
23994851
23994846
23988908
23984339
23984115
23984109
23983692
23980395
23980394
23971976
23971213
23970324
23969922
23969904
23965861
23961685
23960554
23960552
23960417
23960415
23960414
23960413
23960412
23960408
23957474
23957445
23957144
23957143
23957142
23957141
23957140
23957046
23956236
23949116
23948666
23944167
23937258
23936687
23935261
23931818
23931817
23931785
23931783
23930575
23920808
23920075
23920072
23916270
23907945
23907424
23906975
23906974
23905424
23905276
23905273
23903651
23903636
23903633
23903581
23903579
23898578
23883612
23878840
23878835
23878829
23878828
23878827
23878826
23878577
23878565
23878563
23878561
23878557
23878556
23876962
23876961
23876960
23876958
23876953
23876948
23875091
23875090
23875088
23875085
23875084
23864963
23862079
23860646
23857660
23857658
23857657
23857653
23857650
23857649
23853727
23853471
23853468
23853467
23853465
23853463
23853460
23853458
23853455
23853454
23853453
23853447
23853444
23852255
23852253
23852248
23852247
23852246
23852244
23852242
23852240
23852239
23852237
23852235
23852233
23852230
23852227
23843793
23843792
23841055
23840230
23840212
23838478
23836137
23819069
23817065
23817062
23817060
23817058
23817057
23817056
23812101
23809439
23802117
23798857
23798848
23798827
23797205
23792399
23792398
23792397
23792396
23792391
23789303
23781337
23781245
23780366
23780360
23780354
23780353
23777802
23775926
23774408
23772585
23771096
23771095
23771082
23771078
23767289
23763729
23763727
23762828
23762825
23762739
23762649
23762646
23762106
23762091
23757458
23757457
23757454
23752855
23752852
23752849
23752839
23752836
23752834
23752832
23749698
23748460
23748457
23748456
23748452
23748451
23748450
23737787
23732826
23727745
23727744
23727741
23727740
23727737
23727735
23727707
23724207
23724206
23724205
23724203
23724197
23723681
23721037
23721036
23721034
23720038
23719972
23719016
23719015
23719010
23719009
23719002
23718999
23718994
23715457
23715456
23715455
23715454
23715452
23715451
23715446
23715445
23715442
23715311
23713039
23712062
23710375
23710373
23697300
23697299
23697298
23697297
23697296
23697295
23691372
23690777
23689528
23683487
23679290
23674614
23663977
23662269
23662268
23662261
23662259
23662215
23657417
23657415
23657409
23657408
23653648
23652859
23646344
23646337
23646333
23646332
23646329
23646321
23641664
23641663
23640290
23635902
23635900
23635899
23635897
23635892
23635891
23635889
23635888
23635887
23635886
23635884
23635883
23635378
23634335
23633875
23633874
23633872
23633850
23633832
23633787
23633786
23633785
23633784
23633780
23633778
23633777
23633776
23633768
23633766
23633764
23631112
23625067
23622411
23622398
23622320
23622185
23622177
23615395
23614985
23614951
23614950
23613295
23610864
23610088
23607099
23606995
23606994
23606993
23606851
23604055
23600220
23595242
23595238
23595237
23594784
23591870
23590109
23588863
23579915
23579912
23579909
23579908
23579906
23579904
23579901
23579894
23579893
23579892
23579891
23579886
23577262
23577067
23577057
23573427
23573214
23572031
23562260
23559117
23559116
23559115
23559113
23554928
23554848
23554814
23550331
23550329
23550327
23548886
23547723
23547492
23547491
23547489
23547488
23544074
23540218
23540089
23539905
23539609
23538765
23538761
23538760
23537519
23535642
23534522
23534304
23534053
23534051
23534046
23534045
23534041
23534039
23534036
23533834
23533828
23533825
23533824
23533822
23533677
23533414
23533412
23533364
23533017
23529334
23529318
23528405
23528404
23528402
23528127
23527125
23525455
23524908
23524600
23524445
23522141
23522126
23520524
23520494
23520396
23520395
23520390
23515150
23514524
23513548
23513547
23513543
23513393
23512289
23512240
23509462
23507680
23507679
23507678
23505858
23505856
23505854
23505853
23505553
23494738
23488428
23488427
23487477
23487408
23487351
23487169
23487005
23486224
23485656
23484046
23483404
23479585
23479201
23478273
23478271
23476856
23476818
23476817
23476816
23476815
23476814
23476813
23476658
23469040
23468644
23464573
23460882
23451172
23451077
23448465
23446448
23444165
23444164
23444162
23444159
23444156
23441523
23437597
23436645
23431255
23429078
23426587
23424721
23424685
23422680
23420857
23420851
23419267
23418610
23418470
23413627
23413586
23413203
23412871
23412537
23412461
23412400
23412137
23411764
23411596
23411506
23411467
23408792
23408777
23408742
23408498
23408469
23408174
23408157
23408140
23408107
23407684
23407579
23407405
23406692
23406626
23406606
23403579
23400554
23392942
23392929
23392087
23383540
23383537
23377486
23377080
23377075
23377074
23377073
23377067
23377065
23377062
23377056
23377055
23372724
23372708
23372699
23372650
23370889
23370888
23370883
23370882
23370881
23370872
23370869
23365763
23365668
23359629
23349981
23349585
23349584
23349583
23349582
23349581
23349580
23349579
23349577
23349576
23349575
23349572
23349571
23349568
23348449
23348347
23348343
23348335
23348317
23347522
23346425
23343804
23342357
23342355
23342353
23342351
23342350
23342349
23342347
23342345
23342342
23342339
23342334
23342333
23342331
23342330
23342167
23341909
23338910
23331139
23328193
23328190
23322846
23314472
23314468
23314467
23314465
23314464
23308100
23306627
23306517
23306496
23303628
23302364
23302363
23302359
23300963
23300955
23299653
23299652
23299650
23295210
23293923
23293375
23290023
23289576
23289575
23278147
23278146
23278145
23273772
23273370
23273369
23273367
23273365
23273364
23273363
23273361
23273359
23257979
23257929
23256646
23245834
23240873
23235388
23229260
23229258
23229255
23229254
23229253
23229249
23229247
23229245
23229243
23229238
23228275
23228274
23228272
23228271
23228270
23228268
23228267
23228265
23228264
23228263
23228257
23228255
23228253
23228252
23228250
23228249
23228248
23225906
23224410
23223101
23222001
23221986
23217535
23212472
23207512
23207320
23207237
23200090
23199576
23193976
23190330
23181466
23174610
23174609
23173801
23171756
23169412
23163915
23163601
23154864
23153291
23149241
23148139
23147531
23142096
23137342
23131531
23128033
23127822
23127630
23121262
23114032
23113510
23111902
23102801
23102800
23100273
23097120
23092745
23092320
23084870
23078868
23076035
23075471
23071071
23065683
23064961
23064960
23064808
23059626
23053846
23053492
23052835
23052330
23044508
23044403
23038674
23034514
23033313
23031442
23026747
23022547
23010375
23010373
23007138
23006823
23006129
23000507
22999964
22996395
22995904
22986813
22985354
22976999
22971997
22970656
22962852
22948511
22947104
22946875
22943482
22940629
22938189
22936399
22933533
22933529
22926482
22921833
22921447
22920539
22917805
22914207
22910675
22901827
22901648
22900881
22897705
22897247
22889920
22884630
22882712
22882571
22881462
22856681
22849749
22842638
22842637
22842636
22839964
22827478
22824249
22821150
22814896
22814894
22812912
22804777
22799527
22788541
22776413
22775227
22770483
22770481
22770433
22770432
22770430
22769438
22767324
22765388
22763203
22762946
22762448
22760229
22760228
22752318
22747565
22742471
22725261
22722005
22720793
22716279
22716278
22710741
22702958
22695872
22674471
22672267
22668314
22663196
22639824
22612390
22591261
22585381
22580557
22578281
22576667
22569685
22562450
22546942
22530802
22527908
22527907
22521108
22519715
22491942
22489562
22463707
22460738
22452573
22436022
22434499
22428903
22428573
22415217
22414261
22414258
22411260
22402617
22401531
22399242
22395767
22392163
22390550
22382449
22376155
22373779
22373776
22371122
22370616
22367394
22362553
22350492
22350425
22349932
22341741
22339289
22339260
22327817
22326946
22320229
22311659
22311579
22309243
22300069
22299811
22297612
22292517
22290063
22289073
22283436
22278014
22276809
22276749
22276649
22274875
22251406
22251143
22249846
22242550
22241876
22241869
22228465
22214400
22207501
22198709
22160238
22145978
22145914
21964484
21895556
21683667
