20301645
25905388
20086610
15828199
15779187
15696682
15348093
14743526
14743524
14702945
12886317
12714847
12666983
12666982
12666981
12608250
12608249
12608248
12523243
12523239
12075424
12017731
11920163
11908409
11908408
11908407
11908406
11908405
11908404
11908384
11908378
11908377
11908376
11908375
11908373
11908371
11908370
11908358
11908357
11908356
11908348
11908347
11908346
11908344
11908343
11885467
11836926
11831972
11831971
11831967
11831966
11831964
11831963
11831958
11831955
11831954
11831321
11831317
11831300
11831299
11831298
11831234
11799738
11712315
11712314
11712312
11708216
11505760
11505758
11505756
11505755
11484881
11460611
11460609
11460608
11460607
11460606
11460291
11460290
11460289
11460288
11460286
11460285
11460283
11460275
11452428
11404989
11404982
11404895
11404891
11404887
11404883
11402672
11402457
11396401
11381453
11370331
11359280
11359279
11359269
11359267
11359265
11359260
11351392
11351388
11351383
11347340
11347339
11338494
11338493
11326527
11326505
11326503
11324083
11324082
11323941
11323936
11323932
11323898
11323871
11323864
11323862
11323860
11323834
11323832
11323828
11317379
11317376
11317375
11317374
11317371
11314329
11314328
11314327
11314325
11314316
11314309
11314119
11314115
11314077
11307557
11307556
11307475
11307474
11307473
11307472
11307470
11307415
11307247
11307233
11264868
11264862
11243046
11243045
11243044
11243043
11229624
11218265
11218264
11217292
11217291
11215415
11213794
11212563
11211979
11210457
11205108
11204135
11203907
11203906
11203901
11203871
11203792
11203791
11203785
11203784
11203743
11203615
11203613
11203611
11203604
11203526
11203523
11203517
11202814
11202354
11200389
11199691
11199559
11199557
11199543
11197622
11197192
11194366
11194363
11194362
11194361
11194360
11189433
11186571
11186562
11185738
11168263
11168262
11168261
11168259
11168256
11156291
11155425
11140542
11140541
11135283
11132767
11132766
11126019
11126018
11123840
11113320
11109857
11109179
11108217
11108207
11108204
11107703
11104149
11074511
11061207
11061205
11057275
11051866
11051116
11039288
11039287
11039285
11039195
11037684
11037683
11037682
11030070
11021636
11021633
11021631
11018133
11014917
11014916
11005611
11001718
10997761
10997758
10979176
10977560
10974946
10974945
10968648
10964087
10961114
10961108
10961104
10961103
10961102
10961053
10961052
10961049
10960817
10953552
10951703
10950698
10949838
10949837
10949834
10948828
10938763
10932902
10932022
10923039
10920479
10912293
10902445
10899714
10898878
10898874
10898473
10894999
10893759
10889914
10884959
10879656
10879654
10879652
10868476
10863878
10863875
10861703
10859887
10850182
10850179
10850178
10850171
10842514
10838863
10824409
10819677
10812996
10805945
10796568
10791437
10783565
10783564
10774090
10772611
10771605
10768266
10744521
10743002
10743001
10741478
10738752
10738291
10738289
10738288
10738286
10737979
10736659
10736655
10736654
10734619
10734615
10734614
10730463
10730297
10730296
10730293
10730287
10730285
10730280
10701890
10697408
10695944
10695941
10695940
10695936
10695934
10695933
10695932
10695340
10693350
10693339
10692016
10690664
10690663
10690662
10690661
10690660
10690656
10690655
10680330
10680329
10674963
10674958
10674957
10673782
10671754
10670885
10670884
10670647
10670274
10669093
10669092
10669090
10669088
10666958
10666957
10663132
10662922
10662919
10662917
10661379
10656704
10654257
10654067
10654038
10650902
10649881
10649880
10649878
10649872
10649871
10649789
10649677
10647741
10643953
10635472
10635470
10634957
10634276
10633026
10633020
10632843
10632841
10632165
10632107
10632095
10630952
10630949
10630948
10630939
10629526
10629524
10629516
10629515
10627400
10627399
10618588
10618276
10615134
10608305
10603340
10601786
10601785
10601783
10601782
10601778
10601710
10654439
10654438
10636800
10644443
10644431
10642790
10607457
10581375
16163284
16163283
16163275
10592301
23119643
18473552
18324261
16032104
15048232
15048230
15048226
15048222
15048216
15048213
15048210
14634328
12160253
12045969
11930846
11800099
11800098
11800097
11800096
11800094
11410983
11410981
11372128
11372127
11372123
11314427
11314426
11149779
10941410
10907432
10907429
10907428
10904544
10895681
10895678
10863522
10863506
10863504
10863423
10863422
10863382
10863381
10863380
10863374
10863373
10863371
10850268
10850267
10850266
10850265
10850249
10850248
10850244
10850236
10850232
10825848
10825847
10825843
10825841
10825840
10825838
10825836
10825835
10822713
10822710
10815598
10815597
10815595
10815594
10815593
10815592
10815588
10815587
10815585
10815584
10815583
10815581
10803158
10803157
10803151
10803136
10803134
10803133
10803131
10803130
10791076
10789000
10786168
10786167
10786165
10786162
10777136
10777135
10765863
10765862
10765859
10765857
10765791
10765789
10765786
10755912
10740455
10740454
10726560
10726529
10726523
10726522
10726521
10726519
10709563
10709562
10709561
10709560
10703871
10695213
10693326
10693298
10693297
10693294
10693293
10693291
10687920
10687379
10687377
10687236
10687234
10687232
10674387
10674378
10672648
10669933
10669086
10669077
10669075
10666941
10665193
10665172
10658390
10656633
10655704
10655701
10652820
10646243
10646242
10643028
10638301
10637882
10637810
10633867
10633853
10632528
10632520
10630236
10625856
10625108
10625107
10625106
10620160
10620156
10620155
10618637
10613619
10613583
10611603
10610726
10609754
10609058
10608946
10603434
10602360
10601039
10600723
10600080
10600079
10600077
10600076
10600074
10600073
10599914
10599911
10599909
10599905
10599904
10599182
10599180
10598912
10598909
10598906
10597050
10596662
10595929
10594937
10593770
10593443
10593441
10590019
10589029
10588807
10588803
10588802
10588800
10588796
10587605
10587603
10587599
10587598
10587597
10587596
10587595
10587594
10587592
10581276
10581027
10580267
10570379
10570371
10567438
10561690
10539941
10630043
12167898
12167897
12167896
10959359
10540034
10729984
10729983
10729980
10729979
10729976
10606020
10568614
11015572
10556647
23505647
18324185
12539391
12539384
12539381
12539374
12016982
11933310
11933308
11776883
11776882
11776880
11776879
11776874
11533988
10860044
10860043
10853592
10853591
10853590
10853588
10850241
10823088
10823086
10823084
10823083
10823082
10823081
10815606
10815605
10815604
10815603
10815600
10806944
10806942
10806939
10806938
10806936
10806932
10803162
10780211
10768013
10765874
10765873
10765872
10765780
10757048
10748769
10726569
10726556
10726547
10726541
10726539
10726538
10726537
10726535
10726534
10709498
10709497
10709495
10709494
10709493
10709492
10700823
10656127
10656122
10650388
10633524
10633522
10633519
10633518
10633517
10633516
10633515
10633511
10628069
10628067
10626704
10625166
10619535
10615659
10612937
10612930
10612918
10611931
10605621
10598076
10597088
10596936
10593067
10591896
10590481
10589813
10589810
10589807
10588500
10588495
10588491
10588490
10587275
10587274
10587273
10587272
10587271
10587269
10586568
10583743
10583739
10583218
10580544
10580541
10580540
10580539
10580538
10580536
10580068
10576162
10574671
10573947
10573943
10573942
10573940
10573939
10566939
10559734
10559733
10559732
10559729
10559725
10559722
10559721
10559718
10556752
10555796
10553995
10547520
10547517
10547515
10547514
10547510
10547509
10547507
10545612
10545609
10535893
10534613
10534607
10533074
10529533
10529531
10529529
10529528
10529527
10529526
10529525
10528974
10528973
10528972
10528971
10526016
10521292
10516566
10514240
10514227
10508989
10716003
10716002
10581722
10581804
29086999
29086991
29086989
29086986
29086984
29086978
29086976
29086975
29086972
29086971
29086966
29086963
29086960
29086957
29086956
29086954
29086953
29086951
29086950
29086947
29086943
29086942
29086941
29086939
29086935
29086934
29086933
29086932
29086931
29086926
29086919
28790589
12666955
11992943
11992942
11819888
11725674
11725673
11725669
11199827
11199824
10853602
10853599
10853576
10850272
10850271
10825833
10825832
10825830
10825829
10825828
10825827
10823059
10776460
10765856
10765855
10765852
10765850
10765750
10734788
10731091
10731090
10726451
10726448
10709547
10709544
10709538
10709516
10709509
10687531
10687527
10687526
10687524
10687522
10687520
10683806
10682328
10682325
10650376
10649916
10649912
10649911
10649910
10614907
10614904
10614902
10604219
10604009
10590898
10580861
10575817
10574532
10571756
10570594
10570592
10570589
10568253
10565113
10565096
10565095
10565093
10565091
10565089
10565088
10565087
10565086
10564441
10561717
10561716
10560209
10560206
10555543
10553251
10553246
10553245
10551177
10551154
10551059
10551058
10549398
10546079
10543652
10536052
10535589
10535540
10534077
10534072
10534070
10531614
10530921
10530914
10527211
10525195
10522781
10522775
10522773
10520970
10520969
10520964
10520963
10520946
10520159
10519763
10519761
10519760
10519751
10519748
10519506
10517795
10515206
10515202
10515201
10515195
10515145
10515144
10515142
10513867
10512969
10512965
10512958
10512957
10511670
10511669
10511665
10511339
10511337
10511333
10510968
10509432
10503798
10503796
10503790
10502832
10501802
10498698
10491544
10491256
10487913
10481840
10400885
10533277
16862109
10477806
10480909
10499586
10499585
10496139
10586286
10586283
10586282
10586281
10586280
10586278
10586276
10586273
10586272
10586265
10586263
10586262
10586261
10586259
10586257
10586256
10586255
10586254
10586252
10586250
10586244
10586243
10586241
10586234
10586233
10586231
10586229
10586228
10586227
10586224
10586223
10586222
10520544
10520543
10520538
10489052
10473608
10397987
10592136
20921671
15348102
15048264
15048256
15048248
12160257
12160256
12086416
11905324
11905323
11905322
11776901
11776897
11776889
11533980
11533976
11372155
11372152
11372151
10895654
10863521
10863519
10863503
10863502
10863500
10863499
10863498
10863497
10863433
10860071
10860069
10860053
10860052
10853585
10853583
10853579
10823078
10823077
10823076
10823074
10823072
10815580
10815578
10815576
10815575
10815574
10815572
10803127
10803124
10786187
10765887
10765871
10765868
10765867
10765865
10765864
10765775
10765774
10765772
10740515
10740503
10726517
10710295
10709526
10709520
10709519
10709518
10709517
10692837
10687545
10687544
10687540
10687539
10687537
10687534
10687533
10687480
10657768
10654739
10649956
10649953
10641078
10641077
10641075
10638173
10638169
10631894
10631893
10631709
10624386
10624384
10610025
10610024
10609289
10597365
10597363
10597361
10597360
10597350
10592563
10592562
10592561
10592560
10579626
10554412
10554411
10551116
10551114
10551113
10551112
10551111
10551110
10551108
10541586
10540851
10535291
10535290
10535289
10535288
10535284
10532161
10531748
10531746
10531733
10529041
10529029
10521851
10521839
10520152
10520149
10520148
10520147
10520142
10512391
10512388
10512386
10512382
10509339
10509334
10509333
10509330
10509329
10508842
10507795
10507209
10507207
10507206
10507203
10505951
10505815
10505808
10505800
10505748
10505225
10503973
10503869
10503867
10503855
10502066
10501668
10499408
10499402
10496999
10496991
10495270
10492540
10492539
10490750
10490743
10490469
10489607
10489168
10488986
10488903
10487314
10487313
10487312
10487306
10487071
10486961
10486944
10486941
10486940
10486939
10484109
10483786
10482261
10479266
10479263
10479256
10479255
10479253
10478958
10478957
10474167
10474109
10474108
10474107
10474105
10474103
10473650
10471160
10471159
10464071
10463343
10460966
10460959
10460958
10460957
10460836
10460766
10460497
10449540
10441684
10441578
10513114
10513112
10513111
10513105
10521546
10481368
10481364
29539859
28565529
28308013
28308012
19078389
15348118
12539303
12539302
12539299
12539298
12539296
12539291
12539282
11930424
11411085
11411083
11411082
11411080
11141614
10858759
10851345
10815570
10815568
10815567
10815564
10815563
10815562
10778637
10709507
10709505
10709503
10709502
10709500
10686902
10654680
10649952
10649951
10649950
10649928
10649927
10649925
10649924
10649923
10649921
10649920
10635272
10635265
10635222
10635220
10635219
10635218
10633886
10633885
10626254
10570619
10557516
10551906
10551168
10551164
10551126
10551125
10551124
10551121
10551119
10551076
10551071
10542473
10540935
10540933
10540930
10540929
10534992
10534990
10534989
10529060
10522322
10517254
10507464
10507460
10502966
10502905
10502903
10502899
10496039
10491936
10491930
10491926
10488751
10477005
10476903
10476900
10476890
10476888
10475647
10475645
10475644
10475643
10475140
10474898
10470497
10468471
10468469
10468466
10467947
10467946
10467939
10467937
10467506
10463067
10462910
10462184
10461844
10460895
10459265
10456607
10456606
10456605
10456597
10452211
10451742
10451204
10451134
10450811
10450808
10447825
10447822
10447819
10447818
10446266
10446036
10444355
10444352
10439028
10434093
10434092
10434089
10434088
10432195
10432194
10431242
10431241
10430839
10424989
10424986
10424982
10424981
10424979
10424977
10423264
10423263
10420163
10420157
10415326
10415156
10403088
10403087
10403086
10403084
10403083
10399413
10399411
10399410
10376327
10481264
10464989
10464988
10464985
10464980
10415329
10405288
10398294
10397750
10458576
10452188
10452187
10452185
10395903
10395899
10393544
10403786
11930373
11930370
11819878
11819874
11819873
11819872
11776918
11776914
11776913
11776910
11725682
11725680
11725679
11725678
11725677
11351485
11038667
10863462
10823070
10823069
10823068
10823067
10823066
10823065
10823058
10823033
10823031
10806947
10776480
10765881
10765762
10765760
10765759
10756954
10687519
10687518
10687517
10687514
10687513
10687512
10687507
10687505
10687504
10687503
10687471
10687470
10687468
10687467
10687462
10686883
10650407
10650405
10650381
10649590
10649589
10649588
10649586
10635264
10635263
10635204
10635203
10635200
10634113
10634112
10596624
10596623
10589393
10587015
10568109
10568106
10568105
10567949
10567947
10567946
10559902
10555859
10551728
10551138
10551137
10551136
10551134
10551129
10551128
10551127
10551096
10551094
10551088
10539210
10535022
10529873
10529872
10529871
10529865
10528524
10516926
10512189
10495661
10489730
10483070
10481859
10477382
10475153
10474270
10472549
10464680
10463827
10461774
10457875
10455390
10455385
10455382
10453676
10453666
10453663
10448549
10448254
10447165
10445481
10442953
10442951
10442937
10440645
10440642
10440632
10439967
10439483
10436487
10436478
10436476
10432614
10432601
10431849
10427420
10426602
10426598
10424854
10423036
10423020
10422405
10422403
10419821
10415363
10415313
10414872
10414871
10413553
10412850
10412849
10412846
10411340
10407466
10404989
10404027
10403461
10403459
10403456
10402985
10398324
10398323
10395005
10393587
10393585
10393577
10393575
10393574
10384170
10384161
10379869
10379793
10377613
10377609
10377607
10377606
10374219
10369870
10369826
10369734
10364528
10357935
10343089
10343088
10443570
10415738
10425806
10375683
10386553
10405472
10405470
10399507
10371530
10340647
28247006
15819085
15819082
15348140
15348132
15335496
15048292
15048291
15048287
15048284
15048283
15048276
15048275
15048269
14685977
12569658
12141228
11372093
11372092
11276740
11276739
11276735
11276734
11199832
11199831
11199830
11199829
10955145
10865385
10865384
10865381
10865379
10863515
10863514
10863495
10863493
10863492
10858751
10858750
10858746
10858745
10858744
10846650
10812405
10805321
10803118
10786131
10774700
10765847
10765846
10765756
10740509
10709556
10709555
10657495
10650370
10650368
10650367
10650366
10649938
10649937
10649934
10649933
10649932
10649929
10641066
10641065
10641060
10635281
10635276
10635275
10635274
10635273
10635245
10635171
10635168
10549220
10549219
10549215
10539224
10535019
10535018
10530286
10530284
10530251
10530250
10530248
10530245
10530241
10530240
10530224
10530219
10530217
10530159
10530158
10530157
10530156
10530155
10530154
10530153
10530151
10522395
10522393
10522392
10522226
10522178
10517263
10495712
10493025
10484152
10484135
10480283
10480278
10480277
10474993
10473130
10473125
10462223
10453130
10452167
10452164
10452161
10450884
10450781
10435439
10435438
10435437
10432186
10431310
10429409
10424387
10424386
10424381
10424380
10424379
10424378
10423922
10423921
10423920
10420247
10420243
10420241
10414668
10407540
10407539
10407535
10407533
10407532
10407531
10402726
10402715
10402714
10401529
10400924
10399758
10397673
10397672
10397670
10397667
10397664
10397659
10397653
10397525
10397520
10397519
10397518
10397183
10397176
10396694
10385844
10385359
10385358
10385357
10385356
10382620
10382580
10382579
10382578
10382577
10382572
10382293
10381252
10379305
10378459
10378071
10377643
10377639
10377638
10377635
10371436
10371433
10371423
10371247
10371245
10371244
10369204
10368088
10366086
10355940
10352116
10352091
10347363
10347362
10347358
10347354
10347353
10341024
10330345
10330342
10329755
10329486
10413978
10336411
10346903
10379086
10379082
10379081
10418169
10371014
10331943
10234007
10365496
10365494
10365491
10320712
10213037
29847871
15251687
12539718
12539711
12539702
12539701
12539699
12539694
12141227
11930369
11930368
11930367
11930365
11930364
11930363
11930362
11930361
11930360
11930359
11776934
11776933
11776929
11776927
11776926
10863461
10863410
10860077
10825816
10793833
10765838
10765836
10765768
10765767
10765766
10765764
10740475
10740474
10740469
10687444
10687443
10673446
10635240
10635239
10635234
10635196
10635191
10635190
10635188
10530280
10530279
10530278
10530275
10530274
10530268
10530267
10530266
10530264
10530263
10530259
10530255
10530214
10530213
10530209
10530208
10530207
10530205
10530204
10530203
10530161
10488490
10476360
10472263
10456369
10444742
10414097
10414083
10414075
10412133
10410906
10410905
10410904
10409837
10408121
10399543
10399538
10396958
10396869
10394751
10391502
10391500
10391499
10390891
10386003
10382214
10379338
10379114
10379107
10373092
10373082
10371381
10368061
10368060
10368059
10368056
10367984
10363555
10360513
10356705
10355625
10355624
10355623
10355622
10355620
10355619
10355616
10355016
10355014
10355010
10355005
10353787
10353644
10353494
10348525
10348524
10348523
10348520
10348512
10348511
10348385
10348158
10342468
10340755
10333255
10332132
10323695
10322056
10319895
10319829
10319825
10319777
10319279
10231882
10229894
10229893
10229891
10229884
10229880
10226687
10225844
10225843
10222168
10222167
10220674
10220673
10220667
10220658
10220656
10214706
10212320
10212319
10209165
10209163
10207202
10207201
10207200
10207199
10207195
10207193
10207192
10207191
10203417
10203411
10193110
10193106
10193103
10193102
10212191
10205290
10365462
10365457
10365455
10227632
10227293
10205124
10327530
10231921
10215628
10191051
10208131
10333637
10222698
28565412
16506530
11933360
11933359
11933355
11819886
11725689
11725688
11692339
11411078
11411076
11411075
11411074
11411073
11351494
11351490
11314236
11189978
11189975
11095764
10885855
10865394
10865393
10865391
10863471
10858743
10858742
10858740
10740490
10739578
10715764
10686874
10686873
10686872
10686870
10686869
10686867
10686866
10686865
10686864
10686863
10635253
10635251
10635250
10635186
10635183
10635179
10634121
10613126
10528561
10528549
10518916
10518915
10504875
10499087
10477990
10477989
10477988
10477987
10477986
10477984
10477983
10474465
10445367
10445366
10445365
10445361
10445360
10431537
10425952
10425950
10425949
10425945
10425943
10425941
10416155
10416150
10412160
10396546
10389367
10384882
10379296
10379293
10379292
10379291
10379280
10379279
10379278
10379277
10379276
10379275
10379274
10379273
10379272
10379271
10372553
10371308
10369162
10367695
10365373
10361405
10348364
10348362
10348357
10342695
10342411
10339979
10336147
10334079
10328659
10328655
10328653
10328651
10327734
10326735
10326734
10326733
10326731
10326726
10235367
10234575
10233203
10232858
10232857
10232461
10232457
10229390
10229388
10227560
10227557
10227556
10227553
10226726
10226723
10226721
10225635
10225634
10225633
10224721
10223394
10223392
10223389
10221549
10219749
10219629
10218254
10208264
10203910
10203907
10203902
10203254
10202097
10201116
10199489
10194288
10194284
10194283
10194282
10194279
10194276
10095222
10095216
10095207
10095205
10087298
11939011
10230104
10230101
10102454
10102430
10102421
10099021
10066283
10066256
10205973
10205972
10205971
10205968
10189194
10078755
10078742
10089094
10053178
10051682
29847870
24584815
15512250
15335504
15048329
15048320
15048303
14617895
12953984
12553269
12205912
11834179
11834175
11834174
11833113
11833110
11833109
11692335
11692333
11692331
11372101
11372098
11148984
10927266
10865377
10863517
10863516
10863487
10863485
10863481
10808355
10709694
10697355
10697353
10697351
10687497
10687495
10686905
10551102
10522197
10522191
10522190
10522185
10518890
10518393
10483445
10483444
10478017
10476913
10442117
10435147
10435146
10435145
10434896
10431623
10431622
10431620
10431618
10431617
10431616
10418227
10418226
10401348
10388417
10378041
10371937
10371922
10371915
10371913
10371912
10371911
10371910
10371909
10371905
10371904
10371901
10371900
10368576
10368575
10364869
10356574
10356571
10356570
10356567
10356557
10336719
10336718
10336717
10336716
10336715
10336713
10336712
10336711
10333887
10333886
10333885
10332150
10332148
10332145
10332142
10331193
10330497
10330496
10330494
10321232
10321226
10321188
10321186
10321183
10321182
10321181
10321180
10321178
10321177
10321176
10235387
10234542
10230733
10230157
10225693
10225550
10225548
10225542
10217912
10217519
10217517
10217516
10217515
10217511
10217019
10217014
10217011
10216891
10214677
10214673
10213061
10213059
10212549
10212542
10212537
10212534
10208077
10207986
10205985
10204840
10202414
10199159
10197341
10197340
10197337
10197332
10196115
10194737
10194736
10194734
10194733
10194731
10188383
10102604
10102602
10102592
10102590
10102589
10100410
10100046
10100044
10100043
10100040
10100038
10098272
10096686
10096684
10096680
10096456
10096449
10096447
10091498
10090631
10088019
10086719
10085658
10085657
10079629
10079622
10077209
10076583
10075520
10070715
10069541
10068089
10066982
10066981
10066974
10051233
10050126
10050125
10050124
10050123
10050122
10050119
10050116
10050114
10050112
10024594
10024561
10024382
10205954
10082860
10069716
9990066
10101910
10101905
10082839
10085568
10085563
9933161
12539324
12539323
12539320
12539319
12539316
11930341
11930340
11692330
11692325
10887473
10887471
10887469
10765813
10557181
10557179
10557177
10522177
10522174
10478000
10477997
10477996
10477994
10477991
10408162
10388449
10388446
10379290
10379289
10379288
10379284
10356563
10356561
10356560
10323131
10321377
10321221
10234253
10227739
10226313
10219155
10219153
10219152
10219150
10219149
10219148
10214033
10214032
10207837
10207537
10207534
10207442
10206333
10206332
10206329
10204475
10204474
10204472
10204470
10204466
10204465
10204464
10204462
10204444
10204443
10204442
10204441
10203227
10196789
10196788
10191582
10191580
10191579
10191577
10191576
10191575
10102753
10102752
10102749
10102560
10102559
10102554
10102550
10102216
10098408
10091276
10090659
10089699
10086929
10086928
10086926
10086925
10086924
10086921
10081141
10080315
10080314
10080307
10080305
10080096
10079894
10079621
10078969
10071471
10071470
10071465
10071100
10071056
10069185
10065654
10065641
10052385
10052380
10052375
10048647
10048644
10048643
10048640
10048639
10036846
10029469
10029467
10029466
10029465
10029464
10022584
10022188
10022187
10022185
10022184
10022179
10022178
9988384
9973284
9971928
9971927
9971921
9971920
9929384
9929124
9927592
9925746
9925706
9922442
9922437
9922436
9922429
9922426
9922425
9876178
10023687
9950424
10098260
9951366
10079577
10079575
10079573
9923879
9934986
9890631
29847873
22235492
17219876
16886453
16801086
12905914
12905913
12905912
12818102
12723165
12089756
12089754
11930841
11930836
11912644
11908410
11908399
11908396
11908395
11908394
11908393
11908350
11776537
11776533
11776528
11776526
11725663
11725660
11725659
11625678
11533971
11533954
11396046
11396039
11367190
11360322
11359311
11359308
11359297
11351452
11315410
11315406
11264824
11264817
11220165
11205791
11205748
11199840
11199839
11199838
11195157
11143389
11143363
11080986
10909496
10909495
10909493
10901604
10901603
10888484
10876718
10876714
10865387
10863456
10863397
10863396
10863393
10863392
10863387
10863385
10860033
10860032
10847965
10847959
10847148
10843003
10841456
10829821
10825882
10825881
10825880
10825878
10825874
10825871
10825869
10825868
10825867
10825866
10825865
10825864
10825863
10825862
10825860
10825858
10825857
10825856
10825855
10825854
10825853
10823026
10806952
10806951
10797999
10797998
10770685
10770649
10765794
10759425
10759421
10759417
10759416
10759415
10759412
10759411
10759408
10754381
10752461
10752459
10752453
10752447
10742957
10716658
10709566
10709484
10687085
10686925
10686861
10686860
10686859
10686858
10686857
10686855
10686854
10686839
10665235
10651579
10649945
10649944
10649942
10649941
10642096
10635155
10634581
10631927
10607996
10605277
10605094
10602452
10601984
10593125
10590702
10590700
10582212
10572620
10556850
10551142
10551054
10546418
10546417
10546416
10546415
10546414
10545668
10541797
10538404
10535008
10533397
10533383
10531584
10530273
10530272
10530271
10530270
10530269
10516807
10516806
10515780
10514831
10513037
10490682
10489868
10484719
10483460
10483459
10483454
10483423
10483396
10483395
10481598
10462945
10462837
10453219
10453218
10450640
10450638
10450141
10447472
10445010
10442687
10431345
10431342
10426528
10425933
10420681
10416360
10403906
10399179
10394215
10394211
10391779
10380282
10380281
10378148
10371002
10368613
10368612
10368605
10368597
10360208
10356949
10356945
10356787
10356470
10356469
10356468
10356467
10356466
10356465
10356463
10356460
10356458
10356440
10346527
10337326
10337298
10337295
10337294
10337292
10337289
10337288
10337285
10337267
10337266
10336047
10323160
10323159
10323158
10323156
10323155
10321158
10321156
10321150
10232706
10225008
10224913
10224903
10223890
10220981
10220980
10220979
10220977
10220155
10218059
10218055
10218048
10218000
10212996
10207904
10207899
10204460
10204458
10204457
10204456
10204454
10204453
10204452
10204451
10202475
10200911
10200097
10196835
10196832
10196830
10196828
10196823
10193181
10193180
10100294
10086885
10086882
10086880
10081578
10081573
10081556
10081554
10080325
10079700
10079506
10078043
10077968
10077960
10075150
10075145
10075144
10074754
10074752
10074749
10073277
10071499
10070782
10067765
10065942
10065941
10052770
10052769
10052768
10052767
10052766
10050954
10048676
10048666
10029968
10029967
10029964
10029962
10027482
9987661
9974144
9973768
9973764
9934932
9934425
9933734
9933730
9931361
9929981
9929806
9929805
9929804
9929803
9929801
9929800
9929799
9929798
9929797
9929796
9927089
9927087
9927085
9927076
9924134
9924133
9924132
9923510
9923509
9923507
9923503
9922641
9922614
9922613
9922612
9922611
9922609
9922608
9920267
9919367
9919036
9919032
9918250
9894872
9892778
9892777
9892776
9890607
9890345
9888385
9883862
9878971
9878970
9878962
9878958
9878957
9878955
9878954
9864313
9831784
9831783
9831779
9831777
9831775
